35	28	6	15	20	0	18	12	22	19	26	8	27	7	11	10	21	9	74	1	25	33	14	17	2	54	16	79	43	13	87	56	38	69	50	32	36	30	61	34	31	5	57	78	76	90	51	29	3	4	44	24	59	40	41	23	82	48	67	45	84	92	91	88	52	86	68	66	77	73	53	65	37	81	72	70	58	46	71	64	47	55	89	62	63	83	39	49	80	60	75	85	42	
35	28	0.007326007326007326
35	6	0.007326007326007326
35	15	0.007326007326007326
35	20	0.007326007326007326
35	0	0.010989010989010988
35	18	0.007326007326007326
35	12	0.010989010989010988
35	22	0.010989010989010988
35	19	0.007326007326007326
35	26	0.003663003663003663
35	8	0.007326007326007326
35	27	0.003663003663003663
35	7	0.007326007326007326
35	11	0.007326007326007326
35	10	0.007326007326007326
35	21	0.007326007326007326
35	9	0.007326007326007326
35	74	0.003663003663003663
35	16	0.003663003663003663
35	68	0.003663003663003663
35	56	0.003663003663003663
35	30	0.003663003663003663
35	3	0.003663003663003663
35	52	0.003663003663003663
35	1	0.003663003663003663
35	75	0.003663003663003663
35	88	0.003663003663003663
35	13	0.003663003663003663
74	27	0.00904977375565611
74	19	0.013574660633484163
74	1	0.004524886877828055
74	6	0.00904977375565611
74	11	0.006787330316742082
74	21	0.004524886877828055
74	25	0.004524886877828055
74	22	0.004524886877828055
74	28	0.00904977375565611
74	7	0.0022624434389140274
74	26	0.004524886877828055
74	33	0.004524886877828055
74	10	0.004524886877828055
74	20	0.004524886877828055
74	18	0.0022624434389140274
74	2	0.004524886877828055
74	76	0.0022624434389140274
74	90	0.0022624434389140274
74	35	0.0022624434389140274
74	51	0.0022624434389140274
74	29	0.0022624434389140274
74	3	0.0022624434389140274
33	11	0.02857142857142857
33	14	0.05714285714285714
33	17	0.02857142857142857
33	1	0.08571428571428572
33	26	0.11428571428571428
33	12	0.02857142857142857
33	8	0.14285714285714285
33	2	0.05714285714285714
33	21	0.02857142857142857
33	10	0.02857142857142857
33	27	0.05714285714285714
33	0	0.05714285714285714
33	54	0.02857142857142857
33	50	0.02857142857142857
33	74	0.02857142857142857
33	25	0.02857142857142857
33	13	0.02857142857142857
33	4	0.02857142857142857
33	87	0.02857142857142857
33	41	0.02857142857142857
33	84	0.02857142857142857
33	29	0.02857142857142857
54	16	0.05357142857142857
54	7	0.03571428571428571
54	26	0.07142857142857142
54	12	0.08928571428571429
54	6	0.05357142857142857
54	11	0.05357142857142857
54	15	0.03571428571428571
54	17	0.07142857142857142
54	18	0.03571428571428571
54	8	0.07142857142857142
54	10	0.03571428571428571
54	19	0.03571428571428571
54	28	0.03571428571428571
54	27	0.03571428571428571
54	14	0.017857142857142856
54	35	0.017857142857142856
54	79	0.017857142857142856
54	43	0.017857142857142856
54	13	0.05357142857142857
54	87	0.017857142857142856
54	9	0.017857142857142856
54	20	0.03571428571428571
54	56	0.017857142857142856
54	25	0.017857142857142856
54	38	0.017857142857142856
54	22	0.017857142857142856
54	69	0.017857142857142856
79	7	0.03773584905660377
79	19	0.03773584905660377
79	6	0.03773584905660377
79	27	0.05660377358490566
79	28	0.07547169811320754
79	8	0.07547169811320754
79	11	0.03773584905660377
79	1	0.018867924528301886
79	33	0.03773584905660377
79	20	0.03773584905660377
79	21	0.07547169811320754
79	74	0.018867924528301886
79	70	0.018867924528301886
79	66	0.018867924528301886
79	25	0.22641509433962265
79	5	0.018867924528301886
79	3	0.018867924528301886
79	68	0.018867924528301886
79	16	0.018867924528301886
79	23	0.018867924528301886
79	26	0.05660377358490566
79	10	0.018867924528301886
79	44	0.018867924528301886
43	8	0.0392156862745098
43	26	0.0784313725490196
43	22	0.0196078431372549
43	4	0.0392156862745098
43	3	0.0196078431372549
43	2	0.0392156862745098
43	21	0.09803921568627451
43	5	0.058823529411764705
43	11	0.0196078431372549
43	28	0.058823529411764705
43	6	0.0392156862745098
43	30	0.0196078431372549
43	1	0.0392156862745098
43	27	0.0392156862745098
43	20	0.0392156862745098
43	0	0.0392156862745098
43	32	0.0196078431372549
43	55	0.0196078431372549
43	12	0.0196078431372549
43	10	0.058823529411764705
43	89	0.0392156862745098
43	70	0.0196078431372549
43	62	0.0196078431372549
43	15	0.0392156862745098
43	24	0.0196078431372549
43	63	0.0196078431372549
43	13	0.0196078431372549
43	17	0.0196078431372549
87	18	0.04081632653061224
87	27	0.08163265306122448
87	19	0.02040816326530612
87	20	0.061224489795918366
87	21	0.02040816326530612
87	28	0.08163265306122448
87	6	0.04081632653061224
87	34	0.04081632653061224
87	26	0.04081632653061224
87	22	0.04081632653061224
87	0	0.04081632653061224
87	2	0.02040816326530612
87	44	0.02040816326530612
87	11	0.10204081632653061
87	7	0.061224489795918366
87	12	0.02040816326530612
87	8	0.10204081632653061
87	24	0.02040816326530612
87	59	0.02040816326530612
87	51	0.02040816326530612
87	9	0.02040816326530612
87	40	0.02040816326530612
87	3	0.02040816326530612
87	35	0.02040816326530612
87	1	0.02040816326530612
56	27	0.002232142857142857
56	19	0.004464285714285714
56	18	0.002232142857142857
56	10	0.006696428571428571
56	35	0.006696428571428571
56	17	0.004464285714285714
56	28	0.004464285714285714
56	11	0.004464285714285714
56	21	0.002232142857142857
56	26	0.006696428571428571
56	25	0.004464285714285714
56	0	0.004464285714285714
56	15	0.002232142857142857
56	12	0.004464285714285714
56	70	0.002232142857142857
56	29	0.002232142857142857
56	16	0.002232142857142857
56	33	0.002232142857142857
56	22	0.002232142857142857
56	41	0.002232142857142857
56	30	0.002232142857142857
56	37	0.002232142857142857
56	59	0.002232142857142857
56	20	0.006696428571428571
56	1	0.002232142857142857
56	6	0.002232142857142857
56	2	0.002232142857142857
56	42	0.002232142857142857
56	5	0.002232142857142857
38	25	0.03333333333333333
38	11	0.06666666666666667
38	1	0.03333333333333333
38	19	0.03333333333333333
38	28	0.03333333333333333
38	0	0.03333333333333333
38	6	0.16666666666666666
38	16	0.016666666666666666
38	26	0.16666666666666666
38	27	0.2
38	48	0.016666666666666666
38	5	0.016666666666666666
38	7	0.03333333333333333
38	22	0.016666666666666666
38	18	0.016666666666666666
38	92	0.016666666666666666
38	17	0.03333333333333333
38	82	0.016666666666666666
38	14	0.016666666666666666
38	2	0.016666666666666666
38	20	0.016666666666666666
50	21	0.06060606060606061
50	22	0.09090909090909091
50	25	0.06060606060606061
50	6	0.12121212121212122
50	0	0.06060606060606061
50	14	0.030303030303030304
50	32	0.06060606060606061
50	27	0.06060606060606061
50	28	0.06060606060606061
50	36	0.030303030303030304
50	2	0.030303030303030304
50	30	0.030303030303030304
50	61	0.030303030303030304
50	15	0.06060606060606061
50	34	0.030303030303030304
50	31	0.030303030303030304
50	9	0.030303030303030304
50	16	0.030303030303030304
50	5	0.030303030303030304
50	57	0.030303030303030304
50	78	0.030303030303030304
32	16	0.06521739130434782
32	25	0.08695652173913043
32	19	0.043478260869565216
32	28	0.10869565217391304
32	8	0.06521739130434782
32	22	0.06521739130434782
32	0	0.021739130434782608
32	14	0.021739130434782608
32	13	0.043478260869565216
32	12	0.043478260869565216
32	7	0.043478260869565216
32	26	0.043478260869565216
32	11	0.021739130434782608
32	1	0.021739130434782608
32	29	0.021739130434782608
32	3	0.06521739130434782
32	86	0.021739130434782608
32	61	0.021739130434782608
32	10	0.021739130434782608
32	18	0.043478260869565216
32	76	0.021739130434782608
32	51	0.021739130434782608
32	41	0.021739130434782608
32	2	0.021739130434782608
32	40	0.021739130434782608
36	2	0.07017543859649122
36	11	0.05263157894736842
36	0	0.07017543859649122
36	25	0.017543859649122806
36	19	0.07017543859649122
36	20	0.07017543859649122
36	31	0.05263157894736842
36	8	0.03508771929824561
36	1	0.017543859649122806
36	28	0.07017543859649122
36	26	0.017543859649122806
36	21	0.07017543859649122
36	22	0.07017543859649122
36	3	0.017543859649122806
36	62	0.017543859649122806
36	66	0.017543859649122806
36	58	0.017543859649122806
36	76	0.017543859649122806
36	18	0.05263157894736842
36	4	0.017543859649122806
36	67	0.017543859649122806
36	55	0.017543859649122806
36	10	0.03508771929824561
36	29	0.03508771929824561
36	12	0.017543859649122806
36	32	0.017543859649122806
36	9	0.017543859649122806
30	19	0.027777777777777776
30	22	0.05555555555555555
30	27	0.027777777777777776
30	26	0.1111111111111111
30	2	0.027777777777777776
30	11	0.027777777777777776
30	0	0.05555555555555555
30	25	0.05555555555555555
30	21	0.05555555555555555
30	7	0.05555555555555555
30	3	0.05555555555555555
30	4	0.05555555555555555
30	17	0.027777777777777776
30	72	0.027777777777777776
30	60	0.05555555555555555
30	30	0.05555555555555555
30	24	0.027777777777777776
30	12	0.027777777777777776
30	75	0.027777777777777776
30	88	0.027777777777777776
30	13	0.027777777777777776
30	34	0.027777777777777776
30	85	0.027777777777777776
30	15	0.027777777777777776
61	6	0.03636363636363636
61	23	0.05454545454545454
61	25	0.05454545454545454
61	27	0.03636363636363636
61	15	0.05454545454545454
61	28	0.07272727272727272
61	11	0.05454545454545454
61	35	0.03636363636363636
61	8	0.07272727272727272
61	26	0.03636363636363636
61	21	0.01818181818181818
61	18	0.03636363636363636
61	0	0.03636363636363636
61	24	0.03636363636363636
61	34	0.01818181818181818
61	36	0.03636363636363636
61	69	0.01818181818181818
61	43	0.01818181818181818
61	22	0.03636363636363636
61	1	0.03636363636363636
61	45	0.01818181818181818
61	19	0.03636363636363636
61	9	0.01818181818181818
61	77	0.01818181818181818
61	92	0.01818181818181818
61	4	0.01818181818181818
61	10	0.03636363636363636
61	3	0.03636363636363636
34	17	0.06382978723404255
34	16	0.02127659574468085
34	8	0.0851063829787234
34	26	0.0425531914893617
34	10	0.02127659574468085
34	19	0.0425531914893617
34	27	0.0425531914893617
34	13	0.0425531914893617
34	6	0.0425531914893617
34	12	0.02127659574468085
34	20	0.0425531914893617
34	21	0.02127659574468085
34	15	0.0425531914893617
34	0	0.0425531914893617
34	11	0.0425531914893617
34	7	0.0425531914893617
34	2	0.06382978723404255
34	91	0.02127659574468085
34	67	0.02127659574468085
34	59	0.06382978723404255
34	70	0.02127659574468085
34	92	0.0425531914893617
34	3	0.02127659574468085
34	5	0.02127659574468085
34	41	0.02127659574468085
34	33	0.02127659574468085
34	35	0.02127659574468085
31	2	0.10256410256410256
31	25	0.07692307692307693
31	20	0.05128205128205128
31	11	0.05128205128205128
31	27	0.10256410256410256
31	19	0.05128205128205128
31	0	0.07692307692307693
31	6	0.05128205128205128
31	22	0.05128205128205128
31	21	0.05128205128205128
31	28	0.05128205128205128
31	32	0.02564102564102564
31	36	0.02564102564102564
31	35	0.02564102564102564
31	9	0.02564102564102564
31	29	0.02564102564102564
31	10	0.02564102564102564
31	4	0.02564102564102564
31	5	0.02564102564102564
31	30	0.02564102564102564
31	55	0.02564102564102564
31	69	0.02564102564102564
76	0	0.015151515151515152
76	32	0.045454545454545456
76	19	0.06060606060606061
76	11	0.030303030303030304
76	28	0.030303030303030304
76	7	0.030303030303030304
76	8	0.030303030303030304
76	2	0.030303030303030304
76	27	0.18181818181818182
76	6	0.10606060606060606
76	25	0.10606060606060606
76	26	0.07575757575757576
76	15	0.030303030303030304
76	37	0.015151515151515152
76	10	0.015151515151515152
76	21	0.06060606060606061
76	22	0.015151515151515152
76	40	0.015151515151515152
76	18	0.030303030303030304
76	35	0.030303030303030304
76	20	0.015151515151515152
76	13	0.015151515151515152
76	3	0.015151515151515152
51	28	0.05714285714285714
51	11	0.02857142857142857
51	27	0.05714285714285714
51	21	0.11428571428571428
51	20	0.05714285714285714
51	6	0.05714285714285714
51	24	0.05714285714285714
51	15	0.05714285714285714
51	17	0.02857142857142857
51	19	0.14285714285714285
51	76	0.02857142857142857
51	59	0.02857142857142857
51	2	0.05714285714285714
51	3	0.05714285714285714
51	9	0.02857142857142857
51	1	0.02857142857142857
51	81	0.02857142857142857
51	65	0.02857142857142857
51	23	0.02857142857142857
51	5	0.02857142857142857
29	21	0.06896551724137931
29	20	0.05172413793103448
29	17	0.05172413793103448
29	3	0.017241379310344827
29	26	0.034482758620689655
29	10	0.06896551724137931
29	25	0.034482758620689655
29	2	0.06896551724137931
29	15	0.034482758620689655
29	11	0.05172413793103448
29	12	0.034482758620689655
29	1	0.017241379310344827
29	8	0.017241379310344827
29	28	0.034482758620689655
29	27	0.034482758620689655
29	6	0.034482758620689655
29	0	0.034482758620689655
29	19	0.034482758620689655
29	50	0.017241379310344827
29	88	0.017241379310344827
29	22	0.06896551724137931
29	13	0.034482758620689655
29	16	0.017241379310344827
29	35	0.017241379310344827
29	18	0.017241379310344827
29	52	0.017241379310344827
29	76	0.017241379310344827
29	86	0.017241379310344827
29	61	0.017241379310344827
29	4	0.017241379310344827
40	11	0.08108108108108109
40	22	0.05405405405405406
40	8	0.05405405405405406
40	6	0.10810810810810811
40	2	0.02702702702702703
40	27	0.05405405405405406
40	28	0.05405405405405406
40	1	0.13513513513513514
40	4	0.05405405405405406
40	0	0.02702702702702703
40	7	0.02702702702702703
40	25	0.05405405405405406
40	30	0.05405405405405406
40	36	0.02702702702702703
40	78	0.02702702702702703
40	84	0.02702702702702703
40	18	0.02702702702702703
40	33	0.02702702702702703
40	65	0.02702702702702703
40	15	0.02702702702702703
40	90	0.02702702702702703
41	7	0.029411764705882353
41	27	0.04411764705882353
41	0	0.058823529411764705
41	8	0.029411764705882353
41	20	0.058823529411764705
41	11	0.058823529411764705
41	4	0.04411764705882353
41	1	0.029411764705882353
41	19	0.029411764705882353
41	21	0.058823529411764705
41	6	0.058823529411764705
41	25	0.014705882352941176
41	3	0.04411764705882353
41	22	0.058823529411764705
41	5	0.014705882352941176
41	2	0.014705882352941176
41	26	0.014705882352941176
41	30	0.029411764705882353
41	38	0.014705882352941176
41	10	0.058823529411764705
41	23	0.014705882352941176
41	18	0.014705882352941176
41	15	0.029411764705882353
41	32	0.014705882352941176
41	82	0.014705882352941176
41	48	0.014705882352941176
41	31	0.014705882352941176
41	9	0.029411764705882353
41	67	0.014705882352941176
41	29	0.014705882352941176
41	76	0.014705882352941176
41	45	0.014705882352941176
41	34	0.014705882352941176
41	35	0.014705882352941176
82	20	0.06779661016949153
82	15	0.06779661016949153
82	21	0.05084745762711865
82	19	0.03389830508474576
82	3	0.03389830508474576
82	2	0.03389830508474576
82	8	0.01694915254237288
82	0	0.2542372881355932
82	25	0.05084745762711865
82	26	0.06779661016949153
82	6	0.13559322033898305
82	43	0.01694915254237288
82	38	0.01694915254237288
82	10	0.03389830508474576
82	62	0.01694915254237288
82	22	0.01694915254237288
82	18	0.01694915254237288
82	12	0.01694915254237288
82	4	0.01694915254237288
82	7	0.03389830508474576
67	26	0.027777777777777776
67	6	0.05555555555555555
67	32	0.027777777777777776
67	11	0.05555555555555555
67	21	0.05555555555555555
67	27	0.1111111111111111
67	8	0.027777777777777776
67	28	0.05555555555555555
67	19	0.027777777777777776
67	25	0.05555555555555555
67	0	0.05555555555555555
67	20	0.1388888888888889
67	53	0.027777777777777776
67	48	0.027777777777777776
67	88	0.027777777777777776
67	77	0.027777777777777776
67	22	0.027777777777777776
67	52	0.027777777777777776
67	18	0.05555555555555555
67	40	0.027777777777777776
67	2	0.027777777777777776
67	30	0.027777777777777776
45	8	0.0851063829787234
45	25	0.0851063829787234
45	7	0.0851063829787234
45	26	0.0851063829787234
45	22	0.06382978723404255
45	2	0.0851063829787234
45	5	0.0851063829787234
45	6	0.0425531914893617
45	19	0.02127659574468085
45	28	0.0425531914893617
45	4	0.02127659574468085
45	16	0.02127659574468085
45	59	0.02127659574468085
45	9	0.02127659574468085
45	18	0.02127659574468085
45	33	0.02127659574468085
45	76	0.02127659574468085
45	61	0.02127659574468085
45	15	0.02127659574468085
45	83	0.02127659574468085
45	69	0.02127659574468085
45	37	0.02127659574468085
45	53	0.02127659574468085
45	62	0.02127659574468085
45	46	0.02127659574468085
84	3	0.041666666666666664
84	33	0.041666666666666664
84	6	0.08333333333333333
84	21	0.0625
84	27	0.020833333333333332
84	2	0.041666666666666664
84	25	0.020833333333333332
84	0	0.041666666666666664
84	30	0.041666666666666664
84	35	0.041666666666666664
84	34	0.020833333333333332
84	31	0.020833333333333332
84	19	0.0625
84	22	0.020833333333333332
84	20	0.041666666666666664
84	9	0.020833333333333332
84	8	0.14583333333333334
84	92	0.020833333333333332
84	11	0.0625
84	7	0.08333333333333333
84	91	0.020833333333333332
84	67	0.020833333333333332
84	5	0.020833333333333332
91	20	0.07142857142857142
91	6	0.14285714285714285
91	15	0.07142857142857142
91	22	0.03571428571428571
91	8	0.07142857142857142
91	16	0.07142857142857142
91	21	0.10714285714285714
91	26	0.03571428571428571
91	28	0.07142857142857142
91	25	0.07142857142857142
91	39	0.03571428571428571
91	49	0.03571428571428571
91	80	0.03571428571428571
91	74	0.03571428571428571
91	33	0.03571428571428571
91	19	0.03571428571428571
91	4	0.03571428571428571
88	27	0.10810810810810811
88	19	0.05405405405405406
88	11	0.05405405405405406
88	16	0.08108108108108109
88	6	0.02702702702702703
88	3	0.08108108108108109
88	1	0.02702702702702703
88	8	0.05405405405405406
88	26	0.10810810810810811
88	2	0.05405405405405406
88	28	0.05405405405405406
88	0	0.08108108108108109
88	18	0.02702702702702703
88	9	0.05405405405405406
88	31	0.02702702702702703
88	13	0.02702702702702703
88	4	0.02702702702702703
88	43	0.02702702702702703
88	14	0.02702702702702703
52	22	0.09523809523809523
52	25	0.047619047619047616
52	20	0.09523809523809523
52	6	0.047619047619047616
52	0	0.047619047619047616
52	21	0.09523809523809523
52	7	0.047619047619047616
52	11	0.07142857142857142
52	27	0.047619047619047616
52	14	0.023809523809523808
52	19	0.047619047619047616
52	8	0.07142857142857142
52	33	0.023809523809523808
52	2	0.047619047619047616
52	10	0.07142857142857142
52	29	0.023809523809523808
52	45	0.023809523809523808
52	3	0.023809523809523808
52	79	0.023809523809523808
52	18	0.023809523809523808
86	11	0.07692307692307693
86	25	0.057692307692307696
86	27	0.019230769230769232
86	21	0.057692307692307696
86	33	0.057692307692307696
86	26	0.019230769230769232
86	15	0.019230769230769232
86	0	0.34615384615384615
86	22	0.019230769230769232
86	66	0.019230769230769232
86	77	0.019230769230769232
86	7	0.019230769230769232
86	20	0.038461538461538464
86	23	0.038461538461538464
86	73	0.019230769230769232
86	12	0.019230769230769232
86	19	0.038461538461538464
86	16	0.019230769230769232
86	53	0.019230769230769232
86	2	0.019230769230769232
86	65	0.019230769230769232
86	74	0.019230769230769232
86	61	0.019230769230769232
68	27	0.05660377358490566
68	6	0.05660377358490566
68	21	0.07547169811320754
68	25	0.07547169811320754
68	22	0.07547169811320754
68	26	0.018867924528301886
68	32	0.05660377358490566
68	14	0.03773584905660377
68	19	0.03773584905660377
68	11	0.03773584905660377
68	28	0.03773584905660377
68	8	0.03773584905660377
68	0	0.03773584905660377
68	33	0.03773584905660377
68	9	0.018867924528301886
68	7	0.018867924528301886
68	18	0.07547169811320754
68	23	0.018867924528301886
68	2	0.03773584905660377
68	72	0.018867924528301886
68	10	0.018867924528301886
68	3	0.018867924528301886
68	82	0.018867924528301886
68	15	0.018867924528301886
68	36	0.018867924528301886
68	52	0.018867924528301886
68	91	0.018867924528301886
66	28	0.06557377049180328
66	25	0.04918032786885246
66	20	0.01639344262295082
66	0	0.03278688524590164
66	12	0.03278688524590164
66	23	0.03278688524590164
66	10	0.01639344262295082
66	9	0.03278688524590164
66	7	0.06557377049180328
66	6	0.06557377049180328
66	27	0.26229508196721313
66	26	0.06557377049180328
66	17	0.03278688524590164
66	8	0.09836065573770492
66	1	0.01639344262295082
66	11	0.06557377049180328
66	24	0.01639344262295082
66	16	0.01639344262295082
66	14	0.01639344262295082
72	6	0.09090909090909091
72	28	0.045454545454545456
72	25	0.06818181818181818
72	7	0.045454545454545456
72	21	0.022727272727272728
72	19	0.11363636363636363
72	0	0.09090909090909091
72	20	0.045454545454545456
72	26	0.022727272727272728
72	11	0.022727272727272728
72	8	0.06818181818181818
72	34	0.045454545454545456
72	9	0.022727272727272728
72	58	0.022727272727272728
72	5	0.022727272727272728
72	15	0.09090909090909091
72	22	0.06818181818181818
72	66	0.022727272727272728
72	46	0.022727272727272728
72	1	0.022727272727272728
72	10	0.022727272727272728
70	8	0.09375
70	11	0.0625
70	34	0.09375
70	27	0.09375
70	0	0.0625
70	6	0.03125
70	19	0.0625
70	28	0.0625
70	26	0.09375
70	12	0.03125
70	1	0.0625
70	9	0.03125
70	51	0.03125
70	14	0.03125
70	10	0.03125
70	5	0.03125
70	56	0.03125
70	22	0.03125
70	2	0.03125
58	17	0.07692307692307693
58	12	0.07692307692307693
58	14	0.07692307692307693
58	10	0.09615384615384616
58	7	0.019230769230769232
58	27	0.019230769230769232
58	20	0.038461538461538464
58	25	0.019230769230769232
58	35	0.038461538461538464
58	6	0.019230769230769232
58	18	0.038461538461538464
58	19	0.057692307692307696
58	28	0.038461538461538464
58	0	0.038461538461538464
58	22	0.019230769230769232
58	11	0.038461538461538464
58	3	0.019230769230769232
58	90	0.019230769230769232
58	54	0.019230769230769232
58	34	0.019230769230769232
58	44	0.019230769230769232
58	1	0.019230769230769232
58	46	0.019230769230769232
58	59	0.019230769230769232
58	13	0.019230769230769232
58	2	0.019230769230769232
58	66	0.019230769230769232
58	37	0.019230769230769232
58	5	0.019230769230769232
58	71	0.019230769230769232
58	68	0.019230769230769232
46	4	0.08333333333333333
46	5	0.020833333333333332
46	8	0.041666666666666664
46	7	0.08333333333333333
46	1	0.08333333333333333
46	3	0.041666666666666664
46	0	0.08333333333333333
46	11	0.020833333333333332
46	21	0.0625
46	26	0.041666666666666664
46	10	0.041666666666666664
46	6	0.041666666666666664
46	2	0.020833333333333332
46	30	0.020833333333333332
46	22	0.020833333333333332
46	19	0.041666666666666664
46	14	0.041666666666666664
46	50	0.020833333333333332
46	74	0.020833333333333332
46	29	0.020833333333333332
46	18	0.020833333333333332
46	69	0.020833333333333332
46	54	0.020833333333333332
46	9	0.020833333333333332
46	53	0.020833333333333332
46	64	0.020833333333333332
46	47	0.020833333333333332
55	27	0.0196078431372549
55	28	0.0784313725490196
55	15	0.058823529411764705
55	0	0.0196078431372549
55	11	0.0392156862745098
55	26	0.058823529411764705
55	18	0.0392156862745098
55	17	0.0392156862745098
55	35	0.0784313725490196
55	7	0.0392156862745098
55	8	0.0196078431372549
55	6	0.0392156862745098
55	14	0.0392156862745098
55	19	0.0196078431372549
55	10	0.0392156862745098
55	64	0.0196078431372549
55	20	0.0392156862745098
55	89	0.0196078431372549
55	1	0.058823529411764705
55	13	0.0196078431372549
55	30	0.0196078431372549
55	44	0.0196078431372549
55	2	0.0196078431372549
55	50	0.0196078431372549
55	23	0.0196078431372549
55	22	0.0196078431372549
55	65	0.0196078431372549
55	21	0.0196078431372549
55	81	0.0196078431372549
55	68	0.0196078431372549
55	25	0.0196078431372549
62	21	0.07692307692307693
62	25	0.057692307692307696
62	15	0.07692307692307693
62	7	0.057692307692307696
62	11	0.057692307692307696
62	6	0.038461538461538464
62	0	0.057692307692307696
62	8	0.038461538461538464
62	20	0.038461538461538464
62	35	0.019230769230769232
62	23	0.038461538461538464
62	18	0.019230769230769232
62	26	0.038461538461538464
62	19	0.07692307692307693
62	81	0.019230769230769232
62	4	0.038461538461538464
62	65	0.019230769230769232
62	1	0.019230769230769232
62	89	0.019230769230769232
62	34	0.019230769230769232
62	92	0.019230769230769232
62	88	0.019230769230769232
62	56	0.019230769230769232
62	16	0.019230769230769232
62	37	0.019230769230769232
62	32	0.019230769230769232
62	2	0.019230769230769232
62	10	0.019230769230769232
62	31	0.019230769230769232
39	27	0.05
39	21	0.016666666666666666
39	6	0.05
39	7	0.05
39	4	0.06666666666666667
39	25	0.06666666666666667
39	2	0.03333333333333333
39	5	0.06666666666666667
39	1	0.05
39	30	0.05
39	20	0.016666666666666666
39	8	0.016666666666666666
39	11	0.016666666666666666
39	3	0.016666666666666666
39	28	0.03333333333333333
39	87	0.016666666666666666
39	82	0.016666666666666666
39	9	0.016666666666666666
39	71	0.016666666666666666
39	52	0.016666666666666666
39	19	0.016666666666666666
39	72	0.016666666666666666
39	12	0.03333333333333333
39	17	0.016666666666666666
39	86	0.016666666666666666
39	36	0.016666666666666666
39	89	0.016666666666666666
39	29	0.016666666666666666
39	15	0.016666666666666666
39	22	0.016666666666666666
39	64	0.016666666666666666
39	62	0.016666666666666666
39	50	0.016666666666666666
39	90	0.016666666666666666
39	55	0.016666666666666666
39	68	0.016666666666666666
39	10	0.016666666666666666
39	16	0.016666666666666666
49	10	0.08888888888888889
49	19	0.022222222222222223
49	11	0.022222222222222223
49	27	0.022222222222222223
49	13	0.044444444444444446
49	12	0.044444444444444446
49	28	0.1111111111111111
49	21	0.08888888888888889
49	25	0.022222222222222223
49	6	0.022222222222222223
49	26	0.044444444444444446
49	7	0.022222222222222223
49	8	0.044444444444444446
49	5	0.044444444444444446
49	41	0.022222222222222223
49	58	0.044444444444444446
49	78	0.022222222222222223
49	1	0.044444444444444446
49	9	0.044444444444444446
49	92	0.022222222222222223
49	22	0.06666666666666667
49	18	0.022222222222222223
49	17	0.022222222222222223
49	70	0.022222222222222223
49	2	0.022222222222222223
80	3	0.09375
80	8	0.0625
80	21	0.03125
80	28	0.125
80	6	0.03125
80	20	0.09375
80	26	0.125
80	0	0.03125
80	9	0.03125
80	11	0.125
80	10	0.0625
80	4	0.03125
80	66	0.03125
80	71	0.03125
80	13	0.03125
80	22	0.03125
80	2	0.03125
75	7	0.05263157894736842
75	33	0.10526315789473684
75	1	0.02631578947368421
75	0	0.05263157894736842
75	8	0.05263157894736842
75	20	0.05263157894736842
75	21	0.10526315789473684
75	11	0.05263157894736842
75	19	0.05263157894736842
75	26	0.05263157894736842
75	25	0.02631578947368421
75	2	0.05263157894736842
75	51	0.02631578947368421
75	34	0.02631578947368421
75	72	0.02631578947368421
75	50	0.02631578947368421
75	4	0.05263157894736842
75	15	0.02631578947368421
75	22	0.05263157894736842
75	16	0.02631578947368421
75	5	0.02631578947368421
75	73	0.02631578947368421
