70	8	11	34	17	16	26	10	19	27	13	6	12	20	21	15	0	7	2	91	22	28	25	39	4	5	1	30	3	87	82	9	71	52	72	86	36	89	29	64	62	50	90	55	68	49	41	58	78	92	18	80	66	74	33	76	35	51	14	54	84	67	32	61	40	53	85	57	56	44	48	83	88	59	38	31	43	77	45	79	65	60	24	75	47	81	69	46	23	37	42	
70	8	0.015625
70	11	0.010416666666666666
70	34	0.015625
70	27	0.015625
70	0	0.010416666666666666
70	6	0.005208333333333333
70	19	0.010416666666666666
70	28	0.010416666666666666
70	26	0.015625
70	12	0.005208333333333333
70	1	0.010416666666666666
70	9	0.005208333333333333
70	51	0.005208333333333333
70	14	0.005208333333333333
70	10	0.005208333333333333
70	5	0.005208333333333333
70	56	0.005208333333333333
70	22	0.005208333333333333
70	2	0.005208333333333333
34	17	0.03333333333333333
34	16	0.011111111111111112
34	8	0.044444444444444446
34	26	0.022222222222222223
34	10	0.011111111111111112
34	19	0.022222222222222223
34	27	0.022222222222222223
34	13	0.022222222222222223
34	6	0.022222222222222223
34	12	0.011111111111111112
34	20	0.022222222222222223
34	21	0.011111111111111112
34	15	0.022222222222222223
34	0	0.022222222222222223
34	11	0.022222222222222223
34	7	0.022222222222222223
34	2	0.03333333333333333
34	91	0.011111111111111112
34	67	0.011111111111111112
34	59	0.03333333333333333
34	70	0.011111111111111112
34	92	0.022222222222222223
34	3	0.011111111111111112
34	5	0.011111111111111112
34	41	0.011111111111111112
34	33	0.011111111111111112
34	35	0.011111111111111112
91	20	0.07142857142857142
91	6	0.14285714285714285
91	15	0.07142857142857142
91	22	0.03571428571428571
91	8	0.07142857142857142
91	16	0.07142857142857142
91	21	0.10714285714285714
91	26	0.03571428571428571
91	28	0.07142857142857142
91	25	0.07142857142857142
91	39	0.03571428571428571
91	49	0.03571428571428571
91	80	0.03571428571428571
91	74	0.03571428571428571
91	33	0.03571428571428571
91	19	0.03571428571428571
91	4	0.03571428571428571
39	27	0.05
39	21	0.016666666666666666
39	6	0.05
39	7	0.05
39	4	0.06666666666666667
39	25	0.06666666666666667
39	2	0.03333333333333333
39	5	0.06666666666666667
39	1	0.05
39	30	0.05
39	20	0.016666666666666666
39	8	0.016666666666666666
39	11	0.016666666666666666
39	3	0.016666666666666666
39	28	0.03333333333333333
39	87	0.016666666666666666
39	82	0.016666666666666666
39	9	0.016666666666666666
39	71	0.016666666666666666
39	52	0.016666666666666666
39	19	0.016666666666666666
39	72	0.016666666666666666
39	12	0.03333333333333333
39	17	0.016666666666666666
39	86	0.016666666666666666
39	36	0.016666666666666666
39	89	0.016666666666666666
39	29	0.016666666666666666
39	15	0.016666666666666666
39	22	0.016666666666666666
39	64	0.016666666666666666
39	62	0.016666666666666666
39	50	0.016666666666666666
39	90	0.016666666666666666
39	55	0.016666666666666666
39	68	0.016666666666666666
39	10	0.016666666666666666
39	16	0.016666666666666666
30	19	0.027777777777777776
30	22	0.05555555555555555
30	27	0.027777777777777776
30	26	0.1111111111111111
30	2	0.027777777777777776
30	11	0.027777777777777776
30	0	0.05555555555555555
30	25	0.05555555555555555
30	21	0.05555555555555555
30	7	0.05555555555555555
30	3	0.05555555555555555
30	4	0.05555555555555555
30	17	0.027777777777777776
30	72	0.027777777777777776
30	60	0.05555555555555555
30	30	0.05555555555555555
30	24	0.027777777777777776
30	12	0.027777777777777776
30	75	0.027777777777777776
30	88	0.027777777777777776
30	13	0.027777777777777776
30	34	0.027777777777777776
30	85	0.027777777777777776
30	15	0.027777777777777776
82	20	0.06779661016949153
82	15	0.06779661016949153
82	21	0.05084745762711865
82	19	0.03389830508474576
82	3	0.03389830508474576
82	2	0.03389830508474576
82	8	0.01694915254237288
82	0	0.2542372881355932
82	25	0.05084745762711865
82	26	0.06779661016949153
82	6	0.13559322033898305
82	43	0.01694915254237288
82	38	0.01694915254237288
82	10	0.03389830508474576
82	62	0.01694915254237288
82	22	0.01694915254237288
82	18	0.01694915254237288
82	12	0.01694915254237288
82	4	0.01694915254237288
82	7	0.03389830508474576
52	22	0.09523809523809523
52	25	0.047619047619047616
52	20	0.09523809523809523
52	6	0.047619047619047616
52	0	0.047619047619047616
52	21	0.09523809523809523
52	7	0.047619047619047616
52	11	0.07142857142857142
52	27	0.047619047619047616
52	14	0.023809523809523808
52	19	0.047619047619047616
52	8	0.07142857142857142
52	33	0.023809523809523808
52	2	0.047619047619047616
52	10	0.07142857142857142
52	29	0.023809523809523808
52	45	0.023809523809523808
52	3	0.023809523809523808
52	79	0.023809523809523808
52	18	0.023809523809523808
29	21	0.06896551724137931
29	20	0.05172413793103448
29	17	0.05172413793103448
29	3	0.017241379310344827
29	26	0.034482758620689655
29	10	0.06896551724137931
29	25	0.034482758620689655
29	2	0.06896551724137931
29	15	0.034482758620689655
29	11	0.05172413793103448
29	12	0.034482758620689655
29	1	0.017241379310344827
29	8	0.017241379310344827
29	28	0.034482758620689655
29	27	0.034482758620689655
29	6	0.034482758620689655
29	0	0.034482758620689655
29	19	0.034482758620689655
29	50	0.017241379310344827
29	88	0.017241379310344827
29	22	0.06896551724137931
29	13	0.034482758620689655
29	16	0.017241379310344827
29	35	0.017241379310344827
29	18	0.017241379310344827
29	52	0.017241379310344827
29	76	0.017241379310344827
29	86	0.017241379310344827
29	61	0.017241379310344827
29	4	0.017241379310344827
49	10	0.08888888888888889
49	19	0.022222222222222223
49	11	0.022222222222222223
49	27	0.022222222222222223
49	13	0.044444444444444446
49	12	0.044444444444444446
49	28	0.1111111111111111
49	21	0.08888888888888889
49	25	0.022222222222222223
49	6	0.022222222222222223
49	26	0.044444444444444446
49	7	0.022222222222222223
49	8	0.044444444444444446
49	5	0.044444444444444446
49	41	0.022222222222222223
49	58	0.044444444444444446
49	78	0.022222222222222223
49	1	0.044444444444444446
49	9	0.044444444444444446
49	92	0.022222222222222223
49	22	0.06666666666666667
49	18	0.022222222222222223
49	17	0.022222222222222223
49	70	0.022222222222222223
49	2	0.022222222222222223
41	7	0.029411764705882353
41	27	0.04411764705882353
41	0	0.058823529411764705
41	8	0.029411764705882353
41	20	0.058823529411764705
41	11	0.058823529411764705
41	4	0.04411764705882353
41	1	0.029411764705882353
41	19	0.029411764705882353
41	21	0.058823529411764705
41	6	0.058823529411764705
41	25	0.014705882352941176
41	3	0.04411764705882353
41	22	0.058823529411764705
41	5	0.014705882352941176
41	2	0.014705882352941176
41	26	0.014705882352941176
41	30	0.029411764705882353
41	38	0.014705882352941176
41	10	0.058823529411764705
41	23	0.014705882352941176
41	18	0.014705882352941176
41	15	0.029411764705882353
41	32	0.014705882352941176
41	82	0.014705882352941176
41	48	0.014705882352941176
41	31	0.014705882352941176
41	9	0.029411764705882353
41	67	0.014705882352941176
41	29	0.014705882352941176
41	76	0.014705882352941176
41	45	0.014705882352941176
41	34	0.014705882352941176
41	35	0.014705882352941176
92	6	0.0625
92	0	0.09375
92	15	0.0625
92	11	0.0625
92	25	0.09375
92	21	0.0625
92	26	0.125
92	28	0.0625
92	19	0.0625
92	27	0.03125
92	53	0.03125
92	29	0.03125
92	40	0.03125
92	18	0.03125
92	54	0.03125
92	9	0.03125
92	88	0.03125
92	52	0.03125
92	1	0.03125
80	3	0.09375
80	8	0.0625
80	21	0.03125
80	28	0.125
80	6	0.03125
80	20	0.09375
80	26	0.125
80	0	0.03125
80	9	0.03125
80	11	0.125
80	10	0.0625
80	4	0.03125
80	66	0.03125
80	71	0.03125
80	13	0.03125
80	22	0.03125
80	2	0.03125
66	28	0.06557377049180328
66	25	0.04918032786885246
66	20	0.01639344262295082
66	0	0.03278688524590164
66	12	0.03278688524590164
66	23	0.03278688524590164
66	10	0.01639344262295082
66	9	0.03278688524590164
66	7	0.06557377049180328
66	6	0.06557377049180328
66	27	0.26229508196721313
66	26	0.06557377049180328
66	17	0.03278688524590164
66	8	0.09836065573770492
66	1	0.01639344262295082
66	11	0.06557377049180328
66	24	0.01639344262295082
66	16	0.01639344262295082
66	14	0.01639344262295082
74	27	0.0851063829787234
74	19	0.1276595744680851
74	1	0.0425531914893617
74	6	0.0851063829787234
74	11	0.06382978723404255
74	21	0.0425531914893617
74	25	0.0425531914893617
74	22	0.0425531914893617
74	28	0.0851063829787234
74	7	0.02127659574468085
74	26	0.0425531914893617
74	33	0.0425531914893617
74	10	0.0425531914893617
74	20	0.0425531914893617
74	18	0.02127659574468085
74	2	0.0425531914893617
74	76	0.02127659574468085
74	90	0.02127659574468085
74	35	0.02127659574468085
74	51	0.02127659574468085
74	29	0.02127659574468085
74	3	0.02127659574468085
33	11	0.02857142857142857
33	14	0.05714285714285714
33	17	0.02857142857142857
33	1	0.08571428571428572
33	26	0.11428571428571428
33	12	0.02857142857142857
33	8	0.14285714285714285
33	2	0.05714285714285714
33	21	0.02857142857142857
33	10	0.02857142857142857
33	27	0.05714285714285714
33	0	0.05714285714285714
33	54	0.02857142857142857
33	50	0.02857142857142857
33	74	0.02857142857142857
33	25	0.02857142857142857
33	13	0.02857142857142857
33	4	0.02857142857142857
33	87	0.02857142857142857
33	41	0.02857142857142857
33	84	0.02857142857142857
33	29	0.02857142857142857
76	0	0.015151515151515152
76	32	0.045454545454545456
76	19	0.06060606060606061
76	11	0.030303030303030304
76	28	0.030303030303030304
76	7	0.030303030303030304
76	8	0.030303030303030304
76	2	0.030303030303030304
76	27	0.18181818181818182
76	6	0.10606060606060606
76	25	0.10606060606060606
76	26	0.07575757575757576
76	15	0.030303030303030304
76	37	0.015151515151515152
76	10	0.015151515151515152
76	21	0.06060606060606061
76	22	0.015151515151515152
76	40	0.015151515151515152
76	18	0.030303030303030304
76	35	0.030303030303030304
76	20	0.015151515151515152
76	13	0.015151515151515152
76	3	0.015151515151515152
35	28	0.043478260869565216
35	6	0.043478260869565216
35	15	0.043478260869565216
35	20	0.043478260869565216
35	0	0.06521739130434782
35	18	0.043478260869565216
35	12	0.06521739130434782
35	22	0.06521739130434782
35	19	0.043478260869565216
35	26	0.021739130434782608
35	8	0.043478260869565216
35	27	0.021739130434782608
35	7	0.043478260869565216
35	11	0.043478260869565216
35	10	0.043478260869565216
35	21	0.043478260869565216
35	9	0.043478260869565216
35	74	0.021739130434782608
35	16	0.021739130434782608
35	68	0.021739130434782608
35	56	0.021739130434782608
35	30	0.021739130434782608
35	3	0.021739130434782608
35	52	0.021739130434782608
35	1	0.021739130434782608
35	75	0.021739130434782608
35	88	0.021739130434782608
35	13	0.021739130434782608
51	28	0.05714285714285714
51	11	0.02857142857142857
51	27	0.05714285714285714
51	21	0.11428571428571428
51	20	0.05714285714285714
51	6	0.05714285714285714
51	24	0.05714285714285714
51	15	0.05714285714285714
51	17	0.02857142857142857
51	19	0.14285714285714285
51	76	0.02857142857142857
51	59	0.02857142857142857
51	2	0.05714285714285714
51	3	0.05714285714285714
51	9	0.02857142857142857
51	1	0.02857142857142857
51	81	0.02857142857142857
51	65	0.02857142857142857
51	23	0.02857142857142857
51	5	0.02857142857142857
54	16	0.05357142857142857
54	7	0.03571428571428571
54	26	0.07142857142857142
54	12	0.08928571428571429
54	6	0.05357142857142857
54	11	0.05357142857142857
54	15	0.03571428571428571
54	17	0.07142857142857142
54	18	0.03571428571428571
54	8	0.07142857142857142
54	10	0.03571428571428571
54	19	0.03571428571428571
54	28	0.03571428571428571
54	27	0.03571428571428571
54	14	0.017857142857142856
54	35	0.017857142857142856
54	79	0.017857142857142856
54	43	0.017857142857142856
54	13	0.05357142857142857
54	87	0.017857142857142856
54	9	0.017857142857142856
54	20	0.03571428571428571
54	56	0.017857142857142856
54	25	0.017857142857142856
54	38	0.017857142857142856
54	22	0.017857142857142856
54	69	0.017857142857142856
67	26	0.027777777777777776
67	6	0.05555555555555555
67	32	0.027777777777777776
67	11	0.05555555555555555
67	21	0.05555555555555555
67	27	0.1111111111111111
67	8	0.027777777777777776
67	28	0.05555555555555555
67	19	0.027777777777777776
67	25	0.05555555555555555
67	0	0.05555555555555555
67	20	0.1388888888888889
67	53	0.027777777777777776
67	48	0.027777777777777776
67	88	0.027777777777777776
67	77	0.027777777777777776
67	22	0.027777777777777776
67	52	0.027777777777777776
67	18	0.05555555555555555
67	40	0.027777777777777776
67	2	0.027777777777777776
67	30	0.027777777777777776
32	16	0.06521739130434782
32	25	0.08695652173913043
32	19	0.043478260869565216
32	28	0.10869565217391304
32	8	0.06521739130434782
32	22	0.06521739130434782
32	0	0.021739130434782608
32	14	0.021739130434782608
32	13	0.043478260869565216
32	12	0.043478260869565216
32	7	0.043478260869565216
32	26	0.043478260869565216
32	11	0.021739130434782608
32	1	0.021739130434782608
32	29	0.021739130434782608
32	3	0.06521739130434782
32	86	0.021739130434782608
32	61	0.021739130434782608
32	10	0.021739130434782608
32	18	0.043478260869565216
32	76	0.021739130434782608
32	51	0.021739130434782608
32	41	0.021739130434782608
32	2	0.021739130434782608
32	40	0.021739130434782608
40	11	0.08108108108108109
40	22	0.05405405405405406
40	8	0.05405405405405406
40	6	0.10810810810810811
40	2	0.02702702702702703
40	27	0.05405405405405406
40	28	0.05405405405405406
40	1	0.13513513513513514
40	4	0.05405405405405406
40	0	0.02702702702702703
40	7	0.02702702702702703
40	25	0.05405405405405406
40	30	0.05405405405405406
40	36	0.02702702702702703
40	78	0.02702702702702703
40	84	0.02702702702702703
40	18	0.02702702702702703
40	33	0.02702702702702703
40	65	0.02702702702702703
40	15	0.02702702702702703
40	90	0.02702702702702703
53	12	0.045454545454545456
53	18	0.045454545454545456
53	17	0.06818181818181818
53	15	0.045454545454545456
53	21	0.045454545454545456
53	10	0.045454545454545456
53	14	0.06818181818181818
53	11	0.09090909090909091
53	6	0.045454545454545456
53	28	0.045454545454545456
53	16	0.022727272727272728
53	26	0.045454545454545456
53	7	0.045454545454545456
53	34	0.022727272727272728
53	13	0.045454545454545456
53	86	0.022727272727272728
53	85	0.022727272727272728
53	74	0.022727272727272728
53	57	0.022727272727272728
53	90	0.022727272727272728
53	0	0.022727272727272728
53	56	0.022727272727272728
53	44	0.022727272727272728
53	20	0.022727272727272728
53	1	0.022727272727272728
53	9	0.022727272727272728
53	19	0.022727272727272728
56	27	0.022727272727272728
56	19	0.045454545454545456
56	18	0.022727272727272728
56	10	0.06818181818181818
56	35	0.06818181818181818
56	17	0.045454545454545456
56	28	0.045454545454545456
56	11	0.045454545454545456
56	21	0.022727272727272728
56	26	0.06818181818181818
56	25	0.045454545454545456
56	0	0.045454545454545456
56	15	0.022727272727272728
56	12	0.045454545454545456
56	70	0.022727272727272728
56	29	0.022727272727272728
56	16	0.022727272727272728
56	33	0.022727272727272728
56	22	0.022727272727272728
56	41	0.022727272727272728
56	30	0.022727272727272728
56	37	0.022727272727272728
56	59	0.022727272727272728
56	20	0.06818181818181818
56	1	0.022727272727272728
56	6	0.022727272727272728
56	2	0.022727272727272728
56	42	0.022727272727272728
56	5	0.022727272727272728
48	28	0.0425531914893617
48	10	0.0851063829787234
48	2	0.06382978723404255
48	25	0.0425531914893617
48	19	0.0425531914893617
48	26	0.0851063829787234
48	4	0.0425531914893617
48	27	0.0851063829787234
48	30	0.02127659574468085
48	0	0.0425531914893617
48	22	0.0425531914893617
48	20	0.02127659574468085
48	5	0.02127659574468085
48	8	0.0425531914893617
48	3	0.0425531914893617
48	83	0.02127659574468085
48	71	0.02127659574468085
48	18	0.02127659574468085
48	88	0.02127659574468085
48	59	0.02127659574468085
48	89	0.0425531914893617
48	33	0.02127659574468085
48	16	0.02127659574468085
48	34	0.02127659574468085
48	38	0.02127659574468085
48	67	0.02127659574468085
48	85	0.02127659574468085
88	27	0.10810810810810811
88	19	0.05405405405405406
88	11	0.05405405405405406
88	16	0.08108108108108109
88	6	0.02702702702702703
88	3	0.08108108108108109
88	1	0.02702702702702703
88	8	0.05405405405405406
88	26	0.10810810810810811
88	2	0.05405405405405406
88	28	0.05405405405405406
88	0	0.08108108108108109
88	18	0.02702702702702703
88	9	0.05405405405405406
88	31	0.02702702702702703
88	13	0.02702702702702703
88	4	0.02702702702702703
88	43	0.02702702702702703
88	14	0.02702702702702703
59	26	0.08163265306122448
59	14	0.02040816326530612
59	17	0.04081632653061224
59	25	0.061224489795918366
59	16	0.08163265306122448
59	15	0.08163265306122448
59	11	0.04081632653061224
59	28	0.04081632653061224
59	27	0.02040816326530612
59	21	0.02040816326530612
59	10	0.04081632653061224
59	7	0.061224489795918366
59	0	0.04081632653061224
59	18	0.04081632653061224
59	29	0.02040816326530612
59	77	0.02040816326530612
59	47	0.04081632653061224
59	20	0.08163265306122448
59	81	0.02040816326530612
59	2	0.02040816326530612
59	4	0.02040816326530612
59	46	0.061224489795918366
59	33	0.02040816326530612
59	66	0.02040816326530612
38	25	0.03333333333333333
38	11	0.06666666666666667
38	1	0.03333333333333333
38	19	0.03333333333333333
38	28	0.03333333333333333
38	0	0.03333333333333333
38	6	0.16666666666666666
38	16	0.016666666666666666
38	26	0.16666666666666666
38	27	0.2
38	48	0.016666666666666666
38	5	0.016666666666666666
38	7	0.03333333333333333
38	22	0.016666666666666666
38	18	0.016666666666666666
38	92	0.016666666666666666
38	17	0.03333333333333333
38	82	0.016666666666666666
38	14	0.016666666666666666
38	2	0.016666666666666666
38	20	0.016666666666666666
31	2	0.10256410256410256
31	25	0.07692307692307693
31	20	0.05128205128205128
31	11	0.05128205128205128
31	27	0.10256410256410256
31	19	0.05128205128205128
31	0	0.07692307692307693
31	6	0.05128205128205128
31	22	0.05128205128205128
31	21	0.05128205128205128
31	28	0.05128205128205128
31	32	0.02564102564102564
31	36	0.02564102564102564
31	35	0.02564102564102564
31	9	0.02564102564102564
31	29	0.02564102564102564
31	10	0.02564102564102564
31	4	0.02564102564102564
31	5	0.02564102564102564
31	30	0.02564102564102564
31	55	0.02564102564102564
31	69	0.02564102564102564
77	27	0.041666666666666664
77	28	0.041666666666666664
77	19	0.020833333333333332
77	26	0.08333333333333333
77	34	0.041666666666666664
77	0	0.0625
77	25	0.020833333333333332
77	9	0.020833333333333332
77	18	0.041666666666666664
77	20	0.020833333333333332
77	17	0.020833333333333332
77	11	0.0625
77	21	0.10416666666666667
77	4	0.020833333333333332
77	2	0.020833333333333332
77	35	0.020833333333333332
77	6	0.10416666666666667
77	8	0.08333333333333333
77	7	0.08333333333333333
77	30	0.020833333333333332
77	3	0.020833333333333332
77	1	0.020833333333333332
77	12	0.020833333333333332
45	8	0.0851063829787234
45	25	0.0851063829787234
45	7	0.0851063829787234
45	26	0.0851063829787234
45	22	0.06382978723404255
45	2	0.0851063829787234
45	5	0.0851063829787234
45	6	0.0425531914893617
45	19	0.02127659574468085
45	28	0.0425531914893617
45	4	0.02127659574468085
45	16	0.02127659574468085
45	59	0.02127659574468085
45	9	0.02127659574468085
45	18	0.02127659574468085
45	33	0.02127659574468085
45	76	0.02127659574468085
45	61	0.02127659574468085
45	15	0.02127659574468085
45	83	0.02127659574468085
45	69	0.02127659574468085
45	37	0.02127659574468085
45	53	0.02127659574468085
45	62	0.02127659574468085
45	46	0.02127659574468085
47	5	0.07547169811320754
47	20	0.03773584905660377
47	21	0.03773584905660377
47	19	0.03773584905660377
47	11	0.07547169811320754
47	6	0.03773584905660377
47	4	0.03773584905660377
47	10	0.03773584905660377
47	28	0.07547169811320754
47	22	0.07547169811320754
47	27	0.05660377358490566
47	25	0.03773584905660377
47	2	0.018867924528301886
47	0	0.05660377358490566
47	8	0.03773584905660377
47	3	0.03773584905660377
47	60	0.03773584905660377
47	45	0.018867924528301886
47	57	0.018867924528301886
47	72	0.018867924528301886
47	83	0.018867924528301886
47	43	0.018867924528301886
47	15	0.03773584905660377
47	39	0.018867924528301886
47	16	0.018867924528301886
47	14	0.018867924528301886
81	6	0.06521739130434782
81	1	0.08695652173913043
81	0	0.021739130434782608
81	27	0.021739130434782608
81	20	0.043478260869565216
81	2	0.021739130434782608
81	28	0.043478260869565216
81	29	0.06521739130434782
81	3	0.043478260869565216
81	9	0.021739130434782608
81	5	0.043478260869565216
81	11	0.08695652173913043
81	15	0.021739130434782608
81	8	0.10869565217391304
81	14	0.043478260869565216
81	76	0.021739130434782608
81	32	0.021739130434782608
81	85	0.021739130434782608
81	12	0.021739130434782608
81	22	0.043478260869565216
81	19	0.043478260869565216
81	69	0.021739130434782608
81	57	0.021739130434782608
81	33	0.021739130434782608
81	17	0.021739130434782608
46	4	0.08333333333333333
46	5	0.020833333333333332
46	8	0.041666666666666664
46	7	0.08333333333333333
46	1	0.08333333333333333
46	3	0.041666666666666664
46	0	0.08333333333333333
46	11	0.020833333333333332
46	21	0.0625
46	26	0.041666666666666664
46	10	0.041666666666666664
46	6	0.041666666666666664
46	2	0.020833333333333332
46	30	0.020833333333333332
46	22	0.020833333333333332
46	19	0.041666666666666664
46	14	0.041666666666666664
46	50	0.020833333333333332
46	74	0.020833333333333332
46	29	0.020833333333333332
46	18	0.020833333333333332
46	69	0.020833333333333332
46	54	0.020833333333333332
46	9	0.020833333333333332
46	53	0.020833333333333332
46	64	0.020833333333333332
46	47	0.020833333333333332
