90	7	1
87	18	4
57	14	3
62	21	5
40	11	2
71	34	8
65	25	7
88	27	7
47	5	0
41	7	1
47	20	5
70	8	1
42	25	7
52	22	5
76	0	0
41	27	7
34	17	3
49	10	2
84	3	0
56	27	7
36	2	0
79	7	1
57	35	8
57	17	3
41	0	0
60	0	0
41	8	1
59	26	7
30	19	4
43	8	1
73	29	8
81	6	1
70	11	2
61	6	1
80	3	0
39	27	7
35	28	7
76	32	8
46	4	0
88	19	4
47	21	5
33	11	2
49	19	4
56	19	4
92	6	1
69	34	8
58	17	3
55	27	7
40	22	5
83	25	7
40	8	1
71	25	7
61	23	6
87	27	7
79	19	4
53	12	3
65	12	3
76	19	4
35	6	1
31	2	0
31	25	7
34	16	3
74	27	7
77	27	7
87	19	4
68	27	7
87	20	5
76	11	2
75	7	1
46	5	0
35	15	3
74	19	4
41	20	5
87	21	5
80	8	1
74	1	0
52	25	7
65	11	2
79	6	1
57	0	0
67	26	7
59	14	3
81	1	0
63	35	8
69	28	7
55	28	7
59	17	3
77	28	7
75	33	8
62	25	7
68	6	1
57	7	1
63	20	5
64	27	7
64	0	0
43	26	7
39	21	5
80	21	5
50	21	5
88	11	2
54	16	3
57	16	3
43	22	5
36	11	2
60	35	8
59	25	7
72	6	1
38	25	7
39	6	1
74	6	1
51	28	7
42	3	0
39	7	1
64	26	7
89	6	1
89	25	7
30	22	5
49	11	2
72	28	7
36	0	0
68	21	5
41	11	2
33	14	3
84	33	8
81	0	0
29	21	5
30	27	7
59	16	3
49	27	7
89	2	0
39	4	0
64	20	5
39	25	7
70	34	8
85	33	8
36	25	7
88	16	3
53	18	4
36	19	4
77	19	4
63	23	6
56	18	4
41	4	0
63	0	0
30	26	7
43	4	0
66	28	7
71	0	0
79	27	7
90	1	0
57	27	7
53	17	3
47	19	4
49	13	3
90	0	0
70	27	7
47	11	2
52	20	5
32	16	3
62	15	3
52	6	1
64	6	1
85	20	5
30	2	0
66	25	7
32	25	7
45	8	1
55	15	3
55	0	0
31	20	5
57	26	7
39	2	0
54	7	1
86	11	2
37	31	8
29	20	5
88	6	1
30	11	2
46	8	1
53	15	3
35	20	5
39	5	0
80	28	7
80	6	1
53	21	5
85	28	7
42	6	1
29	17	3
50	22	5
32	19	4
83	0	0
58	12	3
71	28	7
29	3	0
42	2	0
61	25	7
31	11	2
42	26	7
33	17	3
35	0	0
55	11	2
67	6	1
63	15	3
87	28	7
49	12	3
85	8	1
50	25	7
31	27	7
59	15	3
63	25	7
78	26	7
36	20	5
62	7	1
32	28	7
47	6	1
69	10	2
43	3	0
33	1	0
58	14	3
73	2	0
35	18	4
86	25	7
72	25	7
68	25	7
29	26	7
67	32	8
68	22	5
42	21	5
56	10	2
71	18	4
89	11	2
49	28	7
65	21	5
73	28	7
59	11	2
30	0	0
54	26	7
38	11	2
42	22	5
76	28	7
32	8	1
78	6	1
59	28	7
50	6	1
35	12	3
81	27	7
58	10	2
53	10	2
33	26	7
64	25	7
41	1	0
42	28	7
42	19	4
65	2	0
48	28	7
51	11	2
69	12	3
33	12	3
60	15	3
45	25	7
65	3	0
53	14	3
52	0	0
44	28	7
90	20	5
29	10	2
67	11	2
45	7	1
81	20	5
72	7	1
45	26	7
72	21	5
48	10	2
49	21	5
48	2	0
79	28	7
85	27	7
86	27	7
41	19	4
90	21	5
88	3	0
40	6	1
33	8	1
37	1	0
42	5	0
34	8	1
79	8	1
92	0	0
52	21	5
74	11	2
44	20	5
54	12	3
30	25	7
43	2	0
72	19	4
60	26	7
58	7	1
64	29	8
61	27	7
68	26	7
40	2	0
32	22	5
47	4	0
56	35	8
43	21	5
36	31	8
38	1	0
38	19	4
85	15	3
52	7	1
48	25	7
44	8	1
83	12	3
58	27	7
72	0	0
48	19	4
88	1	0
59	27	7
81	2	0
90	4	0
54	6	1
69	0	0
85	16	3
54	11	2
45	22	5
85	11	2
29	25	7
74	21	5
80	20	5
92	15	3
36	8	1
43	5	0
35	22	5
89	27	7
64	1	0
58	20	5
63	18	4
73	1	0
49	25	7
61	15	3
91	20	5
86	21	5
54	15	3
33	2	0
43	11	2
46	7	1
74	25	7
64	21	5
76	7	1
41	21	5
69	8	1
42	20	5
90	3	0
73	8	1
44	2	0
86	33	8
69	25	7
58	25	7
73	22	5
57	8	1
83	1	0
36	1	0
62	11	2
62	6	1
46	1	0
48	26	7
66	20	5
60	23	6
41	6	1
57	15	3
63	21	5
77	26	7
34	26	7
57	28	7
34	10	2
61	28	7
67	21	5
44	30	8
44	4	0
85	6	1
91	6	1
46	3	0
29	2	0
65	7	1
45	2	0
91	15	3
87	6	1
34	19	4
39	1	0
32	0	0
52	11	2
40	27	7
36	28	7
91	22	5
75	1	0
69	15	3
42	27	7
83	8	1
29	15	3
40	28	7
74	22	5
72	20	5
75	0	0
55	26	7
88	8	1
37	26	7
61	11	2
29	11	2
45	5	0
84	6	1
55	18	4
74	28	7
46	0	0
88	26	7
72	26	7
69	11	2
83	6	1
48	4	0
41	25	7
65	8	1
68	32	8
55	17	3
34	27	7
58	35	8
63	11	2
53	11	2
55	35	8
35	19	4
92	11	2
38	28	7
75	8	1
64	12	3
36	26	7
76	8	1
44	11	2
75	20	5
36	21	5
58	6	1
30	21	5
62	0	0
60	6	1
77	34	8
31	19	4
68	14	3
40	1	0
54	17	3
55	7	1
92	25	7
35	26	7
49	6	1
82	20	5
47	10	2
68	19	4
46	11	2
41	3	0
52	27	7
67	27	7
46	21	5
81	28	7
31	0	0
84	21	5
56	17	3
51	27	7
32	14	3
29	12	3
61	35	8
70	0	0
51	21	5
92	21	5
67	8	1
54	18	4
69	7	1
64	28	7
81	29	8
75	21	5
92	26	7
39	30	8
77	0	0
44	27	7
91	8	1
41	22	5
79	11	2
82	15	3
58	18	4
62	8	1
61	8	1
41	5	0
48	27	7
84	27	7
34	13	3
71	21	5
47	28	7
73	0	0
46	26	7
70	6	1
47	22	5
58	19	4
80	26	7
65	1	0
42	1	0
54	8	1
36	22	5
54	8	1
39	20	5
41	27	7
46	10	2
53	14	3
29	1	0
83	20	5
58	28	7
67	28	7
83	12	3
90	28	7
61	26	7
43	26	7
31	2	0
62	20	5
62	35	8
57	26	7
39	25	7
82	21	5
46	6	1
41	4	0
29	11	2
68	32	8
72	11	2
88	8	1
54	12	3
34	6	1
37	26	7
72	0	0
90	8	1
74	6	1
78	0	0
39	5	0
57	7	1
55	8	1
50	0	0
87	34	8
63	35	8
88	2	0
74	7	1
88	28	7
51	20	5
58	14	3
32	13	3
39	8	1
42	8	1
34	12	3
41	11	2
43	28	7
45	6	1
45	19	4
75	33	8
71	25	7
89	8	1
41	2	0
79	8	1
43	5	0
35	6	1
38	0	0
79	27	7
33	1	0
92	25	7
32	12	3
82	19	4
68	11	2
49	21	5
35	22	5
34	17	3
43	6	1
71	27	7
70	19	4
36	28	7
57	25	7
72	8	1
84	2	0
48	19	4
48	30	8
62	7	1
67	19	4
56	28	7
56	11	2
92	28	7
53	6	1
74	28	7
61	25	7
65	1	0
71	34	8
47	27	7
65	25	7
62	23	6
60	21	5
79	28	7
29	8	1
81	20	5
55	15	3
91	16	3
56	21	5
55	6	1
34	20	5
77	25	7
67	25	7
62	18	4
76	19	4
58	10	2
48	0	0
70	34	8
47	10	2
43	30	8
61	11	2
49	28	7
53	28	7
65	16	3
59	16	3
44	8	1
86	33	8
38	11	2
32	28	7
71	7	1
61	21	5
39	27	7
51	6	1
55	26	7
53	16	3
58	19	4
39	4	0
29	20	5
46	2	0
31	0	0
47	25	7
80	20	5
59	21	5
59	10	2
48	22	5
54	10	2
54	11	2
40	6	1
74	27	7
46	4	0
34	8	1
68	21	5
39	1	0
44	25	7
91	8	1
87	20	5
53	11	2
60	8	1
41	22	5
52	14	3
44	11	2
88	26	7
70	8	1
57	15	3
83	16	3
63	27	7
80	26	7
75	11	2
62	0	0
69	34	8
58	0	0
84	25	7
78	28	7
52	22	5
57	27	7
81	1	0
73	1	0
92	26	7
41	26	7
85	15	3
29	28	7
43	21	5
30	26	7
89	27	7
57	18	4
89	7	1
57	17	3
54	19	4
54	26	7
33	21	5
42	1	0
83	29	8
34	21	5
73	6	1
89	11	2
74	26	7
51	24	6
29	21	5
50	14	3
68	27	7
83	1	0
68	25	7
65	28	7
43	1	0
85	7	1
91	21	5
77	26	7
63	28	7
40	4	0
82	3	0
41	0	0
74	33	8
42	5	0
84	21	5
34	27	7
59	7	1
34	15	3
42	22	5
41	6	1
75	19	4
79	7	1
47	2	0
62	11	2
51	21	5
86	26	7
47	28	7
82	2	0
73	3	0
64	8	1
53	26	7
32	16	3
30	7	1
87	26	7
48	20	5
29	2	0
32	8	1
64	6	1
45	25	7
36	0	0
57	28	7
71	20	5
79	1	0
57	19	4
52	19	4
90	2	0
91	6	1
48	2	0
39	7	1
35	8	1
73	29	8
45	22	5
30	3	0
39	11	2
50	6	1
55	14	3
47	0	0
29	10	2
73	28	7
65	27	7
59	15	3
86	11	2
62	26	7
91	26	7
90	1	0
65	21	5
35	27	7
84	0	0
47	5	0
35	12	3
34	0	0
46	7	1
31	6	1
90	19	4
55	35	8
88	3	0
56	26	7
63	15	3
69	28	7
44	7	1
36	20	5
67	0	0
39	30	8
41	20	5
66	0	0
34	11	2
31	22	5
40	0	0
81	3	0
75	26	7
76	8	1
55	19	4
33	26	7
85	0	0
61	28	7
49	26	7
50	22	5
35	7	1
40	22	5
48	26	7
34	7	1
33	10	2
46	0	0
59	0	0
49	7	1
72	19	4
56	35	8
44	26	7
31	25	7
47	11	2
29	27	7
47	8	1
35	11	2
46	30	8
79	33	8
90	27	7
58	22	5
73	7	1
92	19	4
50	32	8
90	0	0
40	7	1
72	6	1
60	15	3
83	3	0
42	4	0
36	22	5
53	7	1
64	20	5
89	3	0
52	20	5
46	22	5
79	20	5
63	26	7
69	11	2
33	27	7
42	0	0
75	25	7
65	8	1
45	2	0
71	26	7
82	8	1
66	12	3
35	10	2
59	26	7
64	26	7
69	21	5
70	28	7
48	27	7
65	26	7
64	29	8
32	25	7
60	7	1
41	3	0
61	8	1
42	21	5
65	3	0
66	23	6
88	0	0
56	25	7
72	25	7
45	5	0
61	23	6
40	25	7
33	8	1
63	7	1
39	3	0
63	25	7
29	6	1
45	28	7
87	22	5
45	7	1
68	22	5
50	27	7
87	27	7
31	21	5
58	12	3
69	12	3
37	28	7
56	0	0
54	17	3
43	27	7
29	0	0
89	26	7
73	22	5
87	28	7
62	21	5
66	10	2
41	21	5
75	21	5
72	20	5
66	28	7
76	32	8
40	1	0
42	2	0
44	3	0
53	17	3
60	35	8
46	19	4
68	28	7
47	22	5
63	8	1
61	18	4
88	16	3
48	5	0
72	34	8
32	7	1
69	8	1
90	11	2
74	10	2
86	15	3
68	8	1
67	27	7
69	15	3
73	10	2
82	20	5
84	6	1
90	25	7
57	35	8
35	21	5
69	0	0
71	8	1
70	0	0
36	11	2
48	10	2
64	12	3
75	2	0
78	33	8
85	27	7
52	11	2
43	20	5
61	6	1
47	3	0
87	0	0
86	25	7
66	9	1
37	31	8
48	8	1
29	19	4
45	26	7
92	27	7
48	25	7
32	26	7
91	28	7
82	15	3
59	18	4
56	10	2
43	0	0
85	6	1
61	15	3
62	15	3
58	17	3
62	25	7
58	11	2
68	6	1
80	0	0
56	15	3
80	28	7
54	28	7
68	0	0
46	1	0
88	27	7
60	11	2
64	15	3
74	19	4
54	27	7
42	19	4
50	28	7
31	27	7
33	0	0
55	28	7
91	25	7
71	28	7
55	10	2
40	30	8
36	21	5
49	10	2
32	11	2
56	12	3
48	3	0
54	6	1
60	6	1
64	19	4
42	6	1
64	16	3
59	25	7
29	17	3
65	2	0
45	8	1
92	0	0
83	7	1
41	30	8
30	4	0
61	0	0
73	8	1
31	28	7
52	8	1
63	18	4
32	22	5
51	15	3
74	20	5
54	14	3
81	6	1
73	0	0
66	25	7
86	21	5
39	28	7
89	6	1
49	8	1
36	2	0
45	4	0
84	30	8
70	26	7
52	21	5
65	7	1
