(29, 0, 5)	nan
(29, 50, 5)	(50, 0, 0)	nan
(29, 50, 5)	(50, 0, 5)	nan
(29, 50, 5)	(50, 32, 8)	(32, 0, 0)	nan
(29, 50, 5)	(50, 32, 1)	(32, 0, 0)	nan
(29, 50, 5)	(50, 36, 5)	(36, 0, 0)	nan
(29, 50, 5)	(50, 36, 5)	(36, 0, 0)	nan
(29, 50, 5)	(50, 36, 5)	(36, 0, 4)	nan
(29, 50, 5)	(50, 36, 5)	(36, 0, 6)	nan
(29, 50, 5)	(50, 30, 8)	(30, 0, 0)	nan
(29, 50, 5)	(50, 30, 8)	(30, 0, 4)	nan
(29, 50, 5)	(50, 61, 5)	(61, 0, 0)	nan
(29, 50, 5)	(50, 61, 5)	(61, 0, 5)	nan
(29, 50, 5)	(50, 34, 8)	(34, 0, 0)	nan
(29, 50, 5)	(50, 34, 8)	(34, 0, 2)	nan
(29, 50, 5)	(50, 31, 7)	(31, 0, 0)	nan
(29, 50, 5)	(50, 31, 7)	(31, 0, 0)	nan
(29, 50, 5)	(50, 31, 7)	(31, 0, 8)	nan
(29, 50, 5)	(50, 57, 3)	(57, 0, 0)	nan
(29, 50, 5)	(50, 57, 3)	(57, 0, 3)	nan
(29, 50, 5)	(50, 57, 3)	(57, 0, 5)	nan
(29, 50, 5)	(50, 78, 8)	(78, 0, 0)	nan
(29, 50, 5)	(50, 78, 8)	(78, 0, 6)	nan
(29, 88, 0)	(88, 0, 0)	nan
(29, 88, 0)	(88, 0, 3)	nan
(29, 88, 0)	(88, 0, 7)	nan
(29, 88, 0)	(88, 31, 1)	(31, 0, 0)	nan
(29, 88, 0)	(88, 31, 1)	(31, 0, 0)	nan
(29, 88, 0)	(88, 31, 1)	(31, 0, 8)	nan
(29, 88, 0)	(88, 43, 1)	(43, 0, 0)	nan
(29, 88, 0)	(88, 43, 1)	(43, 0, 1)	nan
(29, 35, 1)	(35, 0, 0)	nan
(29, 35, 1)	(35, 0, 3)	nan
(29, 35, 1)	(35, 0, 4)	nan
(29, 35, 1)	(35, 68, 7)	(68, 0, 0)	nan
(29, 35, 1)	(35, 68, 7)	(68, 0, 6)	nan
(29, 35, 1)	(35, 56, 1)	(56, 0, 0)	nan
(29, 35, 1)	(35, 56, 1)	(56, 0, 4)	nan
(29, 35, 1)	(35, 30, 8)	(30, 0, 0)	nan
(29, 35, 1)	(35, 30, 8)	(30, 0, 4)	nan
(29, 35, 1)	(35, 52, 3)	(52, 0, 0)	nan
(29, 35, 1)	(35, 52, 3)	(52, 0, 1)	nan
(29, 35, 1)	(35, 75, 7)	(75, 0, 0)	nan
(29, 35, 1)	(35, 75, 7)	(75, 0, 2)	nan
(29, 35, 1)	(35, 88, 1)	(88, 0, 0)	nan
(29, 35, 1)	(35, 88, 1)	(88, 0, 3)	nan
(29, 35, 1)	(35, 88, 1)	(88, 0, 7)	nan
(29, 52, 7)	(52, 0, 0)	nan
(29, 52, 7)	(52, 0, 1)	nan
(29, 52, 7)	(52, 33, 1)	(33, 0, 0)	nan
