(29, 50, 5)	(50, 14, 3)	nan
(29, 50, 5)	(50, 32, 8)	(32, 14, 3)	nan
(29, 50, 5)	(50, 32, 1)	(32, 14, 3)	nan
(29, 50, 5)	(50, 57, 3)	(57, 14, 3)	nan
(29, 50, 5)	(50, 78, 8)	(78, 14, 7)	nan
(29, 88, 0)	(88, 14, 0)	nan
(29, 35, 1)	(35, 68, 7)	(68, 14, 3)	nan
(29, 35, 1)	(35, 68, 7)	(68, 14, 6)	nan
(29, 35, 1)	(35, 52, 3)	(52, 14, 3)	nan
(29, 35, 1)	(35, 88, 1)	(88, 14, 0)	nan
(29, 52, 7)	(52, 14, 3)	nan
(29, 52, 7)	(52, 33, 1)	(33, 14, 3)	nan
(29, 52, 7)	(52, 33, 1)	(33, 14, 2)	nan
(29, 76, 3)	(76, 32, 8)	(32, 14, 3)	nan
(29, 76, 3)	(76, 32, 8)	(32, 14, 3)	nan
(29, 76, 3)	(76, 32, 0)	(32, 14, 3)	nan
(29, 86, 1)	(86, 33, 8)	(33, 14, 3)	nan
(29, 86, 1)	(86, 33, 8)	(33, 14, 2)	nan
(29, 86, 1)	(86, 33, 8)	(33, 14, 3)	nan
(29, 86, 1)	(86, 33, 8)	(33, 14, 2)	nan
(29, 86, 1)	(86, 33, 3)	(33, 14, 3)	nan
(29, 86, 1)	(86, 33, 3)	(33, 14, 2)	nan
(29, 86, 1)	(86, 66, 2)	(66, 14, 3)	nan
(29, 86, 1)	(86, 73, 3)	(73, 14, 3)	nan
(29, 86, 1)	(86, 53, 7)	(53, 14, 3)	nan
(29, 86, 1)	(86, 53, 7)	(53, 14, 3)	nan
(29, 86, 1)	(86, 53, 7)	(53, 14, 5)	nan
