(29, 11, 7)	nan
(29, 50, 5)	(50, 32, 8)	(32, 11, 2)	nan
(29, 50, 5)	(50, 32, 1)	(32, 11, 2)	nan
(29, 50, 5)	(50, 36, 5)	(36, 11, 2)	nan
(29, 50, 5)	(50, 36, 5)	(36, 11, 2)	nan
(29, 50, 5)	(50, 36, 5)	(36, 11, 8)	nan
(29, 50, 5)	(50, 30, 8)	(30, 11, 2)	nan
(29, 50, 5)	(50, 61, 5)	(61, 11, 2)	nan
(29, 50, 5)	(50, 61, 5)	(61, 11, 2)	nan
(29, 50, 5)	(50, 61, 5)	(61, 11, 5)	nan
(29, 50, 5)	(50, 34, 8)	(34, 11, 2)	nan
(29, 50, 5)	(50, 34, 8)	(34, 11, 8)	nan
(29, 50, 5)	(50, 31, 7)	(31, 11, 2)	nan
(29, 50, 5)	(50, 31, 7)	(31, 11, 5)	nan
(29, 50, 5)	(50, 78, 8)	(78, 11, 2)	nan
(29, 50, 5)	(50, 78, 8)	(78, 11, 2)	nan
(29, 50, 5)	(50, 78, 8)	(78, 11, 2)	nan
(29, 88, 0)	(88, 11, 2)	nan
(29, 88, 0)	(88, 11, 1)	nan
(29, 88, 0)	(88, 31, 1)	(31, 11, 2)	nan
(29, 88, 0)	(88, 31, 1)	(31, 11, 5)	nan
(29, 88, 0)	(88, 43, 1)	(43, 11, 2)	nan
(29, 35, 1)	(35, 11, 2)	nan
(29, 35, 1)	(35, 11, 8)	nan
(29, 35, 1)	(35, 74, 5)	(74, 11, 2)	nan
(29, 35, 1)	(35, 74, 5)	(74, 11, 7)	nan
(29, 35, 1)	(35, 74, 5)	(74, 11, 3)	nan
(29, 35, 1)	(35, 68, 7)	(68, 11, 2)	nan
(29, 35, 1)	(35, 68, 7)	(68, 11, 3)	nan
(29, 35, 1)	(35, 56, 1)	(56, 11, 2)	nan
(29, 35, 1)	(35, 56, 1)	(56, 11, 5)	nan
(29, 35, 1)	(35, 30, 8)	(30, 11, 2)	nan
(29, 35, 1)	(35, 52, 3)	(52, 11, 2)	nan
(29, 35, 1)	(35, 52, 3)	(52, 11, 2)	nan
(29, 35, 1)	(35, 52, 3)	(52, 11, 6)	nan
(29, 35, 1)	(35, 75, 7)	(75, 11, 2)	nan
(29, 35, 1)	(35, 75, 7)	(75, 11, 3)	nan
(29, 35, 1)	(35, 88, 1)	(88, 11, 2)	nan
(29, 35, 1)	(35, 88, 1)	(88, 11, 1)	nan
(29, 52, 7)	(52, 11, 2)	nan
(29, 52, 7)	(52, 11, 2)	nan
(29, 52, 7)	(52, 11, 6)	nan
(29, 52, 7)	(52, 33, 1)	(33, 11, 2)	nan
(29, 52, 7)	(52, 79, 7)	(79, 11, 2)	nan
(29, 52, 7)	(52, 79, 7)	(79, 11, 6)	nan
(29, 76, 3)	(76, 32, 8)	(32, 11, 2)	nan
(29, 76, 3)	(76, 32, 8)	(32, 11, 2)	nan
(29, 76, 3)	(76, 32, 0)	(32, 11, 2)	nan
(29, 76, 3)	(76, 11, 2)	nan
