(29, 10, 5)	nan
(29, 10, 4)	nan
(29, 50, 5)	(50, 32, 8)	(32, 10, 2)	nan
(29, 50, 5)	(50, 32, 1)	(32, 10, 2)	nan
(29, 50, 5)	(50, 36, 5)	(36, 10, 2)	nan
(29, 50, 5)	(50, 36, 5)	(36, 10, 2)	nan
(29, 50, 5)	(50, 61, 5)	(61, 10, 2)	nan
(29, 50, 5)	(50, 61, 5)	(61, 10, 2)	nan
(29, 50, 5)	(50, 34, 8)	(34, 10, 2)	nan
(29, 50, 5)	(50, 31, 7)	(31, 10, 2)	nan
(29, 88, 0)	(88, 31, 1)	(31, 10, 2)	nan
(29, 88, 0)	(88, 43, 1)	(43, 10, 2)	nan
(29, 88, 0)	(88, 43, 1)	(43, 10, 2)	nan
(29, 88, 0)	(88, 43, 1)	(43, 10, 2)	nan
(29, 35, 1)	(35, 10, 2)	nan
(29, 35, 1)	(35, 10, 5)	nan
(29, 35, 1)	(35, 74, 5)	(74, 10, 2)	nan
(29, 35, 1)	(35, 74, 5)	(74, 10, 7)	nan
(29, 35, 1)	(35, 68, 7)	(68, 10, 2)	nan
(29, 35, 1)	(35, 56, 1)	(56, 10, 2)	nan
(29, 35, 1)	(35, 56, 1)	(56, 10, 2)	nan
(29, 35, 1)	(35, 56, 1)	(56, 10, 7)	nan
(29, 35, 1)	(35, 52, 3)	(52, 10, 2)	nan
(29, 35, 1)	(35, 52, 3)	(52, 10, 2)	nan
(29, 35, 1)	(35, 52, 3)	(52, 10, 2)	nan
(29, 52, 7)	(52, 33, 1)	(33, 10, 2)	nan
(29, 52, 7)	(52, 10, 2)	nan
(29, 52, 7)	(52, 10, 2)	nan
(29, 52, 7)	(52, 10, 2)	nan
(29, 52, 7)	(52, 79, 7)	(79, 10, 2)	nan
(29, 76, 3)	(76, 32, 8)	(32, 10, 2)	nan
(29, 76, 3)	(76, 32, 8)	(32, 10, 2)	nan
(29, 76, 3)	(76, 32, 0)	(32, 10, 2)	nan
(29, 76, 3)	(76, 10, 2)	nan
(29, 76, 3)	(76, 35, 8)	(35, 10, 2)	nan
(29, 76, 3)	(76, 35, 8)	(35, 10, 5)	nan
(29, 76, 3)	(76, 35, 8)	(35, 10, 2)	nan
(29, 76, 3)	(76, 35, 8)	(35, 10, 5)	nan
(29, 86, 1)	(86, 33, 8)	(33, 10, 2)	nan
(29, 86, 1)	(86, 33, 8)	(33, 10, 2)	nan
(29, 86, 1)	(86, 33, 3)	(33, 10, 2)	nan
(29, 86, 1)	(86, 66, 2)	(66, 10, 2)	nan
(29, 86, 1)	(86, 73, 3)	(73, 10, 2)	nan
(29, 86, 1)	(86, 73, 3)	(73, 10, 7)	nan
(29, 86, 1)	(86, 53, 7)	(53, 10, 2)	nan
(29, 86, 1)	(86, 53, 7)	(53, 10, 7)	nan
(29, 86, 1)	(86, 65, 8)	(65, 10, 2)	nan
(29, 86, 1)	(86, 74, 7)	(74, 10, 2)	nan
(29, 86, 1)	(86, 74, 7)	(74, 10, 7)	nan
