(29, 19, 8)	nan
(29, 50, 5)	(50, 32, 8)	(32, 19, 4)	nan
(29, 50, 5)	(50, 32, 8)	(32, 19, 3)	nan
(29, 50, 5)	(50, 32, 1)	(32, 19, 4)	nan
(29, 50, 5)	(50, 32, 1)	(32, 19, 3)	nan
(29, 50, 5)	(50, 36, 5)	(36, 19, 4)	nan
(29, 50, 5)	(50, 36, 5)	(36, 19, 8)	nan
(29, 50, 5)	(50, 36, 5)	(36, 19, 5)	nan
(29, 50, 5)	(50, 36, 5)	(36, 19, 5)	nan
(29, 50, 5)	(50, 30, 8)	(30, 19, 4)	nan
(29, 50, 5)	(50, 61, 5)	(61, 19, 1)	nan
(29, 50, 5)	(50, 61, 5)	(61, 19, 4)	nan
(29, 50, 5)	(50, 34, 8)	(34, 19, 4)	nan
(29, 50, 5)	(50, 34, 8)	(34, 19, 3)	nan
(29, 50, 5)	(50, 31, 7)	(31, 19, 4)	nan
(29, 50, 5)	(50, 31, 7)	(31, 19, 2)	nan
(29, 50, 5)	(50, 57, 3)	(57, 19, 4)	nan
(29, 50, 5)	(50, 57, 3)	(57, 19, 0)	nan
(29, 50, 5)	(50, 78, 8)	(78, 19, 4)	nan
(29, 50, 5)	(50, 78, 8)	(78, 19, 4)	nan
(29, 50, 5)	(50, 78, 8)	(78, 19, 4)	nan
(29, 88, 0)	(88, 19, 4)	nan
(29, 88, 0)	(88, 19, 0)	nan
(29, 88, 0)	(88, 31, 1)	(31, 19, 4)	nan
(29, 88, 0)	(88, 31, 1)	(31, 19, 2)	nan
(29, 35, 1)	(35, 19, 4)	nan
(29, 35, 1)	(35, 19, 7)	nan
(29, 35, 1)	(35, 74, 5)	(74, 19, 4)	nan
(29, 35, 1)	(35, 74, 5)	(74, 19, 4)	nan
(29, 35, 1)	(35, 74, 5)	(74, 19, 0)	nan
(29, 35, 1)	(35, 74, 5)	(74, 19, 5)	nan
(29, 35, 1)	(35, 74, 5)	(74, 19, 1)	nan
(29, 35, 1)	(35, 74, 5)	(74, 19, 7)	nan
(29, 35, 1)	(35, 68, 7)	(68, 19, 4)	nan
(29, 35, 1)	(35, 68, 7)	(68, 19, 5)	nan
(29, 35, 1)	(35, 56, 1)	(56, 19, 4)	nan
(29, 35, 1)	(35, 56, 1)	(56, 19, 3)	nan
(29, 35, 1)	(35, 30, 8)	(30, 19, 4)	nan
(29, 35, 1)	(35, 52, 3)	(52, 19, 4)	nan
(29, 35, 1)	(35, 52, 3)	(52, 19, 2)	nan
(29, 35, 1)	(35, 75, 7)	(75, 19, 4)	nan
(29, 35, 1)	(35, 75, 7)	(75, 19, 7)	nan
(29, 35, 1)	(35, 88, 1)	(88, 19, 4)	nan
(29, 35, 1)	(35, 88, 1)	(88, 19, 0)	nan
(29, 52, 7)	(52, 19, 4)	nan
(29, 52, 7)	(52, 19, 2)	nan
(29, 52, 7)	(52, 45, 3)	(45, 19, 4)	nan
(29, 52, 7)	(52, 79, 7)	(79, 19, 4)	nan
(29, 52, 7)	(52, 79, 7)	(79, 19, 1)	nan
(29, 76, 3)	(76, 32, 8)	(32, 19, 4)	nan
