(29, 15, 8)	nan
(29, 50, 5)	(50, 30, 8)	(30, 15, 3)	nan
(29, 50, 5)	(50, 61, 5)	(61, 15, 3)	nan
(29, 50, 5)	(50, 61, 5)	(61, 15, 3)	nan
(29, 50, 5)	(50, 61, 5)	(61, 15, 7)	nan
(29, 50, 5)	(50, 15, 3)	nan
(29, 50, 5)	(50, 15, 3)	nan
(29, 50, 5)	(50, 34, 8)	(34, 15, 3)	nan
(29, 50, 5)	(50, 34, 8)	(34, 15, 1)	nan
(29, 50, 5)	(50, 57, 3)	(57, 15, 3)	nan
(29, 50, 5)	(50, 57, 3)	(57, 15, 3)	nan
(29, 50, 5)	(50, 57, 3)	(57, 15, 2)	nan
(29, 50, 5)	(50, 78, 8)	(78, 15, 3)	nan
(29, 88, 0)	(88, 43, 1)	(43, 15, 3)	nan
(29, 88, 0)	(88, 43, 1)	(43, 15, 3)	nan
(29, 35, 1)	(35, 15, 3)	nan
(29, 35, 1)	(35, 15, 8)	nan
(29, 35, 1)	(35, 68, 7)	(68, 15, 3)	nan
(29, 35, 1)	(35, 56, 1)	(56, 15, 3)	nan
(29, 35, 1)	(35, 30, 8)	(30, 15, 3)	nan
(29, 35, 1)	(35, 75, 7)	(75, 15, 3)	nan
(29, 52, 7)	(52, 45, 3)	(45, 15, 3)	nan
(29, 76, 3)	(76, 15, 3)	nan
(29, 76, 3)	(76, 15, 3)	nan
(29, 76, 3)	(76, 37, 8)	(37, 15, 3)	nan
(29, 76, 3)	(76, 40, 1)	(40, 15, 3)	nan
(29, 76, 3)	(76, 35, 8)	(35, 15, 3)	nan
(29, 76, 3)	(76, 35, 8)	(35, 15, 8)	nan
(29, 76, 3)	(76, 35, 8)	(35, 15, 3)	nan
(29, 76, 3)	(76, 35, 8)	(35, 15, 8)	nan
(29, 86, 1)	(86, 15, 3)	nan
(29, 86, 1)	(86, 53, 7)	(53, 15, 3)	nan
(29, 86, 1)	(86, 53, 7)	(53, 15, 4)	nan
(29, 86, 1)	(86, 61, 5)	(61, 15, 3)	nan
(29, 86, 1)	(86, 61, 5)	(61, 15, 3)	nan
(29, 86, 1)	(86, 61, 5)	(61, 15, 7)	nan
(29, 61, 7)	(61, 15, 3)	nan
(29, 61, 7)	(61, 15, 3)	nan
(29, 61, 7)	(61, 15, 7)	nan
(29, 61, 7)	(61, 35, 8)	(35, 15, 3)	nan
(29, 61, 7)	(61, 35, 8)	(35, 15, 8)	nan
(29, 61, 7)	(61, 35, 7)	(35, 15, 3)	nan
(29, 61, 7)	(61, 35, 7)	(35, 15, 8)	nan
(29, 61, 7)	(61, 34, 8)	(34, 15, 3)	nan
(29, 61, 7)	(61, 34, 8)	(34, 15, 1)	nan
(29, 61, 7)	(61, 69, 7)	(69, 15, 3)	nan
(29, 61, 7)	(61, 69, 7)	(69, 15, 3)	nan
(29, 61, 7)	(61, 43, 5)	(43, 15, 3)	nan
(29, 61, 7)	(61, 43, 5)	(43, 15, 3)	nan
(29, 61, 7)	(61, 45, 7)	(45, 15, 3)	nan
