(29, 2, 8)	nan
(29, 2, 7)	nan
(29, 50, 5)	(50, 32, 8)	(32, 2, 7)	nan
(29, 50, 5)	(50, 32, 1)	(32, 2, 7)	nan
(29, 50, 5)	(50, 36, 5)	(36, 2, 0)	nan
(29, 50, 5)	(50, 36, 5)	(36, 2, 0)	nan
(29, 50, 5)	(50, 36, 5)	(36, 2, 3)	nan
(29, 50, 5)	(50, 36, 5)	(36, 2, 6)	nan
(29, 50, 5)	(50, 2, 0)	nan
(29, 50, 5)	(50, 30, 8)	(30, 2, 0)	nan
(29, 50, 5)	(50, 34, 8)	(34, 2, 0)	nan
(29, 50, 5)	(50, 34, 8)	(34, 2, 0)	nan
(29, 50, 5)	(50, 34, 8)	(34, 2, 0)	nan
(29, 50, 5)	(50, 31, 7)	(31, 2, 0)	nan
(29, 50, 5)	(50, 31, 7)	(31, 2, 0)	nan
(29, 50, 5)	(50, 31, 7)	(31, 2, 1)	nan
(29, 50, 5)	(50, 31, 7)	(31, 2, 7)	nan
(29, 50, 5)	(50, 57, 3)	(57, 2, 0)	nan
(29, 50, 5)	(50, 78, 8)	(78, 2, 0)	nan
(29, 50, 5)	(50, 78, 8)	(78, 2, 0)	nan
(29, 88, 0)	(88, 2, 0)	nan
(29, 88, 0)	(88, 2, 6)	nan
(29, 88, 0)	(88, 31, 1)	(31, 2, 0)	nan
(29, 88, 0)	(88, 31, 1)	(31, 2, 0)	nan
(29, 88, 0)	(88, 31, 1)	(31, 2, 1)	nan
(29, 88, 0)	(88, 31, 1)	(31, 2, 7)	nan
(29, 88, 0)	(88, 43, 1)	(43, 2, 0)	nan
(29, 88, 0)	(88, 43, 1)	(43, 2, 8)	nan
(29, 35, 1)	(35, 74, 5)	(74, 2, 0)	nan
(29, 35, 1)	(35, 74, 5)	(74, 2, 0)	nan
(29, 35, 1)	(35, 68, 7)	(68, 2, 0)	nan
(29, 35, 1)	(35, 68, 7)	(68, 2, 0)	nan
(29, 35, 1)	(35, 56, 1)	(56, 2, 0)	nan
(29, 35, 1)	(35, 30, 8)	(30, 2, 0)	nan
(29, 35, 1)	(35, 52, 3)	(52, 2, 0)	nan
(29, 35, 1)	(35, 52, 3)	(52, 2, 0)	nan
(29, 35, 1)	(35, 75, 7)	(75, 2, 0)	nan
(29, 35, 1)	(35, 75, 7)	(75, 2, 5)	nan
(29, 35, 1)	(35, 88, 1)	(88, 2, 0)	nan
(29, 35, 1)	(35, 88, 1)	(88, 2, 6)	nan
(29, 52, 7)	(52, 33, 1)	(33, 2, 0)	nan
(29, 52, 7)	(52, 33, 1)	(33, 2, 3)	nan
(29, 52, 7)	(52, 2, 0)	nan
(29, 52, 7)	(52, 2, 0)	nan
(29, 52, 7)	(52, 45, 3)	(45, 2, 0)	nan
(29, 52, 7)	(52, 45, 3)	(45, 2, 0)	nan
(29, 52, 7)	(52, 45, 3)	(45, 2, 6)	nan
(29, 52, 7)	(52, 45, 3)	(45, 2, 6)	nan
(29, 76, 3)	(76, 32, 8)	(32, 2, 7)	nan
