(29, 27, 5)	nan
(29, 50, 5)	(50, 27, 7)	nan
(29, 50, 5)	(50, 27, 2)	nan
(29, 50, 5)	(50, 30, 8)	(30, 27, 7)	nan
(29, 50, 5)	(50, 61, 5)	(61, 27, 7)	nan
(29, 50, 5)	(50, 61, 5)	(61, 27, 8)	nan
(29, 50, 5)	(50, 34, 8)	(34, 27, 7)	nan
(29, 50, 5)	(50, 34, 8)	(34, 27, 7)	nan
(29, 50, 5)	(50, 31, 7)	(31, 27, 7)	nan
(29, 50, 5)	(50, 31, 7)	(31, 27, 7)	nan
(29, 50, 5)	(50, 31, 7)	(31, 27, 5)	nan
(29, 50, 5)	(50, 31, 7)	(31, 27, 6)	nan
(29, 50, 5)	(50, 57, 3)	(57, 27, 7)	nan
(29, 50, 5)	(50, 57, 3)	(57, 27, 7)	nan
(29, 50, 5)	(50, 57, 3)	(57, 27, 1)	nan
(29, 88, 0)	(88, 27, 7)	nan
(29, 88, 0)	(88, 27, 7)	nan
(29, 88, 0)	(88, 27, 5)	nan
(29, 88, 0)	(88, 27, 3)	nan
(29, 88, 0)	(88, 31, 1)	(31, 27, 7)	nan
(29, 88, 0)	(88, 31, 1)	(31, 27, 7)	nan
(29, 88, 0)	(88, 31, 1)	(31, 27, 5)	nan
(29, 88, 0)	(88, 31, 1)	(31, 27, 6)	nan
(29, 88, 0)	(88, 43, 1)	(43, 27, 7)	nan
(29, 88, 0)	(88, 43, 1)	(43, 27, 2)	nan
(29, 35, 1)	(35, 27, 7)	nan
(29, 35, 1)	(35, 74, 5)	(74, 27, 7)	nan
(29, 35, 1)	(35, 74, 5)	(74, 27, 7)	nan
(29, 35, 1)	(35, 74, 5)	(74, 27, 5)	nan
(29, 35, 1)	(35, 74, 5)	(74, 27, 2)	nan
(29, 35, 1)	(35, 68, 7)	(68, 27, 7)	nan
(29, 35, 1)	(35, 68, 7)	(68, 27, 7)	nan
(29, 35, 1)	(35, 68, 7)	(68, 27, 6)	nan
(29, 35, 1)	(35, 56, 1)	(56, 27, 7)	nan
(29, 35, 1)	(35, 30, 8)	(30, 27, 7)	nan
(29, 35, 1)	(35, 52, 3)	(52, 27, 7)	nan
(29, 35, 1)	(35, 52, 3)	(52, 27, 1)	nan
(29, 35, 1)	(35, 88, 1)	(88, 27, 7)	nan
(29, 35, 1)	(35, 88, 1)	(88, 27, 7)	nan
(29, 35, 1)	(35, 88, 1)	(88, 27, 5)	nan
(29, 35, 1)	(35, 88, 1)	(88, 27, 3)	nan
(29, 52, 7)	(52, 27, 7)	nan
(29, 52, 7)	(52, 27, 1)	nan
(29, 52, 7)	(52, 33, 1)	(33, 27, 7)	nan
(29, 52, 7)	(52, 33, 1)	(33, 27, 0)	nan
(29, 52, 7)	(52, 79, 7)	(79, 27, 7)	nan
(29, 52, 7)	(52, 79, 7)	(79, 27, 7)	nan
(29, 52, 7)	(52, 79, 7)	(79, 27, 5)	nan
(29, 76, 3)	(76, 27, 7)	nan
(29, 76, 3)	(76, 27, 7)	nan
