(29, 28, 3)	nan
(29, 50, 5)	(50, 32, 8)	(32, 28, 7)	nan
(29, 50, 5)	(50, 32, 8)	(32, 28, 7)	nan
(29, 50, 5)	(50, 32, 8)	(32, 28, 4)	nan
(29, 50, 5)	(50, 32, 8)	(32, 28, 3)	nan
(29, 50, 5)	(50, 32, 8)	(32, 28, 5)	nan
(29, 50, 5)	(50, 32, 1)	(32, 28, 7)	nan
(29, 50, 5)	(50, 32, 1)	(32, 28, 7)	nan
(29, 50, 5)	(50, 32, 1)	(32, 28, 4)	nan
(29, 50, 5)	(50, 32, 1)	(32, 28, 3)	nan
(29, 50, 5)	(50, 32, 1)	(32, 28, 5)	nan
(29, 50, 5)	(50, 28, 7)	nan
(29, 50, 5)	(50, 28, 5)	nan
(29, 50, 5)	(50, 36, 5)	(36, 28, 7)	nan
(29, 50, 5)	(50, 36, 5)	(36, 28, 7)	nan
(29, 50, 5)	(50, 36, 5)	(36, 28, 5)	nan
(29, 50, 5)	(50, 36, 5)	(36, 28, 3)	nan
(29, 50, 5)	(50, 61, 5)	(61, 28, 7)	nan
(29, 50, 5)	(50, 61, 5)	(61, 28, 7)	nan
(29, 50, 5)	(50, 61, 5)	(61, 28, 4)	nan
(29, 50, 5)	(50, 61, 5)	(61, 28, 3)	nan
(29, 50, 5)	(50, 31, 7)	(31, 28, 7)	nan
(29, 50, 5)	(50, 31, 7)	(31, 28, 6)	nan
(29, 50, 5)	(50, 57, 3)	(57, 28, 7)	nan
(29, 50, 5)	(50, 57, 3)	(57, 28, 7)	nan
(29, 50, 5)	(50, 57, 3)	(57, 28, 3)	nan
(29, 50, 5)	(50, 57, 3)	(57, 28, 2)	nan
(29, 50, 5)	(50, 78, 8)	(78, 28, 7)	nan
(29, 50, 5)	(50, 78, 8)	(78, 28, 3)	nan
(29, 88, 0)	(88, 28, 7)	nan
(29, 88, 0)	(88, 28, 3)	nan
(29, 88, 0)	(88, 31, 1)	(31, 28, 7)	nan
(29, 88, 0)	(88, 31, 1)	(31, 28, 6)	nan
(29, 88, 0)	(88, 43, 1)	(43, 28, 7)	nan
(29, 88, 0)	(88, 43, 1)	(43, 28, 5)	nan
(29, 88, 0)	(88, 43, 1)	(43, 28, 6)	nan
(29, 35, 1)	(35, 28, 7)	nan
(29, 35, 1)	(35, 28, 1)	nan
(29, 35, 1)	(35, 74, 5)	(74, 28, 7)	nan
(29, 35, 1)	(35, 74, 5)	(74, 28, 7)	nan
(29, 35, 1)	(35, 74, 5)	(74, 28, 8)	nan
(29, 35, 1)	(35, 74, 5)	(74, 28, 3)	nan
(29, 35, 1)	(35, 68, 7)	(68, 28, 7)	nan
(29, 35, 1)	(35, 68, 7)	(68, 28, 2)	nan
(29, 35, 1)	(35, 56, 1)	(56, 28, 7)	nan
(29, 35, 1)	(35, 56, 1)	(56, 28, 2)	nan
(29, 35, 1)	(35, 88, 1)	(88, 28, 7)	nan
(29, 35, 1)	(35, 88, 1)	(88, 28, 3)	nan
(29, 52, 7)	(52, 45, 3)	(45, 28, 7)	nan
(29, 52, 7)	(52, 45, 3)	(45, 28, 2)	nan
