(29, 26, 2)	nan
(29, 50, 5)	(50, 32, 8)	(32, 26, 7)	nan
(29, 50, 5)	(50, 32, 8)	(32, 26, 8)	nan
(29, 50, 5)	(50, 32, 1)	(32, 26, 7)	nan
(29, 50, 5)	(50, 32, 1)	(32, 26, 8)	nan
(29, 50, 5)	(50, 36, 5)	(36, 26, 7)	nan
(29, 50, 5)	(50, 30, 8)	(30, 26, 7)	nan
(29, 50, 5)	(50, 30, 8)	(30, 26, 7)	nan
(29, 50, 5)	(50, 30, 8)	(30, 26, 4)	nan
(29, 50, 5)	(50, 30, 8)	(30, 26, 5)	nan
(29, 50, 5)	(50, 61, 5)	(61, 26, 7)	nan
(29, 50, 5)	(50, 61, 5)	(61, 26, 8)	nan
(29, 50, 5)	(50, 34, 8)	(34, 26, 7)	nan
(29, 50, 5)	(50, 34, 8)	(34, 26, 5)	nan
(29, 50, 5)	(50, 57, 3)	(57, 26, 7)	nan
(29, 50, 5)	(50, 57, 3)	(57, 26, 7)	nan
(29, 50, 5)	(50, 57, 3)	(57, 26, 4)	nan
(29, 50, 5)	(50, 57, 3)	(57, 26, 6)	nan
(29, 50, 5)	(50, 78, 8)	(78, 26, 7)	nan
(29, 50, 5)	(50, 78, 8)	(78, 26, 2)	nan
(29, 88, 0)	(88, 26, 7)	nan
(29, 88, 0)	(88, 26, 7)	nan
(29, 88, 0)	(88, 26, 8)	nan
(29, 88, 0)	(88, 26, 2)	nan
(29, 88, 0)	(88, 43, 1)	(43, 26, 7)	nan
(29, 88, 0)	(88, 43, 1)	(43, 26, 7)	nan
(29, 88, 0)	(88, 43, 1)	(43, 26, 1)	nan
(29, 88, 0)	(88, 43, 1)	(43, 26, 3)	nan
(29, 35, 1)	(35, 26, 7)	nan
(29, 35, 1)	(35, 74, 5)	(74, 26, 7)	nan
(29, 35, 1)	(35, 74, 5)	(74, 26, 0)	nan
(29, 35, 1)	(35, 68, 7)	(68, 26, 7)	nan
(29, 35, 1)	(35, 56, 1)	(56, 26, 7)	nan
(29, 35, 1)	(35, 56, 1)	(56, 26, 2)	nan
(29, 35, 1)	(35, 56, 1)	(56, 26, 3)	nan
(29, 35, 1)	(35, 30, 8)	(30, 26, 7)	nan
(29, 35, 1)	(35, 30, 8)	(30, 26, 7)	nan
(29, 35, 1)	(35, 30, 8)	(30, 26, 4)	nan
(29, 35, 1)	(35, 30, 8)	(30, 26, 5)	nan
(29, 35, 1)	(35, 75, 7)	(75, 26, 7)	nan
(29, 35, 1)	(35, 75, 7)	(75, 26, 8)	nan
(29, 35, 1)	(35, 88, 1)	(88, 26, 7)	nan
(29, 35, 1)	(35, 88, 1)	(88, 26, 7)	nan
(29, 35, 1)	(35, 88, 1)	(88, 26, 8)	nan
(29, 35, 1)	(35, 88, 1)	(88, 26, 2)	nan
(29, 52, 7)	(52, 33, 1)	(33, 26, 7)	nan
(29, 52, 7)	(52, 33, 1)	(33, 26, 7)	nan
(29, 52, 7)	(52, 33, 1)	(33, 26, 0)	nan
(29, 52, 7)	(52, 33, 1)	(33, 26, 4)	nan
(29, 52, 7)	(52, 45, 3)	(45, 26, 7)	nan
