(29, 20, 4)	nan
(29, 50, 5)	(50, 36, 5)	(36, 20, 5)	nan
(29, 50, 5)	(50, 36, 5)	(36, 20, 5)	nan
(29, 50, 5)	(50, 36, 5)	(36, 20, 1)	nan
(29, 50, 5)	(50, 36, 5)	(36, 20, 0)	nan
(29, 50, 5)	(50, 34, 8)	(34, 20, 5)	nan
(29, 50, 5)	(50, 34, 8)	(34, 20, 7)	nan
(29, 50, 5)	(50, 31, 7)	(31, 20, 5)	nan
(29, 50, 5)	(50, 31, 7)	(31, 20, 7)	nan
(29, 50, 5)	(50, 78, 8)	(78, 20, 5)	nan
(29, 50, 5)	(50, 78, 8)	(78, 20, 5)	nan
(29, 88, 0)	(88, 31, 1)	(31, 20, 5)	nan
(29, 88, 0)	(88, 31, 1)	(31, 20, 7)	nan
(29, 88, 0)	(88, 43, 1)	(43, 20, 5)	nan
(29, 88, 0)	(88, 43, 1)	(43, 20, 0)	nan
(29, 35, 1)	(35, 20, 5)	nan
(29, 35, 1)	(35, 20, 7)	nan
(29, 35, 1)	(35, 74, 5)	(74, 20, 5)	nan
(29, 35, 1)	(35, 74, 5)	(74, 20, 2)	nan
(29, 35, 1)	(35, 56, 1)	(56, 20, 2)	nan
(29, 35, 1)	(35, 56, 1)	(56, 20, 5)	nan
(29, 35, 1)	(35, 56, 1)	(56, 20, 5)	nan
(29, 35, 1)	(35, 52, 3)	(52, 20, 5)	nan
(29, 35, 1)	(35, 52, 3)	(52, 20, 5)	nan
(29, 35, 1)	(35, 52, 3)	(52, 20, 7)	nan
(29, 35, 1)	(35, 52, 3)	(52, 20, 1)	nan
(29, 35, 1)	(35, 75, 7)	(75, 20, 5)	nan
(29, 35, 1)	(35, 75, 7)	(75, 20, 7)	nan
(29, 52, 7)	(52, 20, 5)	nan
(29, 52, 7)	(52, 20, 5)	nan
(29, 52, 7)	(52, 20, 7)	nan
(29, 52, 7)	(52, 20, 1)	nan
(29, 52, 7)	(52, 79, 7)	(79, 20, 5)	nan
(29, 52, 7)	(52, 79, 7)	(79, 20, 6)	nan
(29, 76, 3)	(76, 37, 8)	(37, 20, 5)	nan
(29, 76, 3)	(76, 37, 8)	(37, 20, 5)	nan
(29, 76, 3)	(76, 35, 8)	(35, 20, 5)	nan
(29, 76, 3)	(76, 35, 8)	(35, 20, 7)	nan
(29, 76, 3)	(76, 35, 8)	(35, 20, 5)	nan
(29, 76, 3)	(76, 35, 8)	(35, 20, 7)	nan
(29, 76, 3)	(76, 20, 5)	nan
(29, 86, 1)	(86, 66, 2)	(66, 20, 5)	nan
(29, 86, 1)	(86, 77, 7)	(77, 20, 5)	nan
(29, 86, 1)	(86, 20, 5)	nan
(29, 86, 1)	(86, 20, 5)	nan
(29, 86, 1)	(86, 73, 3)	(73, 20, 5)	nan
(29, 86, 1)	(86, 73, 3)	(73, 20, 5)	nan
(29, 86, 1)	(86, 53, 7)	(53, 20, 5)	nan
(29, 86, 1)	(86, 74, 7)	(74, 20, 5)	nan
