(29, 21, 5)	nan
(29, 21, 0)	nan
(29, 21, 2)	nan
(29, 50, 5)	(50, 21, 5)	nan
(29, 50, 5)	(50, 21, 6)	nan
(29, 50, 5)	(50, 36, 5)	(36, 21, 5)	nan
(29, 50, 5)	(50, 36, 5)	(36, 21, 5)	nan
(29, 50, 5)	(50, 36, 5)	(36, 21, 6)	nan
(29, 50, 5)	(50, 36, 5)	(36, 21, 6)	nan
(29, 50, 5)	(50, 30, 8)	(30, 21, 5)	nan
(29, 50, 5)	(50, 30, 8)	(30, 21, 3)	nan
(29, 50, 5)	(50, 61, 5)	(61, 21, 5)	nan
(29, 50, 5)	(50, 34, 8)	(34, 21, 5)	nan
(29, 50, 5)	(50, 31, 7)	(31, 21, 5)	nan
(29, 50, 5)	(50, 31, 7)	(31, 21, 3)	nan
(29, 50, 5)	(50, 78, 8)	(78, 21, 5)	nan
(29, 50, 5)	(50, 78, 8)	(78, 21, 5)	nan
(29, 88, 0)	(88, 31, 1)	(31, 21, 5)	nan
(29, 88, 0)	(88, 31, 1)	(31, 21, 3)	nan
(29, 88, 0)	(88, 43, 1)	(43, 21, 5)	nan
(29, 88, 0)	(88, 43, 1)	(43, 21, 5)	nan
(29, 88, 0)	(88, 43, 1)	(43, 21, 0)	nan
(29, 88, 0)	(88, 43, 1)	(43, 21, 7)	nan
(29, 88, 0)	(88, 43, 1)	(43, 21, 1)	nan
(29, 35, 1)	(35, 21, 5)	nan
(29, 35, 1)	(35, 21, 3)	nan
(29, 35, 1)	(35, 74, 5)	(74, 21, 5)	nan
(29, 35, 1)	(35, 74, 5)	(74, 21, 0)	nan
(29, 35, 1)	(35, 68, 7)	(68, 21, 5)	nan
(29, 35, 1)	(35, 68, 7)	(68, 21, 5)	nan
(29, 35, 1)	(35, 68, 7)	(68, 21, 7)	nan
(29, 35, 1)	(35, 68, 7)	(68, 21, 2)	nan
(29, 35, 1)	(35, 56, 1)	(56, 21, 5)	nan
(29, 35, 1)	(35, 30, 8)	(30, 21, 5)	nan
(29, 35, 1)	(35, 30, 8)	(30, 21, 3)	nan
(29, 35, 1)	(35, 52, 3)	(52, 21, 5)	nan
(29, 35, 1)	(35, 52, 3)	(52, 21, 5)	nan
(29, 35, 1)	(35, 52, 3)	(52, 21, 8)	nan
(29, 35, 1)	(35, 52, 3)	(52, 21, 4)	nan
(29, 35, 1)	(35, 75, 7)	(75, 21, 5)	nan
(29, 35, 1)	(35, 75, 7)	(75, 21, 5)	nan
(29, 35, 1)	(35, 75, 7)	(75, 21, 0)	nan
(29, 35, 1)	(35, 75, 7)	(75, 21, 4)	nan
(29, 52, 7)	(52, 21, 5)	nan
(29, 52, 7)	(52, 21, 5)	nan
(29, 52, 7)	(52, 21, 8)	nan
(29, 52, 7)	(52, 21, 4)	nan
(29, 52, 7)	(52, 33, 1)	(33, 21, 5)	nan
(29, 52, 7)	(52, 79, 7)	(79, 21, 5)	nan
(29, 52, 7)	(52, 79, 7)	(79, 21, 5)	nan
