(29, 3, 0)	nan
(29, 50, 5)	(50, 32, 8)	(32, 3, 0)	nan
(29, 50, 5)	(50, 32, 8)	(32, 3, 0)	nan
(29, 50, 5)	(50, 32, 8)	(32, 3, 0)	nan
(29, 50, 5)	(50, 32, 1)	(32, 3, 0)	nan
(29, 50, 5)	(50, 32, 1)	(32, 3, 0)	nan
(29, 50, 5)	(50, 32, 1)	(32, 3, 0)	nan
(29, 50, 5)	(50, 36, 5)	(36, 3, 0)	nan
(29, 50, 5)	(50, 30, 8)	(30, 3, 0)	nan
(29, 50, 5)	(50, 30, 8)	(30, 3, 3)	nan
(29, 50, 5)	(50, 61, 5)	(61, 3, 0)	nan
(29, 50, 5)	(50, 61, 5)	(61, 3, 0)	nan
(29, 50, 5)	(50, 34, 8)	(34, 3, 0)	nan
(29, 50, 5)	(50, 78, 8)	(78, 3, 0)	nan
(29, 88, 0)	(88, 3, 0)	nan
(29, 88, 0)	(88, 3, 0)	nan
(29, 88, 0)	(88, 3, 3)	nan
(29, 88, 0)	(88, 43, 1)	(43, 3, 0)	nan
(29, 35, 1)	(35, 74, 5)	(74, 3, 0)	nan
(29, 35, 1)	(35, 68, 7)	(68, 3, 5)	nan
(29, 35, 1)	(35, 30, 8)	(30, 3, 0)	nan
(29, 35, 1)	(35, 30, 8)	(30, 3, 3)	nan
(29, 35, 1)	(35, 3, 0)	nan
(29, 35, 1)	(35, 52, 3)	(52, 3, 1)	nan
(29, 35, 1)	(35, 88, 1)	(88, 3, 0)	nan
(29, 35, 1)	(35, 88, 1)	(88, 3, 0)	nan
(29, 35, 1)	(35, 88, 1)	(88, 3, 3)	nan
(29, 52, 7)	(52, 3, 1)	nan
(29, 52, 7)	(52, 79, 7)	(79, 3, 0)	nan
(29, 76, 3)	(76, 32, 8)	(32, 3, 0)	nan
(29, 76, 3)	(76, 32, 8)	(32, 3, 0)	nan
(29, 76, 3)	(76, 32, 8)	(32, 3, 0)	nan
(29, 76, 3)	(76, 32, 8)	(32, 3, 0)	nan
(29, 76, 3)	(76, 32, 8)	(32, 3, 0)	nan
(29, 76, 3)	(76, 32, 8)	(32, 3, 0)	nan
(29, 76, 3)	(76, 32, 0)	(32, 3, 0)	nan
(29, 76, 3)	(76, 32, 0)	(32, 3, 0)	nan
(29, 76, 3)	(76, 32, 0)	(32, 3, 0)	nan
(29, 76, 3)	(76, 37, 8)	(37, 3, 0)	nan
(29, 76, 3)	(76, 35, 8)	(35, 3, 0)	nan
(29, 76, 3)	(76, 35, 8)	(35, 3, 0)	nan
(29, 76, 3)	(76, 3, 0)	nan
(29, 86, 1)	(86, 77, 7)	(77, 3, 0)	nan
(29, 86, 1)	(86, 73, 3)	(73, 3, 0)	nan
(29, 86, 1)	(86, 65, 8)	(65, 3, 0)	nan
(29, 86, 1)	(86, 65, 8)	(65, 3, 0)	nan
(29, 86, 1)	(86, 65, 8)	(65, 3, 7)	nan
(29, 86, 1)	(86, 74, 7)	(74, 3, 0)	nan
(29, 86, 1)	(86, 61, 5)	(61, 3, 0)	nan
(29, 86, 1)	(86, 61, 5)	(61, 3, 0)	nan
(29, 61, 7)	(61, 35, 8)	(35, 3, 0)	nan
