(29, 6, 2)	nan
(29, 50, 5)	(50, 6, 1)	nan
(29, 50, 5)	(50, 6, 1)	nan
(29, 50, 5)	(50, 6, 5)	nan
(29, 50, 5)	(50, 6, 7)	nan
(29, 50, 5)	(50, 61, 5)	(61, 6, 1)	nan
(29, 50, 5)	(50, 61, 5)	(61, 6, 1)	nan
(29, 50, 5)	(50, 34, 8)	(34, 6, 1)	nan
(29, 50, 5)	(50, 34, 8)	(34, 6, 6)	nan
(29, 50, 5)	(50, 31, 7)	(31, 6, 1)	nan
(29, 50, 5)	(50, 31, 7)	(31, 6, 8)	nan
(29, 50, 5)	(50, 78, 8)	(78, 6, 1)	nan
(29, 88, 0)	(88, 6, 1)	nan
(29, 88, 0)	(88, 31, 1)	(31, 6, 1)	nan
(29, 88, 0)	(88, 31, 1)	(31, 6, 8)	nan
(29, 88, 0)	(88, 43, 1)	(43, 6, 1)	nan
(29, 88, 0)	(88, 43, 1)	(43, 6, 3)	nan
(29, 35, 1)	(35, 6, 1)	nan
(29, 35, 1)	(35, 6, 1)	nan
(29, 35, 1)	(35, 74, 5)	(74, 6, 1)	nan
(29, 35, 1)	(35, 74, 5)	(74, 6, 1)	nan
(29, 35, 1)	(35, 74, 5)	(74, 6, 3)	nan
(29, 35, 1)	(35, 74, 5)	(74, 6, 2)	nan
(29, 35, 1)	(35, 68, 7)	(68, 6, 1)	nan
(29, 35, 1)	(35, 68, 7)	(68, 6, 1)	nan
(29, 35, 1)	(35, 68, 7)	(68, 6, 3)	nan
(29, 35, 1)	(35, 56, 1)	(56, 6, 5)	nan
(29, 35, 1)	(35, 52, 3)	(52, 6, 1)	nan
(29, 35, 1)	(35, 52, 3)	(52, 6, 0)	nan
(29, 35, 1)	(35, 88, 1)	(88, 6, 1)	nan
(29, 52, 7)	(52, 6, 1)	nan
(29, 52, 7)	(52, 6, 0)	nan
(29, 52, 7)	(52, 45, 3)	(45, 6, 1)	nan
(29, 52, 7)	(52, 45, 3)	(45, 6, 3)	nan
(29, 52, 7)	(52, 79, 7)	(79, 6, 1)	nan
(29, 52, 7)	(52, 79, 7)	(79, 6, 4)	nan
(29, 76, 3)	(76, 6, 1)	nan
(29, 76, 3)	(76, 6, 1)	nan
(29, 76, 3)	(76, 6, 1)	nan
(29, 76, 3)	(76, 6, 1)	nan
(29, 76, 3)	(76, 6, 1)	nan
(29, 76, 3)	(76, 6, 1)	nan
(29, 76, 3)	(76, 6, 1)	nan
(29, 76, 3)	(76, 37, 8)	(37, 6, 7)	nan
(29, 76, 3)	(76, 40, 1)	(40, 6, 1)	nan
(29, 76, 3)	(76, 40, 1)	(40, 6, 1)	nan
(29, 76, 3)	(76, 40, 1)	(40, 6, 8)	nan
(29, 76, 3)	(76, 40, 1)	(40, 6, 3)	nan
(29, 76, 3)	(76, 35, 8)	(35, 6, 1)	nan
(29, 76, 3)	(76, 35, 8)	(35, 6, 1)	nan
