(29, 50, 5)	(50, 32, 8)	(32, 8, 1)	nan
(29, 50, 5)	(50, 32, 8)	(32, 8, 1)	nan
(29, 50, 5)	(50, 32, 8)	(32, 8, 5)	nan
(29, 50, 5)	(50, 32, 1)	(32, 8, 1)	nan
(29, 50, 5)	(50, 32, 1)	(32, 8, 1)	nan
(29, 50, 5)	(50, 32, 1)	(32, 8, 5)	nan
(29, 50, 5)	(50, 36, 5)	(36, 8, 1)	nan
(29, 50, 5)	(50, 36, 5)	(36, 8, 2)	nan
(29, 50, 5)	(50, 61, 5)	(61, 8, 1)	nan
(29, 50, 5)	(50, 61, 5)	(61, 8, 1)	nan
(29, 50, 5)	(50, 61, 5)	(61, 8, 3)	nan
(29, 50, 5)	(50, 61, 5)	(61, 8, 0)	nan
(29, 50, 5)	(50, 34, 8)	(34, 8, 1)	nan
(29, 50, 5)	(50, 34, 8)	(34, 8, 1)	nan
(29, 50, 5)	(50, 34, 8)	(34, 8, 2)	nan
(29, 50, 5)	(50, 34, 8)	(34, 8, 4)	nan
(29, 50, 5)	(50, 57, 3)	(57, 8, 1)	nan
(29, 50, 5)	(50, 57, 3)	(57, 8, 3)	nan
(29, 50, 5)	(50, 78, 8)	(78, 8, 1)	nan
(29, 50, 5)	(50, 78, 8)	(78, 8, 1)	nan
(29, 50, 5)	(50, 78, 8)	(78, 8, 1)	nan
(29, 50, 5)	(50, 78, 8)	(78, 8, 1)	nan
(29, 50, 5)	(50, 78, 8)	(78, 8, 1)	nan
(29, 88, 0)	(88, 8, 1)	nan
(29, 88, 0)	(88, 8, 1)	nan
(29, 88, 0)	(88, 43, 1)	(43, 8, 1)	nan
(29, 88, 0)	(88, 43, 1)	(43, 8, 2)	nan
(29, 35, 1)	(35, 8, 1)	nan
(29, 35, 1)	(35, 8, 4)	nan
(29, 35, 1)	(35, 68, 7)	(68, 8, 1)	nan
(29, 35, 1)	(35, 68, 7)	(68, 8, 8)	nan
(29, 35, 1)	(35, 52, 3)	(52, 8, 1)	nan
(29, 35, 1)	(35, 52, 3)	(52, 8, 5)	nan
(29, 35, 1)	(35, 52, 3)	(52, 8, 3)	nan
(29, 35, 1)	(35, 75, 7)	(75, 8, 1)	nan
(29, 35, 1)	(35, 75, 7)	(75, 8, 4)	nan
(29, 35, 1)	(35, 88, 1)	(88, 8, 1)	nan
(29, 35, 1)	(35, 88, 1)	(88, 8, 1)	nan
(29, 52, 7)	(52, 8, 1)	nan
(29, 52, 7)	(52, 8, 5)	nan
(29, 52, 7)	(52, 8, 3)	nan
(29, 52, 7)	(52, 33, 1)	(33, 8, 1)	nan
(29, 52, 7)	(52, 33, 1)	(33, 8, 1)	nan
(29, 52, 7)	(52, 33, 1)	(33, 8, 3)	nan
(29, 52, 7)	(52, 33, 1)	(33, 8, 6)	nan
(29, 52, 7)	(52, 33, 1)	(33, 8, 7)	nan
(29, 52, 7)	(52, 45, 3)	(45, 8, 1)	nan
(29, 52, 7)	(52, 45, 3)	(45, 8, 1)	nan
(29, 52, 7)	(52, 45, 3)	(45, 8, 3)	nan
(29, 52, 7)	(52, 45, 3)	(45, 8, 3)	nan
