(29, 50, 5)	(50, 36, 5)	(36, 9, 1)	nan
(29, 50, 5)	(50, 61, 5)	(61, 9, 1)	nan
(29, 50, 5)	(50, 31, 7)	(31, 9, 1)	nan
(29, 50, 5)	(50, 9, 1)	nan
(29, 50, 5)	(50, 78, 8)	(78, 9, 1)	nan
(29, 88, 0)	(88, 9, 1)	nan
(29, 88, 0)	(88, 9, 0)	nan
(29, 88, 0)	(88, 31, 1)	(31, 9, 1)	nan
(29, 35, 1)	(35, 9, 1)	nan
(29, 35, 1)	(35, 9, 1)	nan
(29, 35, 1)	(35, 68, 7)	(68, 9, 1)	nan
(29, 35, 1)	(35, 88, 1)	(88, 9, 1)	nan
(29, 35, 1)	(35, 88, 1)	(88, 9, 0)	nan
(29, 52, 7)	(52, 45, 3)	(45, 9, 1)	nan
(29, 76, 3)	(76, 35, 8)	(35, 9, 1)	nan
(29, 76, 3)	(76, 35, 8)	(35, 9, 1)	nan
(29, 76, 3)	(76, 35, 8)	(35, 9, 1)	nan
(29, 76, 3)	(76, 35, 8)	(35, 9, 1)	nan
(29, 86, 1)	(86, 66, 2)	(66, 9, 1)	nan
(29, 86, 1)	(86, 66, 2)	(66, 9, 8)	nan
(29, 86, 1)	(86, 77, 7)	(77, 9, 7)	nan
(29, 86, 1)	(86, 53, 7)	(53, 9, 1)	nan
(29, 86, 1)	(86, 61, 5)	(61, 9, 1)	nan
(29, 61, 7)	(61, 35, 8)	(35, 9, 1)	nan
(29, 61, 7)	(61, 35, 8)	(35, 9, 1)	nan
(29, 61, 7)	(61, 35, 7)	(35, 9, 1)	nan
(29, 61, 7)	(61, 35, 7)	(35, 9, 1)	nan
(29, 61, 7)	(61, 36, 3)	(36, 9, 1)	nan
(29, 61, 7)	(61, 36, 1)	(36, 9, 1)	nan
(29, 61, 7)	(61, 45, 7)	(45, 9, 1)	nan
(29, 61, 7)	(61, 9, 1)	nan
(29, 61, 7)	(61, 77, 7)	(77, 9, 7)	nan
(29, 61, 7)	(61, 92, 7)	(92, 9, 1)	nan
