(30, 72, 4)	(72, 34, 8)	(34, 10, 2)	nan
(30, 72, 4)	(72, 34, 3)	(34, 10, 2)	nan
(30, 72, 4)	(72, 58, 7)	(58, 10, 2)	nan
(30, 72, 4)	(72, 58, 7)	(58, 10, 2)	nan
(30, 72, 4)	(72, 58, 7)	(58, 10, 6)	nan
(30, 72, 4)	(72, 58, 7)	(58, 10, 4)	nan
(30, 72, 4)	(72, 58, 7)	(58, 10, 4)	nan
(30, 72, 4)	(72, 66, 1)	(66, 10, 2)	nan
(30, 72, 4)	(72, 46, 5)	(46, 10, 2)	nan
(30, 72, 4)	(72, 46, 5)	(46, 10, 8)	nan
(30, 72, 4)	(72, 10, 2)	nan
(30, 60, 7)	(60, 35, 8)	(35, 10, 2)	nan
(30, 60, 7)	(60, 35, 8)	(35, 10, 5)	nan
(30, 60, 7)	(60, 35, 8)	(35, 10, 2)	nan
(30, 60, 7)	(60, 35, 8)	(35, 10, 5)	nan
(30, 60, 7)	(60, 32, 8)	(32, 10, 2)	nan
(30, 60, 7)	(60, 10, 2)	nan
(30, 60, 7)	(60, 10, 2)	nan
(30, 60, 7)	(60, 36, 1)	(36, 10, 2)	nan
(30, 60, 7)	(60, 36, 1)	(36, 10, 2)	nan
(30, 60, 7)	(60, 79, 1)	(79, 10, 2)	nan
(30, 60, 7)	(60, 34, 6)	(34, 10, 2)	nan
(30, 60, 7)	(60, 74, 1)	(74, 10, 2)	nan
(30, 60, 7)	(60, 74, 1)	(74, 10, 7)	nan
(30, 60, 0)	(60, 35, 8)	(35, 10, 2)	nan
(30, 60, 0)	(60, 35, 8)	(35, 10, 5)	nan
(30, 60, 0)	(60, 35, 8)	(35, 10, 2)	nan
(30, 60, 0)	(60, 35, 8)	(35, 10, 5)	nan
(30, 60, 0)	(60, 32, 8)	(32, 10, 2)	nan
(30, 60, 0)	(60, 10, 2)	nan
(30, 60, 0)	(60, 10, 2)	nan
(30, 60, 0)	(60, 36, 1)	(36, 10, 2)	nan
(30, 60, 0)	(60, 36, 1)	(36, 10, 2)	nan
(30, 60, 0)	(60, 79, 1)	(79, 10, 2)	nan
(30, 60, 0)	(60, 34, 6)	(34, 10, 2)	nan
(30, 60, 0)	(60, 74, 1)	(74, 10, 2)	nan
(30, 60, 0)	(60, 74, 1)	(74, 10, 7)	nan
(30, 75, 7)	(75, 33, 8)	(33, 10, 2)	nan
(30, 75, 7)	(75, 33, 8)	(33, 10, 2)	nan
(30, 75, 7)	(75, 33, 6)	(33, 10, 2)	nan
(30, 75, 7)	(75, 33, 5)	(33, 10, 2)	nan
(30, 75, 7)	(75, 34, 8)	(34, 10, 2)	nan
(30, 75, 7)	(75, 72, 5)	(72, 10, 2)	nan
(30, 75, 7)	(75, 73, 1)	(73, 10, 2)	nan
(30, 75, 7)	(75, 73, 1)	(73, 10, 7)	nan
(30, 88, 5)	(88, 31, 1)	(31, 10, 2)	nan
(30, 88, 5)	(88, 43, 1)	(43, 10, 2)	nan
(30, 88, 5)	(88, 43, 1)	(43, 10, 2)	nan
(30, 88, 5)	(88, 43, 1)	(43, 10, 2)	nan
(30, 34, 8)	(34, 10, 2)	nan
(30, 34, 8)	(34, 59, 7)	(59, 10, 2)	nan
