(30, 72, 4)	(72, 34, 8)	(34, 15, 3)	nan
(30, 72, 4)	(72, 34, 8)	(34, 15, 1)	nan
(30, 72, 4)	(72, 34, 3)	(34, 15, 3)	nan
(30, 72, 4)	(72, 34, 3)	(34, 15, 1)	nan
(30, 72, 4)	(72, 15, 3)	nan
(30, 72, 4)	(72, 15, 3)	nan
(30, 72, 4)	(72, 15, 3)	nan
(30, 72, 4)	(72, 15, 3)	nan
(30, 60, 7)	(60, 35, 8)	(35, 15, 3)	nan
(30, 60, 7)	(60, 35, 8)	(35, 15, 8)	nan
(30, 60, 7)	(60, 35, 8)	(35, 15, 3)	nan
(30, 60, 7)	(60, 35, 8)	(35, 15, 8)	nan
(30, 60, 7)	(60, 15, 3)	nan
(30, 60, 7)	(60, 15, 3)	nan
(30, 60, 7)	(60, 15, 7)	nan
(30, 60, 7)	(60, 15, 0)	nan
(30, 60, 7)	(60, 34, 6)	(34, 15, 3)	nan
(30, 60, 7)	(60, 34, 6)	(34, 15, 1)	nan
(30, 60, 0)	(60, 35, 8)	(35, 15, 3)	nan
(30, 60, 0)	(60, 35, 8)	(35, 15, 8)	nan
(30, 60, 0)	(60, 35, 8)	(35, 15, 3)	nan
(30, 60, 0)	(60, 35, 8)	(35, 15, 8)	nan
(30, 60, 0)	(60, 15, 3)	nan
(30, 60, 0)	(60, 15, 3)	nan
(30, 60, 0)	(60, 15, 7)	nan
(30, 60, 0)	(60, 15, 0)	nan
(30, 60, 0)	(60, 34, 6)	(34, 15, 3)	nan
(30, 60, 0)	(60, 34, 6)	(34, 15, 1)	nan
(30, 75, 7)	(75, 51, 0)	(51, 15, 3)	nan
(30, 75, 7)	(75, 51, 0)	(51, 15, 7)	nan
(30, 75, 7)	(75, 34, 8)	(34, 15, 3)	nan
(30, 75, 7)	(75, 34, 8)	(34, 15, 1)	nan
(30, 75, 7)	(75, 72, 5)	(72, 15, 3)	nan
(30, 75, 7)	(75, 72, 5)	(72, 15, 3)	nan
(30, 75, 7)	(75, 72, 5)	(72, 15, 3)	nan
(30, 75, 7)	(75, 72, 5)	(72, 15, 3)	nan
(30, 75, 7)	(75, 50, 7)	(50, 15, 3)	nan
(30, 75, 7)	(75, 50, 7)	(50, 15, 3)	nan
(30, 75, 7)	(75, 15, 3)	nan
(30, 88, 5)	(88, 43, 1)	(43, 15, 3)	nan
(30, 88, 5)	(88, 43, 1)	(43, 15, 3)	nan
(30, 34, 8)	(34, 15, 3)	nan
(30, 34, 8)	(34, 15, 1)	nan
(30, 34, 8)	(34, 91, 1)	(91, 15, 3)	nan
(30, 34, 8)	(34, 91, 1)	(91, 15, 7)	nan
(30, 34, 8)	(34, 59, 7)	(59, 15, 3)	nan
(30, 34, 8)	(34, 59, 7)	(59, 15, 3)	nan
(30, 34, 8)	(34, 59, 7)	(59, 15, 7)	nan
(30, 34, 8)	(34, 59, 7)	(59, 15, 1)	nan
(30, 34, 8)	(34, 59, 3)	(59, 15, 3)	nan
(30, 34, 8)	(34, 59, 3)	(59, 15, 3)	nan
