(30, 21, 3)	nan
(30, 72, 4)	(72, 21, 5)	nan
(30, 72, 4)	(72, 34, 8)	(34, 21, 5)	nan
(30, 72, 4)	(72, 34, 3)	(34, 21, 5)	nan
(30, 72, 4)	(72, 46, 5)	(46, 21, 5)	nan
(30, 72, 4)	(72, 46, 5)	(46, 21, 2)	nan
(30, 72, 4)	(72, 46, 5)	(46, 21, 1)	nan
(30, 60, 7)	(60, 35, 8)	(35, 21, 5)	nan
(30, 60, 7)	(60, 35, 8)	(35, 21, 3)	nan
(30, 60, 7)	(60, 35, 8)	(35, 21, 5)	nan
(30, 60, 7)	(60, 35, 8)	(35, 21, 3)	nan
(30, 60, 7)	(60, 21, 5)	nan
(30, 60, 7)	(60, 36, 1)	(36, 21, 5)	nan
(30, 60, 7)	(60, 36, 1)	(36, 21, 5)	nan
(30, 60, 7)	(60, 36, 1)	(36, 21, 6)	nan
(30, 60, 7)	(60, 36, 1)	(36, 21, 6)	nan
(30, 60, 7)	(60, 79, 1)	(79, 21, 5)	nan
(30, 60, 7)	(60, 79, 1)	(79, 21, 5)	nan
(30, 60, 7)	(60, 79, 1)	(79, 21, 5)	nan
(30, 60, 7)	(60, 79, 1)	(79, 21, 5)	nan
(30, 60, 7)	(60, 34, 6)	(34, 21, 5)	nan
(30, 60, 7)	(60, 74, 1)	(74, 21, 5)	nan
(30, 60, 7)	(60, 74, 1)	(74, 21, 0)	nan
(30, 60, 0)	(60, 35, 8)	(35, 21, 5)	nan
(30, 60, 0)	(60, 35, 8)	(35, 21, 3)	nan
(30, 60, 0)	(60, 35, 8)	(35, 21, 5)	nan
(30, 60, 0)	(60, 35, 8)	(35, 21, 3)	nan
(30, 60, 0)	(60, 21, 5)	nan
(30, 60, 0)	(60, 36, 1)	(36, 21, 5)	nan
(30, 60, 0)	(60, 36, 1)	(36, 21, 5)	nan
(30, 60, 0)	(60, 36, 1)	(36, 21, 6)	nan
(30, 60, 0)	(60, 36, 1)	(36, 21, 6)	nan
(30, 60, 0)	(60, 79, 1)	(79, 21, 5)	nan
(30, 60, 0)	(60, 79, 1)	(79, 21, 5)	nan
(30, 60, 0)	(60, 79, 1)	(79, 21, 5)	nan
(30, 60, 0)	(60, 79, 1)	(79, 21, 5)	nan
(30, 60, 0)	(60, 34, 6)	(34, 21, 5)	nan
(30, 60, 0)	(60, 74, 1)	(74, 21, 5)	nan
(30, 60, 0)	(60, 74, 1)	(74, 21, 0)	nan
(30, 75, 7)	(75, 33, 8)	(33, 21, 5)	nan
(30, 75, 7)	(75, 33, 8)	(33, 21, 5)	nan
(30, 75, 7)	(75, 33, 6)	(33, 21, 5)	nan
(30, 75, 7)	(75, 33, 5)	(33, 21, 5)	nan
(30, 75, 7)	(75, 21, 5)	nan
(30, 75, 7)	(75, 21, 5)	nan
(30, 75, 7)	(75, 21, 0)	nan
(30, 75, 7)	(75, 21, 4)	nan
(30, 75, 7)	(75, 51, 0)	(51, 21, 5)	nan
(30, 75, 7)	(75, 51, 0)	(51, 21, 5)	nan
(30, 75, 7)	(75, 51, 0)	(51, 21, 7)	nan
