(30, 26, 4)	nan
(30, 26, 5)	nan
(30, 72, 4)	(72, 26, 7)	nan
(30, 72, 4)	(72, 34, 8)	(34, 26, 7)	nan
(30, 72, 4)	(72, 34, 8)	(34, 26, 5)	nan
(30, 72, 4)	(72, 34, 3)	(34, 26, 7)	nan
(30, 72, 4)	(72, 34, 3)	(34, 26, 5)	nan
(30, 72, 4)	(72, 66, 1)	(66, 26, 7)	nan
(30, 72, 4)	(72, 66, 1)	(66, 26, 7)	nan
(30, 72, 4)	(72, 66, 1)	(66, 26, 7)	nan
(30, 72, 4)	(72, 66, 1)	(66, 26, 7)	nan
(30, 72, 4)	(72, 46, 5)	(46, 26, 7)	nan
(30, 72, 4)	(72, 46, 5)	(46, 26, 3)	nan
(30, 60, 7)	(60, 35, 8)	(35, 26, 7)	nan
(30, 60, 7)	(60, 35, 8)	(35, 26, 7)	nan
(30, 60, 7)	(60, 26, 7)	nan
(30, 60, 7)	(60, 26, 5)	nan
(30, 60, 7)	(60, 32, 8)	(32, 26, 7)	nan
(30, 60, 7)	(60, 32, 8)	(32, 26, 8)	nan
(30, 60, 7)	(60, 36, 1)	(36, 26, 7)	nan
(30, 60, 7)	(60, 79, 1)	(79, 26, 7)	nan
(30, 60, 7)	(60, 79, 1)	(79, 26, 7)	nan
(30, 60, 7)	(60, 79, 1)	(79, 26, 7)	nan
(30, 60, 7)	(60, 34, 6)	(34, 26, 7)	nan
(30, 60, 7)	(60, 34, 6)	(34, 26, 5)	nan
(30, 60, 7)	(60, 74, 1)	(74, 26, 7)	nan
(30, 60, 7)	(60, 74, 1)	(74, 26, 0)	nan
(30, 60, 0)	(60, 35, 8)	(35, 26, 7)	nan
(30, 60, 0)	(60, 35, 8)	(35, 26, 7)	nan
(30, 60, 0)	(60, 26, 7)	nan
(30, 60, 0)	(60, 26, 5)	nan
(30, 60, 0)	(60, 32, 8)	(32, 26, 7)	nan
(30, 60, 0)	(60, 32, 8)	(32, 26, 8)	nan
(30, 60, 0)	(60, 36, 1)	(36, 26, 7)	nan
(30, 60, 0)	(60, 79, 1)	(79, 26, 7)	nan
(30, 60, 0)	(60, 79, 1)	(79, 26, 7)	nan
(30, 60, 0)	(60, 79, 1)	(79, 26, 7)	nan
(30, 60, 0)	(60, 34, 6)	(34, 26, 7)	nan
(30, 60, 0)	(60, 34, 6)	(34, 26, 5)	nan
(30, 60, 0)	(60, 74, 1)	(74, 26, 7)	nan
(30, 60, 0)	(60, 74, 1)	(74, 26, 0)	nan
(30, 75, 7)	(75, 33, 8)	(33, 26, 7)	nan
(30, 75, 7)	(75, 33, 8)	(33, 26, 7)	nan
(30, 75, 7)	(75, 33, 8)	(33, 26, 0)	nan
(30, 75, 7)	(75, 33, 8)	(33, 26, 4)	nan
(30, 75, 7)	(75, 33, 8)	(33, 26, 7)	nan
(30, 75, 7)	(75, 33, 8)	(33, 26, 7)	nan
(30, 75, 7)	(75, 33, 8)	(33, 26, 0)	nan
(30, 75, 7)	(75, 33, 8)	(33, 26, 4)	nan
