(30, 2, 0)	nan
(30, 72, 4)	(72, 34, 8)	(34, 2, 0)	nan
(30, 72, 4)	(72, 34, 8)	(34, 2, 0)	nan
(30, 72, 4)	(72, 34, 8)	(34, 2, 0)	nan
(30, 72, 4)	(72, 34, 3)	(34, 2, 0)	nan
(30, 72, 4)	(72, 34, 3)	(34, 2, 0)	nan
(30, 72, 4)	(72, 34, 3)	(34, 2, 0)	nan
(30, 72, 4)	(72, 58, 7)	(58, 2, 0)	nan
(30, 72, 4)	(72, 46, 5)	(46, 2, 0)	nan
(30, 60, 7)	(60, 32, 8)	(32, 2, 7)	nan
(30, 60, 7)	(60, 36, 1)	(36, 2, 0)	nan
(30, 60, 7)	(60, 36, 1)	(36, 2, 0)	nan
(30, 60, 7)	(60, 36, 1)	(36, 2, 3)	nan
(30, 60, 7)	(60, 36, 1)	(36, 2, 6)	nan
(30, 60, 7)	(60, 2, 0)	nan
(30, 60, 7)	(60, 34, 6)	(34, 2, 0)	nan
(30, 60, 7)	(60, 34, 6)	(34, 2, 0)	nan
(30, 60, 7)	(60, 34, 6)	(34, 2, 0)	nan
(30, 60, 7)	(60, 74, 1)	(74, 2, 0)	nan
(30, 60, 7)	(60, 74, 1)	(74, 2, 0)	nan
(30, 60, 0)	(60, 32, 8)	(32, 2, 7)	nan
(30, 60, 0)	(60, 36, 1)	(36, 2, 0)	nan
(30, 60, 0)	(60, 36, 1)	(36, 2, 0)	nan
(30, 60, 0)	(60, 36, 1)	(36, 2, 3)	nan
(30, 60, 0)	(60, 36, 1)	(36, 2, 6)	nan
(30, 60, 0)	(60, 2, 0)	nan
(30, 60, 0)	(60, 34, 6)	(34, 2, 0)	nan
(30, 60, 0)	(60, 34, 6)	(34, 2, 0)	nan
(30, 60, 0)	(60, 34, 6)	(34, 2, 0)	nan
(30, 60, 0)	(60, 74, 1)	(74, 2, 0)	nan
(30, 60, 0)	(60, 74, 1)	(74, 2, 0)	nan
(30, 75, 7)	(75, 33, 8)	(33, 2, 0)	nan
(30, 75, 7)	(75, 33, 8)	(33, 2, 3)	nan
(30, 75, 7)	(75, 33, 8)	(33, 2, 0)	nan
(30, 75, 7)	(75, 33, 8)	(33, 2, 3)	nan
(30, 75, 7)	(75, 33, 6)	(33, 2, 0)	nan
(30, 75, 7)	(75, 33, 6)	(33, 2, 3)	nan
(30, 75, 7)	(75, 33, 5)	(33, 2, 0)	nan
(30, 75, 7)	(75, 33, 5)	(33, 2, 3)	nan
(30, 75, 7)	(75, 2, 0)	nan
(30, 75, 7)	(75, 2, 5)	nan
(30, 75, 7)	(75, 51, 0)	(51, 2, 7)	nan
(30, 75, 7)	(75, 51, 0)	(51, 2, 0)	nan
(30, 75, 7)	(75, 34, 8)	(34, 2, 0)	nan
(30, 75, 7)	(75, 34, 8)	(34, 2, 0)	nan
(30, 75, 7)	(75, 34, 8)	(34, 2, 0)	nan
(30, 75, 7)	(75, 50, 7)	(50, 2, 0)	nan
(30, 75, 7)	(75, 73, 1)	(73, 2, 0)	nan
(30, 88, 5)	(88, 2, 0)	nan
(30, 88, 5)	(88, 2, 6)	nan
(30, 88, 5)	(88, 31, 1)	(31, 2, 0)	nan
