(30, 3, 3)	nan
(30, 72, 4)	(72, 34, 8)	(34, 3, 0)	nan
(30, 72, 4)	(72, 34, 3)	(34, 3, 0)	nan
(30, 72, 4)	(72, 58, 7)	(58, 3, 0)	nan
(30, 72, 4)	(72, 46, 5)	(46, 3, 0)	nan
(30, 72, 4)	(72, 46, 5)	(46, 3, 6)	nan
(30, 60, 7)	(60, 35, 8)	(35, 3, 0)	nan
(30, 60, 7)	(60, 35, 8)	(35, 3, 0)	nan
(30, 60, 7)	(60, 32, 8)	(32, 3, 0)	nan
(30, 60, 7)	(60, 32, 8)	(32, 3, 0)	nan
(30, 60, 7)	(60, 32, 8)	(32, 3, 0)	nan
(30, 60, 7)	(60, 36, 1)	(36, 3, 0)	nan
(30, 60, 7)	(60, 79, 1)	(79, 3, 0)	nan
(30, 60, 7)	(60, 3, 0)	nan
(30, 60, 7)	(60, 34, 6)	(34, 3, 0)	nan
(30, 60, 7)	(60, 74, 1)	(74, 3, 0)	nan
(30, 60, 0)	(60, 35, 8)	(35, 3, 0)	nan
(30, 60, 0)	(60, 35, 8)	(35, 3, 0)	nan
(30, 60, 0)	(60, 32, 8)	(32, 3, 0)	nan
(30, 60, 0)	(60, 32, 8)	(32, 3, 0)	nan
(30, 60, 0)	(60, 32, 8)	(32, 3, 0)	nan
(30, 60, 0)	(60, 36, 1)	(36, 3, 0)	nan
(30, 60, 0)	(60, 79, 1)	(79, 3, 0)	nan
(30, 60, 0)	(60, 3, 0)	nan
(30, 60, 0)	(60, 34, 6)	(34, 3, 0)	nan
(30, 60, 0)	(60, 74, 1)	(74, 3, 0)	nan
(30, 75, 7)	(75, 51, 0)	(51, 3, 0)	nan
(30, 75, 7)	(75, 51, 0)	(51, 3, 0)	nan
(30, 75, 7)	(75, 34, 8)	(34, 3, 0)	nan
(30, 75, 7)	(75, 73, 1)	(73, 3, 0)	nan
(30, 88, 5)	(88, 3, 0)	nan
(30, 88, 5)	(88, 3, 0)	nan
(30, 88, 5)	(88, 3, 3)	nan
(30, 88, 5)	(88, 43, 1)	(43, 3, 0)	nan
(30, 34, 8)	(34, 3, 0)	nan
(30, 34, 8)	(34, 41, 7)	(41, 3, 0)	nan
(30, 34, 8)	(34, 41, 7)	(41, 3, 0)	nan
(30, 34, 8)	(34, 41, 7)	(41, 3, 3)	nan
(30, 34, 8)	(34, 35, 8)	(35, 3, 0)	nan
(30, 85, 0)	(85, 83, 3)	(83, 3, 0)	nan
(30, 85, 0)	(85, 35, 1)	(35, 3, 0)	nan
(30, 85, 0)	(85, 37, 3)	(37, 3, 0)	nan
