(30, 4, 7)	nan
(30, 72, 4)	(72, 46, 5)	(46, 4, 0)	nan
(30, 72, 4)	(72, 46, 5)	(46, 4, 0)	nan
(30, 72, 4)	(72, 46, 5)	(46, 4, 5)	nan
(30, 72, 4)	(72, 46, 5)	(46, 4, 4)	nan
(30, 60, 7)	(60, 36, 1)	(36, 4, 0)	nan
(30, 60, 0)	(60, 36, 1)	(36, 4, 0)	nan
(30, 75, 7)	(75, 33, 8)	(33, 4, 0)	nan
(30, 75, 7)	(75, 33, 8)	(33, 4, 0)	nan
(30, 75, 7)	(75, 33, 6)	(33, 4, 0)	nan
(30, 75, 7)	(75, 33, 5)	(33, 4, 0)	nan
(30, 75, 7)	(75, 4, 5)	nan
(30, 75, 7)	(75, 4, 7)	nan
(30, 75, 7)	(75, 73, 1)	(73, 4, 0)	nan
(30, 88, 5)	(88, 31, 1)	(31, 4, 0)	nan
(30, 88, 5)	(88, 4, 0)	nan
(30, 88, 5)	(88, 43, 1)	(43, 4, 0)	nan
(30, 88, 5)	(88, 43, 1)	(43, 4, 5)	nan
(30, 34, 8)	(34, 91, 1)	(91, 4, 5)	nan
(30, 34, 8)	(34, 59, 7)	(59, 4, 0)	nan
(30, 34, 8)	(34, 59, 3)	(59, 4, 0)	nan
(30, 34, 8)	(34, 59, 3)	(59, 4, 0)	nan
(30, 34, 8)	(34, 41, 7)	(41, 4, 0)	nan
(30, 34, 8)	(34, 41, 7)	(41, 4, 0)	nan
(30, 34, 8)	(34, 41, 7)	(41, 4, 2)	nan
(30, 34, 8)	(34, 33, 8)	(33, 4, 0)	nan
(30, 85, 0)	(85, 33, 8)	(33, 4, 0)	nan
(30, 85, 0)	(85, 33, 4)	(33, 4, 0)	nan
