(30, 72, 4)	(72, 6, 1)	nan
(30, 72, 4)	(72, 6, 1)	nan
(30, 72, 4)	(72, 6, 8)	nan
(30, 72, 4)	(72, 6, 3)	nan
(30, 72, 4)	(72, 34, 8)	(34, 6, 1)	nan
(30, 72, 4)	(72, 34, 8)	(34, 6, 6)	nan
(30, 72, 4)	(72, 34, 3)	(34, 6, 1)	nan
(30, 72, 4)	(72, 34, 3)	(34, 6, 6)	nan
(30, 72, 4)	(72, 58, 7)	(58, 6, 1)	nan
(30, 72, 4)	(72, 66, 1)	(66, 6, 1)	nan
(30, 72, 4)	(72, 66, 1)	(66, 6, 1)	nan
(30, 72, 4)	(72, 66, 1)	(66, 6, 1)	nan
(30, 72, 4)	(72, 66, 1)	(66, 6, 1)	nan
(30, 72, 4)	(72, 46, 5)	(46, 6, 1)	nan
(30, 72, 4)	(72, 46, 5)	(46, 6, 4)	nan
(30, 60, 7)	(60, 35, 8)	(35, 6, 1)	nan
(30, 60, 7)	(60, 35, 8)	(35, 6, 1)	nan
(30, 60, 7)	(60, 35, 8)	(35, 6, 1)	nan
(30, 60, 7)	(60, 35, 8)	(35, 6, 1)	nan
(30, 60, 7)	(60, 6, 1)	nan
(30, 60, 7)	(60, 6, 1)	nan
(30, 60, 7)	(60, 6, 8)	nan
(30, 60, 7)	(60, 79, 1)	(79, 6, 1)	nan
(30, 60, 7)	(60, 79, 1)	(79, 6, 4)	nan
(30, 60, 7)	(60, 34, 6)	(34, 6, 1)	nan
(30, 60, 7)	(60, 34, 6)	(34, 6, 6)	nan
(30, 60, 7)	(60, 74, 1)	(74, 6, 1)	nan
(30, 60, 7)	(60, 74, 1)	(74, 6, 1)	nan
(30, 60, 7)	(60, 74, 1)	(74, 6, 3)	nan
(30, 60, 7)	(60, 74, 1)	(74, 6, 2)	nan
(30, 60, 0)	(60, 35, 8)	(35, 6, 1)	nan
(30, 60, 0)	(60, 35, 8)	(35, 6, 1)	nan
(30, 60, 0)	(60, 35, 8)	(35, 6, 1)	nan
(30, 60, 0)	(60, 35, 8)	(35, 6, 1)	nan
(30, 60, 0)	(60, 6, 1)	nan
(30, 60, 0)	(60, 6, 1)	nan
(30, 60, 0)	(60, 6, 8)	nan
(30, 60, 0)	(60, 79, 1)	(79, 6, 1)	nan
(30, 60, 0)	(60, 79, 1)	(79, 6, 4)	nan
(30, 60, 0)	(60, 34, 6)	(34, 6, 1)	nan
(30, 60, 0)	(60, 34, 6)	(34, 6, 6)	nan
(30, 60, 0)	(60, 74, 1)	(74, 6, 1)	nan
(30, 60, 0)	(60, 74, 1)	(74, 6, 1)	nan
(30, 60, 0)	(60, 74, 1)	(74, 6, 3)	nan
(30, 60, 0)	(60, 74, 1)	(74, 6, 2)	nan
(30, 75, 7)	(75, 51, 0)	(51, 6, 1)	nan
(30, 75, 7)	(75, 51, 0)	(51, 6, 3)	nan
(30, 75, 7)	(75, 34, 8)	(34, 6, 1)	nan
(30, 75, 7)	(75, 34, 8)	(34, 6, 6)	nan
(30, 75, 7)	(75, 72, 5)	(72, 6, 1)	nan
(30, 75, 7)	(75, 72, 5)	(72, 6, 1)	nan
