(30, 7, 4)	nan
(30, 72, 4)	(72, 7, 1)	nan
(30, 72, 4)	(72, 7, 8)	nan
(30, 72, 4)	(72, 34, 8)	(34, 7, 1)	nan
(30, 72, 4)	(72, 34, 8)	(34, 7, 3)	nan
(30, 72, 4)	(72, 34, 3)	(34, 7, 1)	nan
(30, 72, 4)	(72, 34, 3)	(34, 7, 3)	nan
(30, 72, 4)	(72, 58, 7)	(58, 7, 1)	nan
(30, 72, 4)	(72, 66, 1)	(66, 7, 1)	nan
(30, 72, 4)	(72, 66, 1)	(66, 7, 1)	nan
(30, 72, 4)	(72, 66, 1)	(66, 7, 1)	nan
(30, 72, 4)	(72, 66, 1)	(66, 7, 1)	nan
(30, 72, 4)	(72, 46, 5)	(46, 7, 1)	nan
(30, 72, 4)	(72, 46, 5)	(46, 7, 1)	nan
(30, 72, 4)	(72, 46, 5)	(46, 7, 3)	nan
(30, 72, 4)	(72, 46, 5)	(46, 7, 4)	nan
(30, 60, 7)	(60, 35, 8)	(35, 7, 1)	nan
(30, 60, 7)	(60, 35, 8)	(35, 7, 0)	nan
(30, 60, 7)	(60, 35, 8)	(35, 7, 1)	nan
(30, 60, 7)	(60, 35, 8)	(35, 7, 0)	nan
(30, 60, 7)	(60, 7, 1)	nan
(30, 60, 7)	(60, 7, 6)	nan
(30, 60, 7)	(60, 32, 8)	(32, 7, 1)	nan
(30, 60, 7)	(60, 32, 8)	(32, 7, 6)	nan
(30, 60, 7)	(60, 79, 1)	(79, 7, 1)	nan
(30, 60, 7)	(60, 79, 1)	(79, 7, 1)	nan
(30, 60, 7)	(60, 34, 6)	(34, 7, 1)	nan
(30, 60, 7)	(60, 34, 6)	(34, 7, 3)	nan
(30, 60, 7)	(60, 74, 1)	(74, 7, 1)	nan
(30, 60, 0)	(60, 35, 8)	(35, 7, 1)	nan
(30, 60, 0)	(60, 35, 8)	(35, 7, 0)	nan
(30, 60, 0)	(60, 35, 8)	(35, 7, 1)	nan
(30, 60, 0)	(60, 35, 8)	(35, 7, 0)	nan
(30, 60, 0)	(60, 7, 1)	nan
(30, 60, 0)	(60, 7, 6)	nan
(30, 60, 0)	(60, 32, 8)	(32, 7, 1)	nan
(30, 60, 0)	(60, 32, 8)	(32, 7, 6)	nan
(30, 60, 0)	(60, 79, 1)	(79, 7, 1)	nan
(30, 60, 0)	(60, 79, 1)	(79, 7, 1)	nan
(30, 60, 0)	(60, 34, 6)	(34, 7, 1)	nan
(30, 60, 0)	(60, 34, 6)	(34, 7, 3)	nan
(30, 60, 0)	(60, 74, 1)	(74, 7, 1)	nan
(30, 75, 7)	(75, 7, 1)	nan
(30, 75, 7)	(75, 7, 5)	nan
(30, 75, 7)	(75, 34, 8)	(34, 7, 1)	nan
(30, 75, 7)	(75, 34, 8)	(34, 7, 3)	nan
(30, 75, 7)	(75, 72, 5)	(72, 7, 1)	nan
(30, 75, 7)	(75, 72, 5)	(72, 7, 8)	nan
(30, 75, 7)	(75, 73, 1)	(73, 7, 1)	nan
(30, 75, 7)	(75, 73, 1)	(73, 7, 0)	nan
