(31, 0, 8)	nan
(31, 32, 0)	(32, 0, 0)	nan
(31, 32, 0)	(32, 29, 3)	(29, 0, 0)	nan
(31, 32, 0)	(32, 29, 3)	(29, 0, 5)	nan
(31, 32, 0)	(32, 86, 7)	(86, 0, 0)	nan
(31, 32, 0)	(32, 86, 7)	(86, 0, 0)	nan
(31, 32, 0)	(32, 86, 7)	(86, 0, 0)	nan
(31, 32, 0)	(32, 86, 7)	(86, 0, 0)	nan
(31, 32, 0)	(32, 86, 7)	(86, 0, 0)	nan
(31, 32, 0)	(32, 86, 7)	(86, 0, 0)	nan
(31, 32, 0)	(32, 86, 7)	(86, 0, 0)	nan
(31, 32, 0)	(32, 86, 7)	(86, 0, 0)	nan
(31, 32, 0)	(32, 86, 7)	(86, 0, 0)	nan
(31, 32, 0)	(32, 86, 7)	(86, 0, 0)	nan
(31, 32, 0)	(32, 86, 7)	(86, 0, 0)	nan
(31, 32, 0)	(32, 86, 7)	(86, 0, 0)	nan
(31, 32, 0)	(32, 86, 7)	(86, 0, 0)	nan
(31, 32, 0)	(32, 86, 7)	(86, 0, 0)	nan
(31, 32, 0)	(32, 86, 7)	(86, 0, 0)	nan
(31, 32, 0)	(32, 86, 7)	(86, 0, 0)	nan
(31, 32, 0)	(32, 86, 7)	(86, 0, 0)	nan
(31, 32, 0)	(32, 86, 7)	(86, 0, 0)	nan
(31, 32, 0)	(32, 61, 1)	(61, 0, 0)	nan
(31, 32, 0)	(32, 61, 1)	(61, 0, 5)	nan
(31, 32, 0)	(32, 76, 7)	(76, 0, 0)	nan
(31, 32, 0)	(32, 41, 3)	(41, 0, 0)	nan
(31, 32, 0)	(32, 41, 3)	(41, 0, 0)	nan
(31, 32, 0)	(32, 41, 3)	(41, 0, 1)	nan
(31, 32, 0)	(32, 41, 3)	(41, 0, 3)	nan
(31, 32, 0)	(32, 40, 5)	(40, 0, 0)	nan
(31, 36, 7)	(36, 0, 0)	nan
(31, 36, 7)	(36, 0, 0)	nan
(31, 36, 7)	(36, 0, 4)	nan
(31, 36, 7)	(36, 0, 6)	nan
(31, 36, 7)	(36, 62, 5)	(62, 0, 0)	nan
(31, 36, 7)	(36, 62, 5)	(62, 0, 0)	nan
(31, 36, 7)	(36, 62, 5)	(62, 0, 7)	nan
(31, 36, 7)	(36, 66, 1)	(66, 0, 0)	nan
(31, 36, 7)	(36, 66, 1)	(66, 0, 8)	nan
(31, 36, 7)	(36, 58, 7)	(58, 0, 0)	nan
(31, 36, 7)	(36, 58, 7)	(58, 0, 2)	nan
(31, 36, 7)	(36, 76, 7)	(76, 0, 0)	nan
(31, 36, 7)	(36, 67, 5)	(67, 0, 0)	nan
(31, 36, 7)	(36, 67, 5)	(67, 0, 6)	nan
(31, 36, 7)	(36, 55, 0)	(55, 0, 0)	nan
(31, 36, 7)	(36, 29, 7)	(29, 0, 0)	nan
(31, 36, 7)	(36, 29, 7)	(29, 0, 5)	nan
(31, 36, 7)	(36, 29, 8)	(29, 0, 0)	nan
(31, 36, 7)	(36, 29, 8)	(29, 0, 5)	nan
