(31, 32, 0)	(32, 29, 3)	(29, 10, 2)	nan
(31, 32, 0)	(32, 29, 3)	(29, 10, 2)	nan
(31, 32, 0)	(32, 29, 3)	(29, 10, 5)	nan
(31, 32, 0)	(32, 29, 3)	(29, 10, 4)	nan
(31, 32, 0)	(32, 61, 1)	(61, 10, 2)	nan
(31, 32, 0)	(32, 61, 1)	(61, 10, 2)	nan
(31, 32, 0)	(32, 10, 2)	nan
(31, 32, 0)	(32, 76, 7)	(76, 10, 2)	nan
(31, 32, 0)	(32, 41, 3)	(41, 10, 2)	nan
(31, 32, 0)	(32, 41, 3)	(41, 10, 2)	nan
(31, 32, 0)	(32, 41, 3)	(41, 10, 2)	nan
(31, 32, 0)	(32, 41, 3)	(41, 10, 2)	nan
(31, 36, 7)	(36, 62, 5)	(62, 10, 2)	nan
(31, 36, 7)	(36, 66, 1)	(66, 10, 2)	nan
(31, 36, 7)	(36, 58, 7)	(58, 10, 2)	nan
(31, 36, 7)	(36, 58, 7)	(58, 10, 2)	nan
(31, 36, 7)	(36, 58, 7)	(58, 10, 6)	nan
(31, 36, 7)	(36, 58, 7)	(58, 10, 4)	nan
(31, 36, 7)	(36, 58, 7)	(58, 10, 4)	nan
(31, 36, 7)	(36, 76, 7)	(76, 10, 2)	nan
(31, 36, 7)	(36, 55, 0)	(55, 10, 2)	nan
(31, 36, 7)	(36, 55, 0)	(55, 10, 4)	nan
(31, 36, 7)	(36, 10, 2)	nan
(31, 36, 7)	(36, 10, 2)	nan
(31, 36, 7)	(36, 29, 7)	(29, 10, 2)	nan
(31, 36, 7)	(36, 29, 7)	(29, 10, 2)	nan
(31, 36, 7)	(36, 29, 7)	(29, 10, 5)	nan
(31, 36, 7)	(36, 29, 7)	(29, 10, 4)	nan
(31, 36, 7)	(36, 29, 8)	(29, 10, 2)	nan
(31, 36, 7)	(36, 29, 8)	(29, 10, 2)	nan
(31, 36, 7)	(36, 29, 8)	(29, 10, 5)	nan
(31, 36, 7)	(36, 29, 8)	(29, 10, 4)	nan
(31, 36, 7)	(36, 32, 5)	(32, 10, 2)	nan
(31, 35, 8)	(35, 10, 2)	nan
(31, 35, 8)	(35, 10, 5)	nan
(31, 35, 8)	(35, 74, 5)	(74, 10, 2)	nan
(31, 35, 8)	(35, 74, 5)	(74, 10, 7)	nan
(31, 35, 8)	(35, 68, 7)	(68, 10, 2)	nan
(31, 35, 8)	(35, 56, 1)	(56, 10, 2)	nan
(31, 35, 8)	(35, 56, 1)	(56, 10, 2)	nan
(31, 35, 8)	(35, 56, 1)	(56, 10, 7)	nan
(31, 35, 8)	(35, 52, 3)	(52, 10, 2)	nan
(31, 35, 8)	(35, 52, 3)	(52, 10, 2)	nan
(31, 35, 8)	(35, 52, 3)	(52, 10, 2)	nan
(31, 29, 5)	(29, 10, 2)	nan
(31, 29, 5)	(29, 10, 2)	nan
(31, 29, 5)	(29, 10, 5)	nan
(31, 29, 5)	(29, 10, 4)	nan
(31, 29, 5)	(29, 35, 1)	(35, 10, 2)	nan
(31, 29, 5)	(29, 35, 1)	(35, 10, 5)	nan
(31, 29, 5)	(29, 52, 7)	(52, 10, 2)	nan
