(31, 11, 5)	nan
(31, 32, 0)	(32, 11, 2)	nan
(31, 32, 0)	(32, 29, 3)	(29, 11, 2)	nan
(31, 32, 0)	(32, 29, 3)	(29, 11, 2)	nan
(31, 32, 0)	(32, 29, 3)	(29, 11, 7)	nan
(31, 32, 0)	(32, 86, 7)	(86, 11, 2)	nan
(31, 32, 0)	(32, 86, 7)	(86, 11, 2)	nan
(31, 32, 0)	(32, 86, 7)	(86, 11, 5)	nan
(31, 32, 0)	(32, 86, 7)	(86, 11, 5)	nan
(31, 32, 0)	(32, 61, 1)	(61, 11, 2)	nan
(31, 32, 0)	(32, 61, 1)	(61, 11, 2)	nan
(31, 32, 0)	(32, 61, 1)	(61, 11, 5)	nan
(31, 32, 0)	(32, 76, 7)	(76, 11, 2)	nan
(31, 32, 0)	(32, 76, 7)	(76, 11, 7)	nan
(31, 32, 0)	(32, 51, 1)	(51, 11, 2)	nan
(31, 32, 0)	(32, 41, 3)	(41, 11, 2)	nan
(31, 32, 0)	(32, 41, 3)	(41, 11, 2)	nan
(31, 32, 0)	(32, 41, 3)	(41, 11, 5)	nan
(31, 32, 0)	(32, 41, 3)	(41, 11, 5)	nan
(31, 32, 0)	(32, 40, 5)	(40, 11, 2)	nan
(31, 32, 0)	(32, 40, 5)	(40, 11, 8)	nan
(31, 32, 0)	(32, 40, 5)	(40, 11, 0)	nan
(31, 36, 7)	(36, 11, 2)	nan
(31, 36, 7)	(36, 11, 2)	nan
(31, 36, 7)	(36, 11, 8)	nan
(31, 36, 7)	(36, 62, 5)	(62, 11, 2)	nan
(31, 36, 7)	(36, 62, 5)	(62, 11, 2)	nan
(31, 36, 7)	(36, 62, 5)	(62, 11, 5)	nan
(31, 36, 7)	(36, 66, 1)	(66, 11, 2)	nan
(31, 36, 7)	(36, 66, 1)	(66, 11, 2)	nan
(31, 36, 7)	(36, 66, 1)	(66, 11, 2)	nan
(31, 36, 7)	(36, 66, 1)	(66, 11, 2)	nan
(31, 36, 7)	(36, 58, 7)	(58, 11, 2)	nan
(31, 36, 7)	(36, 58, 7)	(58, 11, 5)	nan
(31, 36, 7)	(36, 76, 7)	(76, 11, 2)	nan
(31, 36, 7)	(36, 76, 7)	(76, 11, 7)	nan
(31, 36, 7)	(36, 67, 5)	(67, 11, 2)	nan
(31, 36, 7)	(36, 67, 5)	(67, 11, 7)	nan
(31, 36, 7)	(36, 55, 0)	(55, 11, 2)	nan
(31, 36, 7)	(36, 55, 0)	(55, 11, 5)	nan
(31, 36, 7)	(36, 29, 7)	(29, 11, 2)	nan
(31, 36, 7)	(36, 29, 7)	(29, 11, 2)	nan
(31, 36, 7)	(36, 29, 7)	(29, 11, 7)	nan
(31, 36, 7)	(36, 29, 8)	(29, 11, 2)	nan
(31, 36, 7)	(36, 29, 8)	(29, 11, 2)	nan
(31, 36, 7)	(36, 29, 8)	(29, 11, 7)	nan
(31, 36, 7)	(36, 32, 5)	(32, 11, 2)	nan
(31, 35, 8)	(35, 11, 2)	nan
(31, 35, 8)	(35, 11, 8)	nan
(31, 35, 8)	(35, 74, 5)	(74, 11, 2)	nan
