(31, 32, 0)	(32, 29, 3)	(29, 18, 4)	nan
(31, 32, 0)	(32, 61, 1)	(61, 18, 4)	nan
(31, 32, 0)	(32, 61, 1)	(61, 18, 0)	nan
(31, 32, 0)	(32, 18, 4)	nan
(31, 32, 0)	(32, 18, 4)	nan
(31, 32, 0)	(32, 76, 7)	(76, 18, 4)	nan
(31, 32, 0)	(32, 76, 7)	(76, 18, 4)	nan
(31, 32, 0)	(32, 41, 3)	(41, 18, 4)	nan
(31, 32, 0)	(32, 40, 5)	(40, 18, 4)	nan
(31, 36, 7)	(36, 62, 5)	(62, 18, 4)	nan
(31, 36, 7)	(36, 58, 7)	(58, 18, 4)	nan
(31, 36, 7)	(36, 58, 7)	(58, 18, 3)	nan
(31, 36, 7)	(36, 76, 7)	(76, 18, 4)	nan
(31, 36, 7)	(36, 76, 7)	(76, 18, 4)	nan
(31, 36, 7)	(36, 18, 7)	nan
(31, 36, 7)	(36, 18, 4)	nan
(31, 36, 7)	(36, 18, 4)	nan
(31, 36, 7)	(36, 67, 5)	(67, 18, 4)	nan
(31, 36, 7)	(36, 67, 5)	(67, 18, 4)	nan
(31, 36, 7)	(36, 55, 0)	(55, 18, 4)	nan
(31, 36, 7)	(36, 55, 0)	(55, 18, 5)	nan
(31, 36, 7)	(36, 29, 7)	(29, 18, 4)	nan
(31, 36, 7)	(36, 29, 8)	(29, 18, 4)	nan
(31, 36, 7)	(36, 32, 5)	(32, 18, 4)	nan
(31, 36, 7)	(36, 32, 5)	(32, 18, 4)	nan
(31, 35, 8)	(35, 18, 4)	nan
(31, 35, 8)	(35, 18, 7)	nan
(31, 35, 8)	(35, 74, 5)	(74, 18, 4)	nan
(31, 35, 8)	(35, 68, 7)	(68, 18, 4)	nan
(31, 35, 8)	(35, 68, 7)	(68, 18, 4)	nan
(31, 35, 8)	(35, 68, 7)	(68, 18, 1)	nan
(31, 35, 8)	(35, 68, 7)	(68, 18, 7)	nan
(31, 35, 8)	(35, 56, 1)	(56, 18, 4)	nan
(31, 35, 8)	(35, 52, 3)	(52, 18, 4)	nan
(31, 35, 8)	(35, 88, 1)	(88, 18, 4)	nan
(31, 29, 5)	(29, 88, 0)	(88, 18, 4)	nan
(31, 29, 5)	(29, 35, 1)	(35, 18, 4)	nan
(31, 29, 5)	(29, 35, 1)	(35, 18, 7)	nan
(31, 29, 5)	(29, 18, 4)	nan
(31, 29, 5)	(29, 52, 7)	(52, 18, 4)	nan
(31, 29, 5)	(29, 76, 3)	(76, 18, 4)	nan
(31, 29, 5)	(29, 76, 3)	(76, 18, 4)	nan
(31, 29, 5)	(29, 61, 7)	(61, 18, 4)	nan
(31, 29, 5)	(29, 61, 7)	(61, 18, 0)	nan
(31, 30, 8)	(30, 88, 5)	(88, 18, 4)	nan
(31, 55, 5)	(55, 18, 4)	nan
(31, 55, 5)	(55, 18, 5)	nan
(31, 55, 5)	(55, 35, 8)	(35, 18, 4)	nan
(31, 55, 5)	(55, 35, 8)	(35, 18, 7)	nan
(31, 55, 5)	(55, 35, 8)	(35, 18, 4)	nan
(31, 55, 5)	(55, 35, 8)	(35, 18, 7)	nan
