(31, 19, 2)	nan
(31, 32, 0)	(32, 19, 4)	nan
(31, 32, 0)	(32, 19, 3)	nan
(31, 32, 0)	(32, 29, 3)	(29, 19, 4)	nan
(31, 32, 0)	(32, 29, 3)	(29, 19, 8)	nan
(31, 32, 0)	(32, 86, 7)	(86, 19, 4)	nan
(31, 32, 0)	(32, 86, 7)	(86, 19, 4)	nan
(31, 32, 0)	(32, 61, 1)	(61, 19, 1)	nan
(31, 32, 0)	(32, 61, 1)	(61, 19, 4)	nan
(31, 32, 0)	(32, 76, 7)	(76, 19, 4)	nan
(31, 32, 0)	(32, 76, 7)	(76, 19, 4)	nan
(31, 32, 0)	(32, 76, 7)	(76, 19, 6)	nan
(31, 32, 0)	(32, 76, 7)	(76, 19, 6)	nan
(31, 32, 0)	(32, 51, 1)	(51, 19, 4)	nan
(31, 32, 0)	(32, 51, 1)	(51, 19, 4)	nan
(31, 32, 0)	(32, 51, 1)	(51, 19, 4)	nan
(31, 32, 0)	(32, 51, 1)	(51, 19, 4)	nan
(31, 32, 0)	(32, 51, 1)	(51, 19, 4)	nan
(31, 32, 0)	(32, 41, 3)	(41, 19, 4)	nan
(31, 32, 0)	(32, 41, 3)	(41, 19, 3)	nan
(31, 36, 7)	(36, 19, 4)	nan
(31, 36, 7)	(36, 19, 8)	nan
(31, 36, 7)	(36, 19, 5)	nan
(31, 36, 7)	(36, 19, 5)	nan
(31, 36, 7)	(36, 62, 5)	(62, 19, 4)	nan
(31, 36, 7)	(36, 62, 5)	(62, 19, 4)	nan
(31, 36, 7)	(36, 62, 5)	(62, 19, 4)	nan
(31, 36, 7)	(36, 62, 5)	(62, 19, 4)	nan
(31, 36, 7)	(36, 58, 7)	(58, 19, 4)	nan
(31, 36, 7)	(36, 58, 7)	(58, 19, 4)	nan
(31, 36, 7)	(36, 58, 7)	(58, 19, 8)	nan
(31, 36, 7)	(36, 76, 7)	(76, 19, 4)	nan
(31, 36, 7)	(36, 76, 7)	(76, 19, 4)	nan
(31, 36, 7)	(36, 76, 7)	(76, 19, 6)	nan
(31, 36, 7)	(36, 76, 7)	(76, 19, 6)	nan
(31, 36, 7)	(36, 67, 5)	(67, 19, 4)	nan
(31, 36, 7)	(36, 55, 0)	(55, 19, 4)	nan
(31, 36, 7)	(36, 29, 7)	(29, 19, 4)	nan
(31, 36, 7)	(36, 29, 7)	(29, 19, 8)	nan
(31, 36, 7)	(36, 29, 8)	(29, 19, 4)	nan
(31, 36, 7)	(36, 29, 8)	(29, 19, 8)	nan
(31, 36, 7)	(36, 32, 5)	(32, 19, 4)	nan
(31, 36, 7)	(36, 32, 5)	(32, 19, 3)	nan
(31, 35, 8)	(35, 19, 4)	nan
(31, 35, 8)	(35, 19, 7)	nan
(31, 35, 8)	(35, 74, 5)	(74, 19, 4)	nan
(31, 35, 8)	(35, 74, 5)	(74, 19, 4)	nan
(31, 35, 8)	(35, 74, 5)	(74, 19, 0)	nan
(31, 35, 8)	(35, 74, 5)	(74, 19, 5)	nan
(31, 35, 8)	(35, 74, 5)	(74, 19, 1)	nan
