(31, 22, 8)	nan
(31, 32, 0)	(32, 22, 5)	nan
(31, 32, 0)	(32, 22, 5)	nan
(31, 32, 0)	(32, 22, 6)	nan
(31, 32, 0)	(32, 29, 3)	(29, 22, 5)	nan
(31, 32, 0)	(32, 29, 3)	(29, 22, 5)	nan
(31, 32, 0)	(32, 29, 3)	(29, 22, 5)	nan
(31, 32, 0)	(32, 29, 3)	(29, 22, 5)	nan
(31, 32, 0)	(32, 86, 7)	(86, 22, 5)	nan
(31, 32, 0)	(32, 61, 1)	(61, 22, 5)	nan
(31, 32, 0)	(32, 61, 1)	(61, 22, 7)	nan
(31, 32, 0)	(32, 76, 7)	(76, 22, 5)	nan
(31, 32, 0)	(32, 41, 3)	(41, 22, 5)	nan
(31, 32, 0)	(32, 41, 3)	(41, 22, 5)	nan
(31, 32, 0)	(32, 41, 3)	(41, 22, 3)	nan
(31, 32, 0)	(32, 41, 3)	(41, 22, 4)	nan
(31, 32, 0)	(32, 40, 5)	(40, 22, 5)	nan
(31, 32, 0)	(32, 40, 5)	(40, 22, 5)	nan
(31, 36, 7)	(36, 22, 5)	nan
(31, 36, 7)	(36, 22, 5)	nan
(31, 36, 7)	(36, 22, 0)	nan
(31, 36, 7)	(36, 22, 2)	nan
(31, 36, 7)	(36, 58, 7)	(58, 22, 5)	nan
(31, 36, 7)	(36, 76, 7)	(76, 22, 5)	nan
(31, 36, 7)	(36, 67, 5)	(67, 22, 5)	nan
(31, 36, 7)	(36, 55, 0)	(55, 22, 5)	nan
(31, 36, 7)	(36, 29, 7)	(29, 22, 5)	nan
(31, 36, 7)	(36, 29, 7)	(29, 22, 5)	nan
(31, 36, 7)	(36, 29, 7)	(29, 22, 5)	nan
(31, 36, 7)	(36, 29, 7)	(29, 22, 5)	nan
(31, 36, 7)	(36, 29, 8)	(29, 22, 5)	nan
(31, 36, 7)	(36, 29, 8)	(29, 22, 5)	nan
(31, 36, 7)	(36, 29, 8)	(29, 22, 5)	nan
(31, 36, 7)	(36, 29, 8)	(29, 22, 5)	nan
(31, 36, 7)	(36, 32, 5)	(32, 22, 5)	nan
(31, 36, 7)	(36, 32, 5)	(32, 22, 5)	nan
(31, 36, 7)	(36, 32, 5)	(32, 22, 6)	nan
(31, 35, 8)	(35, 22, 5)	nan
(31, 35, 8)	(35, 22, 5)	nan
(31, 35, 8)	(35, 22, 3)	nan
(31, 35, 8)	(35, 74, 5)	(74, 22, 5)	nan
(31, 35, 8)	(35, 74, 5)	(74, 22, 1)	nan
(31, 35, 8)	(35, 68, 7)	(68, 22, 5)	nan
(31, 35, 8)	(35, 68, 7)	(68, 22, 5)	nan
(31, 35, 8)	(35, 68, 7)	(68, 22, 3)	nan
(31, 35, 8)	(35, 68, 7)	(68, 22, 1)	nan
(31, 35, 8)	(35, 56, 1)	(56, 22, 5)	nan
(31, 35, 8)	(35, 30, 8)	(30, 22, 5)	nan
(31, 35, 8)	(35, 30, 8)	(30, 22, 7)	nan
(31, 35, 8)	(35, 52, 3)	(52, 22, 5)	nan
