(31, 21, 3)	nan
(31, 32, 0)	(32, 29, 3)	(29, 21, 5)	nan
(31, 32, 0)	(32, 29, 3)	(29, 21, 5)	nan
(31, 32, 0)	(32, 29, 3)	(29, 21, 0)	nan
(31, 32, 0)	(32, 29, 3)	(29, 21, 2)	nan
(31, 32, 0)	(32, 86, 7)	(86, 21, 5)	nan
(31, 32, 0)	(32, 86, 7)	(86, 21, 5)	nan
(31, 32, 0)	(32, 86, 7)	(86, 21, 3)	nan
(31, 32, 0)	(32, 61, 1)	(61, 21, 5)	nan
(31, 32, 0)	(32, 76, 7)	(76, 21, 5)	nan
(31, 32, 0)	(32, 76, 7)	(76, 21, 5)	nan
(31, 32, 0)	(32, 76, 7)	(76, 21, 5)	nan
(31, 32, 0)	(32, 76, 7)	(76, 21, 5)	nan
(31, 32, 0)	(32, 51, 1)	(51, 21, 5)	nan
(31, 32, 0)	(32, 51, 1)	(51, 21, 5)	nan
(31, 32, 0)	(32, 51, 1)	(51, 21, 7)	nan
(31, 32, 0)	(32, 51, 1)	(51, 21, 8)	nan
(31, 32, 0)	(32, 41, 3)	(41, 21, 5)	nan
(31, 32, 0)	(32, 41, 3)	(41, 21, 5)	nan
(31, 32, 0)	(32, 41, 3)	(41, 21, 1)	nan
(31, 32, 0)	(32, 41, 3)	(41, 21, 8)	nan
(31, 36, 7)	(36, 21, 5)	nan
(31, 36, 7)	(36, 21, 5)	nan
(31, 36, 7)	(36, 21, 6)	nan
(31, 36, 7)	(36, 21, 6)	nan
(31, 36, 7)	(36, 62, 5)	(62, 21, 5)	nan
(31, 36, 7)	(36, 62, 5)	(62, 21, 5)	nan
(31, 36, 7)	(36, 62, 5)	(62, 21, 4)	nan
(31, 36, 7)	(36, 62, 5)	(62, 21, 6)	nan
(31, 36, 7)	(36, 76, 7)	(76, 21, 5)	nan
(31, 36, 7)	(36, 76, 7)	(76, 21, 5)	nan
(31, 36, 7)	(36, 76, 7)	(76, 21, 5)	nan
(31, 36, 7)	(36, 76, 7)	(76, 21, 5)	nan
(31, 36, 7)	(36, 67, 5)	(67, 21, 5)	nan
(31, 36, 7)	(36, 67, 5)	(67, 21, 6)	nan
(31, 36, 7)	(36, 55, 0)	(55, 21, 7)	nan
(31, 36, 7)	(36, 29, 7)	(29, 21, 5)	nan
(31, 36, 7)	(36, 29, 7)	(29, 21, 5)	nan
(31, 36, 7)	(36, 29, 7)	(29, 21, 0)	nan
(31, 36, 7)	(36, 29, 7)	(29, 21, 2)	nan
(31, 36, 7)	(36, 29, 8)	(29, 21, 5)	nan
(31, 36, 7)	(36, 29, 8)	(29, 21, 5)	nan
(31, 36, 7)	(36, 29, 8)	(29, 21, 0)	nan
(31, 36, 7)	(36, 29, 8)	(29, 21, 2)	nan
(31, 35, 8)	(35, 21, 5)	nan
(31, 35, 8)	(35, 21, 3)	nan
(31, 35, 8)	(35, 74, 5)	(74, 21, 5)	nan
(31, 35, 8)	(35, 74, 5)	(74, 21, 0)	nan
(31, 35, 8)	(35, 68, 7)	(68, 21, 5)	nan
(31, 35, 8)	(35, 68, 7)	(68, 21, 5)	nan
