(31, 28, 6)	nan
(31, 32, 0)	(32, 28, 7)	nan
(31, 32, 0)	(32, 28, 7)	nan
(31, 32, 0)	(32, 28, 4)	nan
(31, 32, 0)	(32, 28, 3)	nan
(31, 32, 0)	(32, 28, 5)	nan
(31, 32, 0)	(32, 29, 3)	(29, 28, 7)	nan
(31, 32, 0)	(32, 29, 3)	(29, 28, 3)	nan
(31, 32, 0)	(32, 61, 1)	(61, 28, 7)	nan
(31, 32, 0)	(32, 61, 1)	(61, 28, 7)	nan
(31, 32, 0)	(32, 61, 1)	(61, 28, 4)	nan
(31, 32, 0)	(32, 61, 1)	(61, 28, 3)	nan
(31, 32, 0)	(32, 76, 7)	(76, 28, 7)	nan
(31, 32, 0)	(32, 76, 7)	(76, 28, 0)	nan
(31, 32, 0)	(32, 51, 1)	(51, 28, 7)	nan
(31, 32, 0)	(32, 51, 1)	(51, 28, 2)	nan
(31, 32, 0)	(32, 40, 5)	(40, 28, 7)	nan
(31, 32, 0)	(32, 40, 5)	(40, 28, 3)	nan
(31, 36, 7)	(36, 28, 7)	nan
(31, 36, 7)	(36, 28, 7)	nan
(31, 36, 7)	(36, 28, 5)	nan
(31, 36, 7)	(36, 28, 3)	nan
(31, 36, 7)	(36, 66, 1)	(66, 28, 7)	nan
(31, 36, 7)	(36, 66, 1)	(66, 28, 7)	nan
(31, 36, 7)	(36, 66, 1)	(66, 28, 5)	nan
(31, 36, 7)	(36, 66, 1)	(66, 28, 6)	nan
(31, 36, 7)	(36, 58, 7)	(58, 28, 7)	nan
(31, 36, 7)	(36, 58, 7)	(58, 28, 6)	nan
(31, 36, 7)	(36, 76, 7)	(76, 28, 7)	nan
(31, 36, 7)	(36, 76, 7)	(76, 28, 0)	nan
(31, 36, 7)	(36, 67, 5)	(67, 28, 7)	nan
(31, 36, 7)	(36, 67, 5)	(67, 28, 5)	nan
(31, 36, 7)	(36, 55, 0)	(55, 28, 7)	nan
(31, 36, 7)	(36, 55, 0)	(55, 28, 7)	nan
(31, 36, 7)	(36, 55, 0)	(55, 28, 0)	nan
(31, 36, 7)	(36, 55, 0)	(55, 28, 6)	nan
(31, 36, 7)	(36, 29, 7)	(29, 28, 7)	nan
(31, 36, 7)	(36, 29, 7)	(29, 28, 3)	nan
(31, 36, 7)	(36, 29, 8)	(29, 28, 7)	nan
(31, 36, 7)	(36, 29, 8)	(29, 28, 3)	nan
(31, 36, 7)	(36, 32, 5)	(32, 28, 7)	nan
(31, 36, 7)	(36, 32, 5)	(32, 28, 7)	nan
(31, 36, 7)	(36, 32, 5)	(32, 28, 4)	nan
(31, 36, 7)	(36, 32, 5)	(32, 28, 3)	nan
(31, 36, 7)	(36, 32, 5)	(32, 28, 5)	nan
(31, 35, 8)	(35, 28, 7)	nan
(31, 35, 8)	(35, 28, 1)	nan
(31, 35, 8)	(35, 74, 5)	(74, 28, 7)	nan
(31, 35, 8)	(35, 74, 5)	(74, 28, 7)	nan
(31, 35, 8)	(35, 74, 5)	(74, 28, 8)	nan
