(31, 2, 0)	nan
(31, 2, 1)	nan
(31, 2, 7)	nan
(31, 32, 0)	(32, 29, 3)	(29, 2, 0)	nan
(31, 32, 0)	(32, 29, 3)	(29, 2, 0)	nan
(31, 32, 0)	(32, 29, 3)	(29, 2, 8)	nan
(31, 32, 0)	(32, 29, 3)	(29, 2, 7)	nan
(31, 32, 0)	(32, 86, 7)	(86, 2, 0)	nan
(31, 32, 0)	(32, 76, 7)	(76, 2, 0)	nan
(31, 32, 0)	(32, 76, 7)	(76, 2, 0)	nan
(31, 32, 0)	(32, 51, 1)	(51, 2, 7)	nan
(31, 32, 0)	(32, 51, 1)	(51, 2, 0)	nan
(31, 32, 0)	(32, 41, 3)	(41, 2, 0)	nan
(31, 32, 0)	(32, 2, 7)	nan
(31, 32, 0)	(32, 40, 5)	(40, 2, 0)	nan
(31, 36, 7)	(36, 2, 0)	nan
(31, 36, 7)	(36, 2, 0)	nan
(31, 36, 7)	(36, 2, 3)	nan
(31, 36, 7)	(36, 2, 6)	nan
(31, 36, 7)	(36, 62, 5)	(62, 2, 0)	nan
(31, 36, 7)	(36, 58, 7)	(58, 2, 0)	nan
(31, 36, 7)	(36, 76, 7)	(76, 2, 0)	nan
(31, 36, 7)	(36, 76, 7)	(76, 2, 0)	nan
(31, 36, 7)	(36, 67, 5)	(67, 2, 0)	nan
(31, 36, 7)	(36, 55, 0)	(55, 2, 1)	nan
(31, 36, 7)	(36, 29, 7)	(29, 2, 0)	nan
(31, 36, 7)	(36, 29, 7)	(29, 2, 0)	nan
(31, 36, 7)	(36, 29, 7)	(29, 2, 8)	nan
(31, 36, 7)	(36, 29, 7)	(29, 2, 7)	nan
(31, 36, 7)	(36, 29, 8)	(29, 2, 0)	nan
(31, 36, 7)	(36, 29, 8)	(29, 2, 0)	nan
(31, 36, 7)	(36, 29, 8)	(29, 2, 8)	nan
(31, 36, 7)	(36, 29, 8)	(29, 2, 7)	nan
(31, 36, 7)	(36, 32, 5)	(32, 2, 7)	nan
(31, 35, 8)	(35, 74, 5)	(74, 2, 0)	nan
(31, 35, 8)	(35, 74, 5)	(74, 2, 0)	nan
(31, 35, 8)	(35, 68, 7)	(68, 2, 0)	nan
(31, 35, 8)	(35, 68, 7)	(68, 2, 0)	nan
(31, 35, 8)	(35, 56, 1)	(56, 2, 0)	nan
(31, 35, 8)	(35, 30, 8)	(30, 2, 0)	nan
(31, 35, 8)	(35, 52, 3)	(52, 2, 0)	nan
(31, 35, 8)	(35, 52, 3)	(52, 2, 0)	nan
(31, 35, 8)	(35, 75, 7)	(75, 2, 0)	nan
(31, 35, 8)	(35, 75, 7)	(75, 2, 5)	nan
(31, 35, 8)	(35, 88, 1)	(88, 2, 0)	nan
(31, 35, 8)	(35, 88, 1)	(88, 2, 6)	nan
(31, 29, 5)	(29, 2, 0)	nan
(31, 29, 5)	(29, 2, 0)	nan
(31, 29, 5)	(29, 2, 8)	nan
(31, 29, 5)	(29, 2, 7)	nan
