(31, 20, 7)	nan
(31, 32, 0)	(32, 29, 3)	(29, 20, 5)	nan
(31, 32, 0)	(32, 29, 3)	(29, 20, 5)	nan
(31, 32, 0)	(32, 29, 3)	(29, 20, 4)	nan
(31, 32, 0)	(32, 86, 7)	(86, 20, 5)	nan
(31, 32, 0)	(32, 86, 7)	(86, 20, 5)	nan
(31, 32, 0)	(32, 76, 7)	(76, 20, 5)	nan
(31, 32, 0)	(32, 51, 1)	(51, 20, 5)	nan
(31, 32, 0)	(32, 51, 1)	(51, 20, 0)	nan
(31, 32, 0)	(32, 41, 3)	(41, 20, 5)	nan
(31, 32, 0)	(32, 41, 3)	(41, 20, 5)	nan
(31, 32, 0)	(32, 41, 3)	(41, 20, 3)	nan
(31, 32, 0)	(32, 41, 3)	(41, 20, 0)	nan
(31, 36, 7)	(36, 20, 5)	nan
(31, 36, 7)	(36, 20, 5)	nan
(31, 36, 7)	(36, 20, 1)	nan
(31, 36, 7)	(36, 20, 0)	nan
(31, 36, 7)	(36, 62, 5)	(62, 20, 5)	nan
(31, 36, 7)	(36, 62, 5)	(62, 20, 1)	nan
(31, 36, 7)	(36, 66, 1)	(66, 20, 5)	nan
(31, 36, 7)	(36, 58, 7)	(58, 20, 5)	nan
(31, 36, 7)	(36, 58, 7)	(58, 20, 8)	nan
(31, 36, 7)	(36, 76, 7)	(76, 20, 5)	nan
(31, 36, 7)	(36, 67, 5)	(67, 20, 5)	nan
(31, 36, 7)	(36, 67, 5)	(67, 20, 5)	nan
(31, 36, 7)	(36, 67, 5)	(67, 20, 5)	nan
(31, 36, 7)	(36, 67, 5)	(67, 20, 5)	nan
(31, 36, 7)	(36, 67, 5)	(67, 20, 5)	nan
(31, 36, 7)	(36, 55, 0)	(55, 20, 5)	nan
(31, 36, 7)	(36, 55, 0)	(55, 20, 5)	nan
(31, 36, 7)	(36, 29, 7)	(29, 20, 5)	nan
(31, 36, 7)	(36, 29, 7)	(29, 20, 5)	nan
(31, 36, 7)	(36, 29, 7)	(29, 20, 4)	nan
(31, 36, 7)	(36, 29, 8)	(29, 20, 5)	nan
(31, 36, 7)	(36, 29, 8)	(29, 20, 5)	nan
(31, 36, 7)	(36, 29, 8)	(29, 20, 4)	nan
(31, 35, 8)	(35, 20, 5)	nan
(31, 35, 8)	(35, 20, 7)	nan
(31, 35, 8)	(35, 74, 5)	(74, 20, 5)	nan
(31, 35, 8)	(35, 74, 5)	(74, 20, 2)	nan
(31, 35, 8)	(35, 56, 1)	(56, 20, 2)	nan
(31, 35, 8)	(35, 56, 1)	(56, 20, 5)	nan
(31, 35, 8)	(35, 56, 1)	(56, 20, 5)	nan
(31, 35, 8)	(35, 52, 3)	(52, 20, 5)	nan
(31, 35, 8)	(35, 52, 3)	(52, 20, 5)	nan
(31, 35, 8)	(35, 52, 3)	(52, 20, 7)	nan
(31, 35, 8)	(35, 52, 3)	(52, 20, 1)	nan
(31, 35, 8)	(35, 75, 7)	(75, 20, 5)	nan
(31, 35, 8)	(35, 75, 7)	(75, 20, 7)	nan
(31, 29, 5)	(29, 20, 5)	nan
