(31, 32, 0)	(32, 29, 3)	(29, 4, 0)	nan
(31, 32, 0)	(32, 61, 1)	(61, 4, 0)	nan
(31, 32, 0)	(32, 41, 3)	(41, 4, 0)	nan
(31, 32, 0)	(32, 41, 3)	(41, 4, 0)	nan
(31, 32, 0)	(32, 41, 3)	(41, 4, 2)	nan
(31, 32, 0)	(32, 40, 5)	(40, 4, 0)	nan
(31, 32, 0)	(32, 40, 5)	(40, 4, 7)	nan
(31, 36, 7)	(36, 62, 5)	(62, 4, 0)	nan
(31, 36, 7)	(36, 62, 5)	(62, 4, 0)	nan
(31, 36, 7)	(36, 4, 0)	nan
(31, 36, 7)	(36, 29, 7)	(29, 4, 0)	nan
(31, 36, 7)	(36, 29, 8)	(29, 4, 0)	nan
(31, 35, 8)	(35, 30, 8)	(30, 4, 0)	nan
(31, 35, 8)	(35, 30, 8)	(30, 4, 7)	nan
(31, 35, 8)	(35, 75, 7)	(75, 4, 5)	nan
(31, 35, 8)	(35, 75, 7)	(75, 4, 7)	nan
(31, 35, 8)	(35, 88, 1)	(88, 4, 0)	nan
(31, 29, 5)	(29, 88, 0)	(88, 4, 0)	nan
(31, 29, 5)	(29, 61, 7)	(61, 4, 0)	nan
(31, 29, 5)	(29, 4, 0)	nan
(31, 4, 0)	nan
(31, 30, 8)	(30, 4, 0)	nan
(31, 30, 8)	(30, 4, 7)	nan
(31, 30, 8)	(30, 75, 7)	(75, 4, 5)	nan
(31, 30, 8)	(30, 75, 7)	(75, 4, 7)	nan
(31, 30, 8)	(30, 88, 5)	(88, 4, 0)	nan
(31, 55, 5)	(55, 30, 8)	(30, 4, 0)	nan
(31, 55, 5)	(55, 30, 8)	(30, 4, 7)	nan
(31, 55, 5)	(55, 44, 1)	(44, 4, 0)	nan
(31, 69, 7)	(69, 33, 8)	(33, 4, 0)	nan
(31, 69, 7)	(69, 48, 2)	(48, 4, 0)	nan
(31, 69, 7)	(69, 48, 2)	(48, 4, 5)	nan
(31, 69, 7)	(69, 4, 0)	nan
(31, 69, 7)	(69, 63, 1)	(63, 4, 0)	nan
(31, 69, 7)	(69, 73, 2)	(73, 4, 0)	nan
(31, 69, 7)	(69, 36, 5)	(36, 4, 0)	nan
