(31, 32, 0)	(32, 29, 3)	(29, 88, 0)	nan
(31, 36, 7)	(36, 62, 5)	(62, 88, 5)	nan
(31, 36, 7)	(36, 67, 5)	(67, 88, 5)	nan
(31, 36, 7)	(36, 29, 7)	(29, 88, 0)	nan
(31, 36, 7)	(36, 29, 8)	(29, 88, 0)	nan
(31, 35, 8)	(35, 30, 8)	(30, 88, 5)	nan
(31, 35, 8)	(35, 88, 1)	nan
(31, 29, 5)	(29, 88, 0)	nan
(31, 29, 5)	(29, 35, 1)	(35, 88, 1)	nan
(31, 30, 8)	(30, 88, 5)	nan
(31, 55, 5)	(55, 35, 8)	(35, 88, 1)	nan
(31, 55, 5)	(55, 35, 8)	(35, 88, 1)	nan
(31, 55, 5)	(55, 35, 3)	(35, 88, 1)	nan
(31, 55, 5)	(55, 35, 5)	(35, 88, 1)	nan
(31, 55, 5)	(55, 30, 8)	(30, 88, 5)	nan
(31, 69, 7)	(69, 48, 2)	(48, 88, 7)	nan
