(32, 19, 3)	nan
(32, 29, 3)	(29, 19, 4)	nan
(32, 29, 3)	(29, 19, 8)	nan
(32, 29, 3)	(29, 88, 0)	(88, 19, 4)	nan
(32, 29, 3)	(29, 88, 0)	(88, 19, 0)	nan
(32, 29, 3)	(29, 35, 1)	(35, 19, 4)	nan
(32, 29, 3)	(29, 35, 1)	(35, 19, 7)	nan
(32, 29, 3)	(29, 52, 7)	(52, 19, 4)	nan
(32, 29, 3)	(29, 52, 7)	(52, 19, 2)	nan
(32, 29, 3)	(29, 76, 3)	(76, 19, 4)	nan
(32, 29, 3)	(29, 76, 3)	(76, 19, 4)	nan
(32, 29, 3)	(29, 76, 3)	(76, 19, 6)	nan
(32, 29, 3)	(29, 76, 3)	(76, 19, 6)	nan
(32, 29, 3)	(29, 86, 1)	(86, 19, 4)	nan
(32, 29, 3)	(29, 86, 1)	(86, 19, 4)	nan
(32, 29, 3)	(29, 61, 7)	(61, 19, 1)	nan
(32, 29, 3)	(29, 61, 7)	(61, 19, 4)	nan
(32, 86, 7)	(86, 77, 7)	(77, 19, 4)	nan
(32, 86, 7)	(86, 73, 3)	(73, 19, 4)	nan
(32, 86, 7)	(86, 73, 3)	(73, 19, 7)	nan
(32, 86, 7)	(86, 73, 3)	(73, 19, 4)	nan
(32, 86, 7)	(86, 19, 4)	nan
(32, 86, 7)	(86, 19, 4)	nan
(32, 86, 7)	(86, 53, 7)	(53, 19, 7)	nan
(32, 86, 7)	(86, 74, 7)	(74, 19, 4)	nan
(32, 86, 7)	(86, 74, 7)	(74, 19, 4)	nan
(32, 86, 7)	(86, 74, 7)	(74, 19, 0)	nan
(32, 86, 7)	(86, 74, 7)	(74, 19, 5)	nan
(32, 86, 7)	(86, 74, 7)	(74, 19, 1)	nan
(32, 86, 7)	(86, 74, 7)	(74, 19, 7)	nan
(32, 86, 7)	(86, 61, 5)	(61, 19, 1)	nan
(32, 86, 7)	(86, 61, 5)	(61, 19, 4)	nan
(32, 61, 1)	(61, 35, 8)	(35, 19, 4)	nan
(32, 61, 1)	(61, 35, 8)	(35, 19, 7)	nan
(32, 61, 1)	(61, 35, 7)	(35, 19, 4)	nan
(32, 61, 1)	(61, 35, 7)	(35, 19, 7)	nan
(32, 61, 1)	(61, 34, 8)	(34, 19, 4)	nan
(32, 61, 1)	(61, 34, 8)	(34, 19, 3)	nan
(32, 61, 1)	(61, 36, 3)	(36, 19, 4)	nan
(32, 61, 1)	(61, 36, 3)	(36, 19, 8)	nan
(32, 61, 1)	(61, 36, 3)	(36, 19, 5)	nan
(32, 61, 1)	(61, 36, 3)	(36, 19, 5)	nan
(32, 61, 1)	(61, 36, 1)	(36, 19, 4)	nan
(32, 61, 1)	(61, 36, 1)	(36, 19, 8)	nan
(32, 61, 1)	(61, 36, 1)	(36, 19, 5)	nan
(32, 61, 1)	(61, 36, 1)	(36, 19, 5)	nan
(32, 61, 1)	(61, 69, 7)	(69, 19, 1)	nan
(32, 61, 1)	(61, 45, 7)	(45, 19, 4)	nan
(32, 61, 1)	(61, 19, 1)	nan
(32, 61, 1)	(61, 19, 4)	nan
