(32, 29, 3)	(29, 11, 2)	nan
(32, 29, 3)	(29, 11, 2)	nan
(32, 29, 3)	(29, 11, 7)	nan
(32, 29, 3)	(29, 88, 0)	(88, 11, 2)	nan
(32, 29, 3)	(29, 88, 0)	(88, 11, 1)	nan
(32, 29, 3)	(29, 35, 1)	(35, 11, 2)	nan
(32, 29, 3)	(29, 35, 1)	(35, 11, 8)	nan
(32, 29, 3)	(29, 52, 7)	(52, 11, 2)	nan
(32, 29, 3)	(29, 52, 7)	(52, 11, 2)	nan
(32, 29, 3)	(29, 52, 7)	(52, 11, 6)	nan
(32, 29, 3)	(29, 76, 3)	(76, 11, 2)	nan
(32, 29, 3)	(29, 76, 3)	(76, 11, 7)	nan
(32, 29, 3)	(29, 86, 1)	(86, 11, 2)	nan
(32, 29, 3)	(29, 86, 1)	(86, 11, 2)	nan
(32, 29, 3)	(29, 86, 1)	(86, 11, 5)	nan
(32, 29, 3)	(29, 86, 1)	(86, 11, 5)	nan
(32, 29, 3)	(29, 61, 7)	(61, 11, 2)	nan
(32, 29, 3)	(29, 61, 7)	(61, 11, 2)	nan
(32, 29, 3)	(29, 61, 7)	(61, 11, 5)	nan
(32, 86, 7)	(86, 11, 2)	nan
(32, 86, 7)	(86, 11, 2)	nan
(32, 86, 7)	(86, 11, 5)	nan
(32, 86, 7)	(86, 11, 5)	nan
(32, 86, 7)	(86, 33, 8)	(33, 11, 2)	nan
(32, 86, 7)	(86, 33, 8)	(33, 11, 2)	nan
(32, 86, 7)	(86, 33, 3)	(33, 11, 2)	nan
(32, 86, 7)	(86, 66, 2)	(66, 11, 2)	nan
(32, 86, 7)	(86, 66, 2)	(66, 11, 2)	nan
(32, 86, 7)	(86, 66, 2)	(66, 11, 2)	nan
(32, 86, 7)	(86, 66, 2)	(66, 11, 2)	nan
(32, 86, 7)	(86, 77, 7)	(77, 11, 2)	nan
(32, 86, 7)	(86, 77, 7)	(77, 11, 2)	nan
(32, 86, 7)	(86, 77, 7)	(77, 11, 2)	nan
(32, 86, 7)	(86, 73, 3)	(73, 11, 2)	nan
(32, 86, 7)	(86, 73, 3)	(73, 11, 2)	nan
(32, 86, 7)	(86, 73, 3)	(73, 11, 2)	nan
(32, 86, 7)	(86, 73, 3)	(73, 11, 2)	nan
(32, 86, 7)	(86, 73, 3)	(73, 11, 2)	nan
(32, 86, 7)	(86, 73, 3)	(73, 11, 2)	nan
(32, 86, 7)	(86, 73, 3)	(73, 11, 2)	nan
(32, 86, 7)	(86, 73, 3)	(73, 11, 2)	nan
(32, 86, 7)	(86, 73, 3)	(73, 11, 2)	nan
(32, 86, 7)	(86, 53, 7)	(53, 11, 2)	nan
(32, 86, 7)	(86, 53, 7)	(53, 11, 2)	nan
(32, 86, 7)	(86, 53, 7)	(53, 11, 8)	nan
(32, 86, 7)	(86, 53, 7)	(53, 11, 6)	nan
(32, 86, 7)	(86, 65, 8)	(65, 11, 2)	nan
(32, 86, 7)	(86, 65, 8)	(65, 11, 0)	nan
(32, 86, 7)	(86, 74, 7)	(74, 11, 2)	nan
(32, 86, 7)	(86, 74, 7)	(74, 11, 7)	nan
