(32, 25, 6)	nan
(32, 25, 0)	nan
(32, 29, 3)	(29, 25, 7)	nan
(32, 29, 3)	(29, 25, 3)	nan
(32, 29, 3)	(29, 50, 5)	(50, 25, 7)	nan
(32, 29, 3)	(29, 50, 5)	(50, 25, 0)	nan
(32, 29, 3)	(29, 52, 7)	(52, 25, 7)	nan
(32, 29, 3)	(29, 52, 7)	(52, 25, 0)	nan
(32, 29, 3)	(29, 76, 3)	(76, 25, 7)	nan
(32, 29, 3)	(29, 76, 3)	(76, 25, 7)	nan
(32, 29, 3)	(29, 76, 3)	(76, 25, 7)	nan
(32, 29, 3)	(29, 76, 3)	(76, 25, 7)	nan
(32, 29, 3)	(29, 76, 3)	(76, 25, 7)	nan
(32, 29, 3)	(29, 76, 3)	(76, 25, 7)	nan
(32, 29, 3)	(29, 76, 3)	(76, 25, 7)	nan
(32, 29, 3)	(29, 86, 1)	(86, 25, 7)	nan
(32, 29, 3)	(29, 86, 1)	(86, 25, 7)	nan
(32, 29, 3)	(29, 86, 1)	(86, 25, 1)	nan
(32, 29, 3)	(29, 61, 7)	(61, 25, 7)	nan
(32, 29, 3)	(29, 61, 7)	(61, 25, 7)	nan
(32, 29, 3)	(29, 61, 7)	(61, 25, 2)	nan
(32, 86, 7)	(86, 25, 7)	nan
(32, 86, 7)	(86, 25, 7)	nan
(32, 86, 7)	(86, 25, 1)	nan
(32, 86, 7)	(86, 33, 8)	(33, 25, 5)	nan
(32, 86, 7)	(86, 33, 8)	(33, 25, 5)	nan
(32, 86, 7)	(86, 33, 3)	(33, 25, 5)	nan
(32, 86, 7)	(86, 66, 2)	(66, 25, 7)	nan
(32, 86, 7)	(86, 66, 2)	(66, 25, 7)	nan
(32, 86, 7)	(86, 66, 2)	(66, 25, 6)	nan
(32, 86, 7)	(86, 77, 7)	(77, 25, 7)	nan
(32, 86, 7)	(86, 73, 3)	(73, 25, 7)	nan
(32, 86, 7)	(86, 73, 3)	(73, 25, 7)	nan
(32, 86, 7)	(86, 73, 3)	(73, 25, 7)	nan
(32, 86, 7)	(86, 73, 3)	(73, 25, 7)	nan
(32, 86, 7)	(86, 73, 3)	(73, 25, 7)	nan
(32, 86, 7)	(86, 73, 3)	(73, 25, 7)	nan
(32, 86, 7)	(86, 73, 3)	(73, 25, 7)	nan
(32, 86, 7)	(86, 73, 3)	(73, 25, 7)	nan
(32, 86, 7)	(86, 65, 8)	(65, 25, 7)	nan
(32, 86, 7)	(86, 65, 8)	(65, 25, 7)	nan
(32, 86, 7)	(86, 65, 8)	(65, 25, 2)	nan
(32, 86, 7)	(86, 65, 8)	(65, 25, 1)	nan
(32, 86, 7)	(86, 74, 7)	(74, 25, 7)	nan
(32, 86, 7)	(86, 74, 7)	(74, 25, 0)	nan
(32, 86, 7)	(86, 61, 5)	(61, 25, 7)	nan
(32, 86, 7)	(86, 61, 5)	(61, 25, 7)	nan
(32, 86, 7)	(86, 61, 5)	(61, 25, 2)	nan
(32, 61, 1)	(61, 25, 7)	nan
