(32, 22, 5)	nan
(32, 22, 6)	nan
(32, 29, 3)	(29, 50, 5)	(50, 22, 5)	nan
(32, 29, 3)	(29, 50, 5)	(50, 22, 5)	nan
(32, 29, 3)	(29, 50, 5)	(50, 22, 0)	nan
(32, 29, 3)	(29, 22, 5)	nan
(32, 29, 3)	(29, 22, 5)	nan
(32, 29, 3)	(29, 22, 5)	nan
(32, 29, 3)	(29, 22, 5)	nan
(32, 29, 3)	(29, 35, 1)	(35, 22, 5)	nan
(32, 29, 3)	(29, 35, 1)	(35, 22, 5)	nan
(32, 29, 3)	(29, 35, 1)	(35, 22, 3)	nan
(32, 29, 3)	(29, 52, 7)	(52, 22, 5)	nan
(32, 29, 3)	(29, 52, 7)	(52, 22, 5)	nan
(32, 29, 3)	(29, 52, 7)	(52, 22, 0)	nan
(32, 29, 3)	(29, 52, 7)	(52, 22, 2)	nan
(32, 29, 3)	(29, 76, 3)	(76, 22, 5)	nan
(32, 29, 3)	(29, 86, 1)	(86, 22, 5)	nan
(32, 29, 3)	(29, 61, 7)	(61, 22, 5)	nan
(32, 29, 3)	(29, 61, 7)	(61, 22, 7)	nan
(32, 86, 7)	(86, 22, 5)	nan
(32, 86, 7)	(86, 73, 3)	(73, 22, 5)	nan
(32, 86, 7)	(86, 73, 3)	(73, 22, 5)	nan
(32, 86, 7)	(86, 73, 3)	(73, 22, 2)	nan
(32, 86, 7)	(86, 73, 3)	(73, 22, 4)	nan
(32, 86, 7)	(86, 74, 7)	(74, 22, 5)	nan
(32, 86, 7)	(86, 74, 7)	(74, 22, 1)	nan
(32, 86, 7)	(86, 61, 5)	(61, 22, 5)	nan
(32, 86, 7)	(86, 61, 5)	(61, 22, 7)	nan
(32, 61, 1)	(61, 35, 8)	(35, 22, 5)	nan
(32, 61, 1)	(61, 35, 8)	(35, 22, 5)	nan
(32, 61, 1)	(61, 35, 8)	(35, 22, 3)	nan
(32, 61, 1)	(61, 35, 7)	(35, 22, 5)	nan
(32, 61, 1)	(61, 35, 7)	(35, 22, 5)	nan
(32, 61, 1)	(61, 35, 7)	(35, 22, 3)	nan
(32, 61, 1)	(61, 36, 3)	(36, 22, 5)	nan
(32, 61, 1)	(61, 36, 3)	(36, 22, 5)	nan
(32, 61, 1)	(61, 36, 3)	(36, 22, 0)	nan
(32, 61, 1)	(61, 36, 3)	(36, 22, 2)	nan
(32, 61, 1)	(61, 36, 1)	(36, 22, 5)	nan
(32, 61, 1)	(61, 36, 1)	(36, 22, 5)	nan
(32, 61, 1)	(61, 36, 1)	(36, 22, 0)	nan
(32, 61, 1)	(61, 36, 1)	(36, 22, 2)	nan
(32, 61, 1)	(61, 69, 7)	(69, 22, 5)	nan
(32, 61, 1)	(61, 43, 5)	(43, 22, 5)	nan
(32, 61, 1)	(61, 22, 5)	nan
(32, 61, 1)	(61, 22, 7)	nan
(32, 61, 1)	(61, 45, 7)	(45, 22, 5)	nan
(32, 61, 1)	(61, 45, 7)	(45, 22, 5)	nan
(32, 61, 1)	(61, 45, 7)	(45, 22, 7)	nan
