(32, 28, 4)	nan
(32, 28, 3)	nan
(32, 28, 5)	nan
(32, 29, 3)	(29, 28, 7)	nan
(32, 29, 3)	(29, 28, 3)	nan
(32, 29, 3)	(29, 50, 5)	(50, 28, 7)	nan
(32, 29, 3)	(29, 50, 5)	(50, 28, 5)	nan
(32, 29, 3)	(29, 88, 0)	(88, 28, 7)	nan
(32, 29, 3)	(29, 88, 0)	(88, 28, 3)	nan
(32, 29, 3)	(29, 35, 1)	(35, 28, 7)	nan
(32, 29, 3)	(29, 35, 1)	(35, 28, 1)	nan
(32, 29, 3)	(29, 76, 3)	(76, 28, 7)	nan
(32, 29, 3)	(29, 76, 3)	(76, 28, 0)	nan
(32, 29, 3)	(29, 61, 7)	(61, 28, 7)	nan
(32, 29, 3)	(29, 61, 7)	(61, 28, 7)	nan
(32, 29, 3)	(29, 61, 7)	(61, 28, 4)	nan
(32, 29, 3)	(29, 61, 7)	(61, 28, 3)	nan
(32, 86, 7)	(86, 66, 2)	(66, 28, 7)	nan
(32, 86, 7)	(86, 66, 2)	(66, 28, 7)	nan
(32, 86, 7)	(86, 66, 2)	(66, 28, 5)	nan
(32, 86, 7)	(86, 66, 2)	(66, 28, 6)	nan
(32, 86, 7)	(86, 77, 7)	(77, 28, 7)	nan
(32, 86, 7)	(86, 77, 7)	(77, 28, 2)	nan
(32, 86, 7)	(86, 73, 3)	(73, 28, 7)	nan
(32, 86, 7)	(86, 73, 3)	(73, 28, 7)	nan
(32, 86, 7)	(86, 73, 3)	(73, 28, 1)	nan
(32, 86, 7)	(86, 73, 3)	(73, 28, 8)	nan
(32, 86, 7)	(86, 53, 7)	(53, 28, 7)	nan
(32, 86, 7)	(86, 53, 7)	(53, 28, 5)	nan
(32, 86, 7)	(86, 65, 8)	(65, 28, 7)	nan
(32, 86, 7)	(86, 65, 8)	(65, 28, 4)	nan
(32, 86, 7)	(86, 74, 7)	(74, 28, 7)	nan
(32, 86, 7)	(86, 74, 7)	(74, 28, 7)	nan
(32, 86, 7)	(86, 74, 7)	(74, 28, 8)	nan
(32, 86, 7)	(86, 74, 7)	(74, 28, 3)	nan
(32, 86, 7)	(86, 61, 5)	(61, 28, 7)	nan
(32, 86, 7)	(86, 61, 5)	(61, 28, 7)	nan
(32, 86, 7)	(86, 61, 5)	(61, 28, 4)	nan
(32, 86, 7)	(86, 61, 5)	(61, 28, 3)	nan
(32, 61, 1)	(61, 28, 7)	nan
(32, 61, 1)	(61, 28, 7)	nan
(32, 61, 1)	(61, 28, 4)	nan
(32, 61, 1)	(61, 28, 3)	nan
(32, 61, 1)	(61, 35, 8)	(35, 28, 7)	nan
(32, 61, 1)	(61, 35, 8)	(35, 28, 1)	nan
(32, 61, 1)	(61, 35, 7)	(35, 28, 7)	nan
(32, 61, 1)	(61, 35, 7)	(35, 28, 1)	nan
(32, 61, 1)	(61, 36, 3)	(36, 28, 7)	nan
(32, 61, 1)	(61, 36, 3)	(36, 28, 7)	nan
