(33, 1, 0)	nan
(33, 1, 3)	nan
(33, 54, 2)	(54, 35, 3)	(35, 1, 0)	nan
(33, 54, 2)	(54, 79, 1)	(79, 1, 0)	nan
(33, 54, 2)	(54, 43, 7)	(43, 1, 0)	nan
(33, 54, 2)	(54, 43, 7)	(43, 1, 5)	nan
(33, 54, 2)	(54, 87, 7)	(87, 1, 0)	nan
(33, 54, 2)	(54, 56, 3)	(56, 1, 0)	nan
(33, 54, 2)	(54, 38, 2)	(38, 1, 0)	nan
(33, 54, 2)	(54, 38, 2)	(38, 1, 5)	nan
(33, 54, 2)	(54, 69, 3)	(69, 1, 0)	nan
(33, 54, 2)	(54, 69, 3)	(69, 1, 0)	nan
(33, 54, 2)	(54, 69, 3)	(69, 1, 0)	nan
(33, 54, 2)	(54, 69, 3)	(69, 1, 0)	nan
(33, 50, 3)	(50, 32, 8)	(32, 1, 0)	nan
(33, 50, 3)	(50, 32, 1)	(32, 1, 0)	nan
(33, 50, 3)	(50, 36, 5)	(36, 1, 0)	nan
(33, 50, 3)	(50, 61, 5)	(61, 1, 0)	nan
(33, 50, 3)	(50, 61, 5)	(61, 1, 0)	nan
(33, 74, 0)	(74, 1, 0)	nan
(33, 74, 0)	(74, 1, 3)	nan
(33, 74, 0)	(74, 90, 1)	(90, 1, 0)	nan
(33, 74, 0)	(74, 90, 1)	(90, 1, 0)	nan
(33, 74, 0)	(74, 35, 7)	(35, 1, 0)	nan
(33, 74, 0)	(74, 51, 7)	(51, 1, 0)	nan
(33, 74, 0)	(74, 29, 8)	(29, 1, 0)	nan
(33, 87, 3)	(87, 51, 7)	(51, 1, 0)	nan
(33, 87, 3)	(87, 40, 7)	(40, 1, 0)	nan
(33, 87, 3)	(87, 40, 7)	(40, 1, 0)	nan
(33, 87, 3)	(87, 40, 7)	(40, 1, 1)	nan
(33, 87, 3)	(87, 40, 7)	(40, 1, 1)	nan
(33, 87, 3)	(87, 40, 7)	(40, 1, 1)	nan
(33, 87, 3)	(87, 35, 8)	(35, 1, 0)	nan
(33, 87, 3)	(87, 1, 0)	nan
(33, 41, 1)	(41, 1, 0)	nan
(33, 41, 1)	(41, 1, 7)	nan
(33, 41, 1)	(41, 38, 7)	(38, 1, 0)	nan
(33, 41, 1)	(41, 38, 7)	(38, 1, 5)	nan
(33, 41, 1)	(41, 32, 7)	(32, 1, 0)	nan
(33, 41, 1)	(41, 29, 5)	(29, 1, 0)	nan
(33, 41, 1)	(41, 35, 8)	(35, 1, 0)	nan
(33, 84, 0)	(84, 35, 8)	(35, 1, 0)	nan
(33, 84, 0)	(84, 35, 8)	(35, 1, 0)	nan
(33, 84, 0)	(84, 92, 5)	(92, 1, 0)	nan
(33, 29, 2)	(29, 1, 0)	nan
(33, 29, 2)	(29, 88, 0)	(88, 1, 0)	nan
(33, 29, 2)	(29, 35, 1)	(35, 1, 0)	nan
(33, 29, 2)	(29, 61, 7)	(61, 1, 0)	nan
(33, 29, 2)	(29, 61, 7)	(61, 1, 0)	nan
