(33, 54, 2)	(54, 10, 2)	nan
(33, 54, 2)	(54, 10, 5)	nan
(33, 54, 2)	(54, 35, 3)	(35, 10, 2)	nan
(33, 54, 2)	(54, 35, 3)	(35, 10, 5)	nan
(33, 54, 2)	(54, 79, 1)	(79, 10, 2)	nan
(33, 54, 2)	(54, 43, 7)	(43, 10, 2)	nan
(33, 54, 2)	(54, 43, 7)	(43, 10, 2)	nan
(33, 54, 2)	(54, 43, 7)	(43, 10, 2)	nan
(33, 54, 2)	(54, 56, 3)	(56, 10, 2)	nan
(33, 54, 2)	(54, 56, 3)	(56, 10, 2)	nan
(33, 54, 2)	(54, 56, 3)	(56, 10, 7)	nan
(33, 54, 2)	(54, 69, 3)	(69, 10, 2)	nan
(33, 54, 2)	(54, 69, 3)	(69, 10, 8)	nan
(33, 50, 3)	(50, 32, 8)	(32, 10, 2)	nan
(33, 50, 3)	(50, 32, 1)	(32, 10, 2)	nan
(33, 50, 3)	(50, 36, 5)	(36, 10, 2)	nan
(33, 50, 3)	(50, 36, 5)	(36, 10, 2)	nan
(33, 50, 3)	(50, 61, 5)	(61, 10, 2)	nan
(33, 50, 3)	(50, 61, 5)	(61, 10, 2)	nan
(33, 50, 3)	(50, 34, 8)	(34, 10, 2)	nan
(33, 50, 3)	(50, 31, 7)	(31, 10, 2)	nan
(33, 74, 0)	(74, 10, 2)	nan
(33, 74, 0)	(74, 10, 7)	nan
(33, 74, 0)	(74, 76, 5)	(76, 10, 2)	nan
(33, 74, 0)	(74, 35, 7)	(35, 10, 2)	nan
(33, 74, 0)	(74, 35, 7)	(35, 10, 5)	nan
(33, 74, 0)	(74, 29, 8)	(29, 10, 2)	nan
(33, 74, 0)	(74, 29, 8)	(29, 10, 2)	nan
(33, 74, 0)	(74, 29, 8)	(29, 10, 5)	nan
(33, 74, 0)	(74, 29, 8)	(29, 10, 4)	nan
(33, 87, 3)	(87, 34, 8)	(34, 10, 2)	nan
(33, 87, 3)	(87, 34, 7)	(34, 10, 2)	nan
(33, 87, 3)	(87, 44, 5)	(44, 10, 1)	nan
(33, 87, 3)	(87, 44, 5)	(44, 10, 2)	nan
(33, 87, 3)	(87, 59, 4)	(59, 10, 2)	nan
(33, 87, 3)	(87, 59, 4)	(59, 10, 3)	nan
(33, 87, 3)	(87, 35, 8)	(35, 10, 2)	nan
(33, 87, 3)	(87, 35, 8)	(35, 10, 5)	nan
(33, 41, 1)	(41, 10, 2)	nan
(33, 41, 1)	(41, 10, 2)	nan
(33, 41, 1)	(41, 10, 2)	nan
(33, 41, 1)	(41, 10, 2)	nan
(33, 41, 1)	(41, 32, 7)	(32, 10, 2)	nan
(33, 41, 1)	(41, 82, 0)	(82, 10, 2)	nan
(33, 41, 1)	(41, 82, 0)	(82, 10, 2)	nan
(33, 41, 1)	(41, 48, 5)	(48, 10, 2)	nan
(33, 41, 1)	(41, 48, 5)	(48, 10, 2)	nan
(33, 41, 1)	(41, 48, 5)	(48, 10, 8)	nan
(33, 41, 1)	(41, 48, 5)	(48, 10, 8)	nan
(33, 41, 1)	(41, 31, 8)	(31, 10, 2)	nan
