(33, 54, 2)	(54, 19, 4)	nan
(33, 54, 2)	(54, 19, 3)	nan
(33, 54, 2)	(54, 35, 3)	(35, 19, 4)	nan
(33, 54, 2)	(54, 35, 3)	(35, 19, 7)	nan
(33, 54, 2)	(54, 79, 1)	(79, 19, 4)	nan
(33, 54, 2)	(54, 79, 1)	(79, 19, 1)	nan
(33, 54, 2)	(54, 87, 7)	(87, 19, 4)	nan
(33, 54, 2)	(54, 56, 3)	(56, 19, 4)	nan
(33, 54, 2)	(54, 56, 3)	(56, 19, 3)	nan
(33, 54, 2)	(54, 38, 2)	(38, 19, 4)	nan
(33, 54, 2)	(54, 38, 2)	(38, 19, 1)	nan
(33, 54, 2)	(54, 69, 3)	(69, 19, 1)	nan
(33, 50, 3)	(50, 32, 8)	(32, 19, 4)	nan
(33, 50, 3)	(50, 32, 8)	(32, 19, 3)	nan
(33, 50, 3)	(50, 32, 1)	(32, 19, 4)	nan
(33, 50, 3)	(50, 32, 1)	(32, 19, 3)	nan
(33, 50, 3)	(50, 36, 5)	(36, 19, 4)	nan
(33, 50, 3)	(50, 36, 5)	(36, 19, 8)	nan
(33, 50, 3)	(50, 36, 5)	(36, 19, 5)	nan
(33, 50, 3)	(50, 36, 5)	(36, 19, 5)	nan
(33, 50, 3)	(50, 30, 8)	(30, 19, 4)	nan
(33, 50, 3)	(50, 61, 5)	(61, 19, 1)	nan
(33, 50, 3)	(50, 61, 5)	(61, 19, 4)	nan
(33, 50, 3)	(50, 34, 8)	(34, 19, 4)	nan
(33, 50, 3)	(50, 34, 8)	(34, 19, 3)	nan
(33, 50, 3)	(50, 31, 7)	(31, 19, 4)	nan
(33, 50, 3)	(50, 31, 7)	(31, 19, 2)	nan
(33, 50, 3)	(50, 57, 3)	(57, 19, 4)	nan
(33, 50, 3)	(50, 57, 3)	(57, 19, 0)	nan
(33, 50, 3)	(50, 78, 8)	(78, 19, 4)	nan
(33, 50, 3)	(50, 78, 8)	(78, 19, 4)	nan
(33, 50, 3)	(50, 78, 8)	(78, 19, 4)	nan
(33, 74, 0)	(74, 19, 4)	nan
(33, 74, 0)	(74, 19, 4)	nan
(33, 74, 0)	(74, 19, 0)	nan
(33, 74, 0)	(74, 19, 5)	nan
(33, 74, 0)	(74, 19, 1)	nan
(33, 74, 0)	(74, 19, 7)	nan
(33, 74, 0)	(74, 76, 5)	(76, 19, 4)	nan
(33, 74, 0)	(74, 76, 5)	(76, 19, 4)	nan
(33, 74, 0)	(74, 76, 5)	(76, 19, 6)	nan
(33, 74, 0)	(74, 76, 5)	(76, 19, 6)	nan
(33, 74, 0)	(74, 90, 1)	(90, 19, 4)	nan
(33, 74, 0)	(74, 90, 1)	(90, 19, 0)	nan
(33, 74, 0)	(74, 90, 1)	(90, 19, 8)	nan
(33, 74, 0)	(74, 35, 7)	(35, 19, 4)	nan
(33, 74, 0)	(74, 35, 7)	(35, 19, 7)	nan
(33, 74, 0)	(74, 51, 7)	(51, 19, 4)	nan
(33, 74, 0)	(74, 51, 7)	(51, 19, 4)	nan
(33, 74, 0)	(74, 51, 7)	(51, 19, 4)	nan
(33, 74, 0)	(74, 51, 7)	(51, 19, 4)	nan
