(33, 2, 3)	nan
(33, 54, 2)	(54, 43, 7)	(43, 2, 0)	nan
(33, 54, 2)	(54, 43, 7)	(43, 2, 8)	nan
(33, 54, 2)	(54, 87, 7)	(87, 2, 0)	nan
(33, 54, 2)	(54, 56, 3)	(56, 2, 0)	nan
(33, 54, 2)	(54, 38, 2)	(38, 2, 0)	nan
(33, 50, 3)	(50, 32, 8)	(32, 2, 7)	nan
(33, 50, 3)	(50, 32, 1)	(32, 2, 7)	nan
(33, 50, 3)	(50, 36, 5)	(36, 2, 0)	nan
(33, 50, 3)	(50, 36, 5)	(36, 2, 0)	nan
(33, 50, 3)	(50, 36, 5)	(36, 2, 3)	nan
(33, 50, 3)	(50, 36, 5)	(36, 2, 6)	nan
(33, 50, 3)	(50, 2, 0)	nan
(33, 50, 3)	(50, 30, 8)	(30, 2, 0)	nan
(33, 50, 3)	(50, 34, 8)	(34, 2, 0)	nan
(33, 50, 3)	(50, 34, 8)	(34, 2, 0)	nan
(33, 50, 3)	(50, 34, 8)	(34, 2, 0)	nan
(33, 50, 3)	(50, 31, 7)	(31, 2, 0)	nan
(33, 50, 3)	(50, 31, 7)	(31, 2, 0)	nan
(33, 50, 3)	(50, 31, 7)	(31, 2, 1)	nan
(33, 50, 3)	(50, 31, 7)	(31, 2, 7)	nan
(33, 50, 3)	(50, 57, 3)	(57, 2, 0)	nan
(33, 50, 3)	(50, 78, 8)	(78, 2, 0)	nan
(33, 50, 3)	(50, 78, 8)	(78, 2, 0)	nan
(33, 74, 0)	(74, 2, 0)	nan
(33, 74, 0)	(74, 2, 0)	nan
(33, 74, 0)	(74, 76, 5)	(76, 2, 0)	nan
(33, 74, 0)	(74, 76, 5)	(76, 2, 0)	nan
(33, 74, 0)	(74, 90, 1)	(90, 2, 0)	nan
(33, 74, 0)	(74, 90, 1)	(90, 2, 4)	nan
(33, 74, 0)	(74, 51, 7)	(51, 2, 7)	nan
(33, 74, 0)	(74, 51, 7)	(51, 2, 0)	nan
(33, 74, 0)	(74, 29, 8)	(29, 2, 0)	nan
(33, 74, 0)	(74, 29, 8)	(29, 2, 0)	nan
(33, 74, 0)	(74, 29, 8)	(29, 2, 8)	nan
(33, 74, 0)	(74, 29, 8)	(29, 2, 7)	nan
(33, 87, 3)	(87, 34, 8)	(34, 2, 0)	nan
(33, 87, 3)	(87, 34, 8)	(34, 2, 0)	nan
(33, 87, 3)	(87, 34, 8)	(34, 2, 0)	nan
(33, 87, 3)	(87, 34, 7)	(34, 2, 0)	nan
(33, 87, 3)	(87, 34, 7)	(34, 2, 0)	nan
(33, 87, 3)	(87, 34, 7)	(34, 2, 0)	nan
(33, 87, 3)	(87, 2, 0)	nan
(33, 87, 3)	(87, 44, 5)	(44, 2, 0)	nan
(33, 87, 3)	(87, 59, 4)	(59, 2, 7)	nan
(33, 87, 3)	(87, 51, 7)	(51, 2, 7)	nan
(33, 87, 3)	(87, 51, 7)	(51, 2, 0)	nan
(33, 87, 3)	(87, 40, 7)	(40, 2, 0)	nan
(33, 41, 1)	(41, 2, 0)	nan
(33, 41, 1)	(41, 30, 8)	(30, 2, 0)	nan
