(34, 16, 3)	nan
(34, 91, 1)	(91, 16, 3)	nan
(34, 91, 1)	(91, 16, 1)	nan
(34, 91, 1)	(91, 39, 3)	(39, 16, 3)	nan
(34, 67, 2)	(67, 32, 8)	(32, 16, 3)	nan
(34, 67, 2)	(67, 32, 8)	(32, 16, 3)	nan
(34, 67, 2)	(67, 32, 8)	(32, 16, 6)	nan
(34, 67, 2)	(67, 53, 7)	(53, 16, 3)	nan
(34, 67, 2)	(67, 48, 8)	(48, 16, 3)	nan
(34, 67, 2)	(67, 88, 5)	(88, 16, 3)	nan
(34, 67, 2)	(67, 88, 5)	(88, 16, 3)	nan
(34, 67, 2)	(67, 88, 5)	(88, 16, 2)	nan
(34, 59, 7)	(59, 16, 3)	nan
(34, 59, 7)	(59, 16, 3)	nan
(34, 59, 7)	(59, 16, 5)	nan
(34, 59, 7)	(59, 16, 0)	nan
(34, 59, 7)	(59, 29, 3)	(29, 16, 2)	nan
(34, 59, 7)	(59, 47, 5)	(47, 16, 3)	nan
(34, 59, 7)	(59, 47, 2)	(47, 16, 3)	nan
(34, 59, 7)	(59, 66, 7)	(66, 16, 3)	nan
(34, 59, 3)	(59, 16, 3)	nan
(34, 59, 3)	(59, 16, 3)	nan
(34, 59, 3)	(59, 16, 5)	nan
(34, 59, 3)	(59, 16, 0)	nan
(34, 59, 3)	(59, 29, 3)	(29, 16, 2)	nan
(34, 59, 3)	(59, 47, 5)	(47, 16, 3)	nan
(34, 59, 3)	(59, 47, 2)	(47, 16, 3)	nan
(34, 59, 3)	(59, 66, 7)	(66, 16, 3)	nan
(34, 59, 3)	(59, 16, 3)	nan
(34, 59, 3)	(59, 16, 3)	nan
(34, 59, 3)	(59, 16, 5)	nan
(34, 59, 3)	(59, 16, 0)	nan
(34, 59, 3)	(59, 29, 3)	(29, 16, 2)	nan
(34, 59, 3)	(59, 47, 5)	(47, 16, 3)	nan
(34, 59, 3)	(59, 47, 2)	(47, 16, 3)	nan
(34, 59, 3)	(59, 66, 7)	(66, 16, 3)	nan
(34, 70, 3)	(70, 56, 7)	(56, 16, 7)	nan
(34, 92, 1)	(92, 53, 7)	(53, 16, 3)	nan
(34, 92, 1)	(92, 29, 7)	(29, 16, 2)	nan
(34, 92, 1)	(92, 54, 7)	(54, 16, 3)	nan
(34, 92, 1)	(92, 54, 7)	(54, 16, 7)	nan
(34, 92, 1)	(92, 54, 7)	(54, 16, 4)	nan
(34, 92, 1)	(92, 88, 7)	(88, 16, 3)	nan
(34, 92, 1)	(92, 88, 7)	(88, 16, 3)	nan
(34, 92, 1)	(92, 88, 7)	(88, 16, 2)	nan
(34, 92, 5)	(92, 53, 7)	(53, 16, 3)	nan
(34, 92, 5)	(92, 29, 7)	(29, 16, 2)	nan
(34, 92, 5)	(92, 54, 7)	(54, 16, 3)	nan
(34, 92, 5)	(92, 54, 7)	(54, 16, 7)	nan
(34, 92, 5)	(92, 54, 7)	(54, 16, 4)	nan
(34, 92, 5)	(92, 88, 7)	(88, 16, 3)	nan
