(34, 17, 3)	nan
(34, 17, 0)	nan
(34, 91, 1)	(91, 39, 3)	(39, 17, 3)	nan
(34, 91, 1)	(91, 49, 7)	(49, 17, 3)	nan
(34, 91, 1)	(91, 33, 5)	(33, 17, 3)	nan
(34, 67, 2)	(67, 53, 7)	(53, 17, 3)	nan
(34, 67, 2)	(67, 53, 7)	(53, 17, 3)	nan
(34, 67, 2)	(67, 53, 7)	(53, 17, 7)	nan
(34, 67, 2)	(67, 77, 7)	(77, 17, 3)	nan
(34, 67, 2)	(67, 30, 8)	(30, 17, 3)	nan
(34, 59, 7)	(59, 17, 3)	nan
(34, 59, 7)	(59, 17, 4)	nan
(34, 59, 7)	(59, 29, 3)	(29, 17, 3)	nan
(34, 59, 7)	(59, 29, 3)	(29, 17, 3)	nan
(34, 59, 7)	(59, 29, 3)	(29, 17, 0)	nan
(34, 59, 7)	(59, 77, 3)	(77, 17, 3)	nan
(34, 59, 7)	(59, 81, 3)	(81, 17, 3)	nan
(34, 59, 7)	(59, 33, 8)	(33, 17, 3)	nan
(34, 59, 7)	(59, 66, 7)	(66, 17, 3)	nan
(34, 59, 7)	(59, 66, 7)	(66, 17, 3)	nan
(34, 59, 3)	(59, 17, 3)	nan
(34, 59, 3)	(59, 17, 4)	nan
(34, 59, 3)	(59, 29, 3)	(29, 17, 3)	nan
(34, 59, 3)	(59, 29, 3)	(29, 17, 3)	nan
(34, 59, 3)	(59, 29, 3)	(29, 17, 0)	nan
(34, 59, 3)	(59, 77, 3)	(77, 17, 3)	nan
(34, 59, 3)	(59, 81, 3)	(81, 17, 3)	nan
(34, 59, 3)	(59, 33, 8)	(33, 17, 3)	nan
(34, 59, 3)	(59, 66, 7)	(66, 17, 3)	nan
(34, 59, 3)	(59, 66, 7)	(66, 17, 3)	nan
(34, 59, 3)	(59, 17, 3)	nan
(34, 59, 3)	(59, 17, 4)	nan
(34, 59, 3)	(59, 29, 3)	(29, 17, 3)	nan
(34, 59, 3)	(59, 29, 3)	(29, 17, 3)	nan
(34, 59, 3)	(59, 29, 3)	(29, 17, 0)	nan
(34, 59, 3)	(59, 77, 3)	(77, 17, 3)	nan
(34, 59, 3)	(59, 81, 3)	(81, 17, 3)	nan
(34, 59, 3)	(59, 33, 8)	(33, 17, 3)	nan
(34, 59, 3)	(59, 66, 7)	(66, 17, 3)	nan
(34, 59, 3)	(59, 66, 7)	(66, 17, 3)	nan
(34, 70, 3)	(70, 51, 1)	(51, 17, 3)	nan
(34, 70, 3)	(70, 56, 7)	(56, 17, 3)	nan
(34, 70, 3)	(70, 56, 7)	(56, 17, 1)	nan
(34, 92, 1)	(92, 53, 7)	(53, 17, 3)	nan
(34, 92, 1)	(92, 53, 7)	(53, 17, 3)	nan
(34, 92, 1)	(92, 53, 7)	(53, 17, 7)	nan
(34, 92, 1)	(92, 29, 7)	(29, 17, 3)	nan
(34, 92, 1)	(92, 29, 7)	(29, 17, 3)	nan
(34, 92, 1)	(92, 29, 7)	(29, 17, 0)	nan
(34, 92, 1)	(92, 54, 7)	(54, 17, 3)	nan
