(34, 15, 1)	nan
(34, 91, 1)	(91, 15, 3)	nan
(34, 91, 1)	(91, 15, 7)	nan
(34, 91, 1)	(91, 39, 3)	(39, 15, 3)	nan
(34, 67, 2)	(67, 53, 7)	(53, 15, 3)	nan
(34, 67, 2)	(67, 53, 7)	(53, 15, 4)	nan
(34, 67, 2)	(67, 40, 1)	(40, 15, 3)	nan
(34, 67, 2)	(67, 30, 8)	(30, 15, 3)	nan
(34, 59, 7)	(59, 15, 3)	nan
(34, 59, 7)	(59, 15, 3)	nan
(34, 59, 7)	(59, 15, 7)	nan
(34, 59, 7)	(59, 15, 1)	nan
(34, 59, 7)	(59, 29, 3)	(29, 15, 3)	nan
(34, 59, 7)	(59, 29, 3)	(29, 15, 8)	nan
(34, 59, 7)	(59, 47, 5)	(47, 15, 0)	nan
(34, 59, 7)	(59, 47, 5)	(47, 15, 3)	nan
(34, 59, 7)	(59, 47, 2)	(47, 15, 0)	nan
(34, 59, 7)	(59, 47, 2)	(47, 15, 3)	nan
(34, 59, 7)	(59, 81, 3)	(81, 15, 3)	nan
(34, 59, 3)	(59, 15, 3)	nan
(34, 59, 3)	(59, 15, 3)	nan
(34, 59, 3)	(59, 15, 7)	nan
(34, 59, 3)	(59, 15, 1)	nan
(34, 59, 3)	(59, 29, 3)	(29, 15, 3)	nan
(34, 59, 3)	(59, 29, 3)	(29, 15, 8)	nan
(34, 59, 3)	(59, 47, 5)	(47, 15, 0)	nan
(34, 59, 3)	(59, 47, 5)	(47, 15, 3)	nan
(34, 59, 3)	(59, 47, 2)	(47, 15, 0)	nan
(34, 59, 3)	(59, 47, 2)	(47, 15, 3)	nan
(34, 59, 3)	(59, 81, 3)	(81, 15, 3)	nan
(34, 59, 3)	(59, 15, 3)	nan
(34, 59, 3)	(59, 15, 3)	nan
(34, 59, 3)	(59, 15, 7)	nan
(34, 59, 3)	(59, 15, 1)	nan
(34, 59, 3)	(59, 29, 3)	(29, 15, 3)	nan
(34, 59, 3)	(59, 29, 3)	(29, 15, 8)	nan
(34, 59, 3)	(59, 47, 5)	(47, 15, 0)	nan
(34, 59, 3)	(59, 47, 5)	(47, 15, 3)	nan
(34, 59, 3)	(59, 47, 2)	(47, 15, 0)	nan
(34, 59, 3)	(59, 47, 2)	(47, 15, 3)	nan
(34, 59, 3)	(59, 81, 3)	(81, 15, 3)	nan
(34, 70, 3)	(70, 51, 1)	(51, 15, 3)	nan
(34, 70, 3)	(70, 51, 1)	(51, 15, 7)	nan
(34, 70, 3)	(70, 56, 7)	(56, 15, 3)	nan
(34, 92, 1)	(92, 15, 3)	nan
(34, 92, 1)	(92, 15, 6)	nan
(34, 92, 1)	(92, 53, 7)	(53, 15, 3)	nan
(34, 92, 1)	(92, 53, 7)	(53, 15, 4)	nan
(34, 92, 1)	(92, 29, 7)	(29, 15, 3)	nan
(34, 92, 1)	(92, 29, 7)	(29, 15, 8)	nan
