(34, 91, 1)	(91, 39, 3)	(39, 27, 7)	nan
(34, 91, 1)	(91, 39, 3)	(39, 27, 7)	nan
(34, 91, 1)	(91, 39, 3)	(39, 27, 4)	nan
(34, 91, 1)	(91, 49, 7)	(49, 27, 7)	nan
(34, 91, 1)	(91, 74, 7)	(74, 27, 7)	nan
(34, 91, 1)	(91, 74, 7)	(74, 27, 7)	nan
(34, 91, 1)	(91, 74, 7)	(74, 27, 5)	nan
(34, 91, 1)	(91, 74, 7)	(74, 27, 2)	nan
(34, 91, 1)	(91, 33, 5)	(33, 27, 7)	nan
(34, 91, 1)	(91, 33, 5)	(33, 27, 0)	nan
(34, 67, 2)	(67, 27, 7)	nan
(34, 67, 2)	(67, 27, 7)	nan
(34, 67, 2)	(67, 27, 2)	nan
(34, 67, 2)	(67, 27, 3)	nan
(34, 67, 2)	(67, 48, 8)	(48, 27, 7)	nan
(34, 67, 2)	(67, 48, 8)	(48, 27, 7)	nan
(34, 67, 2)	(67, 48, 8)	(48, 27, 8)	nan
(34, 67, 2)	(67, 48, 8)	(48, 27, 4)	nan
(34, 67, 2)	(67, 88, 5)	(88, 27, 7)	nan
(34, 67, 2)	(67, 88, 5)	(88, 27, 7)	nan
(34, 67, 2)	(67, 88, 5)	(88, 27, 5)	nan
(34, 67, 2)	(67, 88, 5)	(88, 27, 3)	nan
(34, 67, 2)	(67, 77, 7)	(77, 27, 7)	nan
(34, 67, 2)	(67, 77, 7)	(77, 27, 5)	nan
(34, 67, 2)	(67, 52, 7)	(52, 27, 7)	nan
(34, 67, 2)	(67, 52, 7)	(52, 27, 1)	nan
(34, 67, 2)	(67, 40, 1)	(40, 27, 7)	nan
(34, 67, 2)	(67, 40, 1)	(40, 27, 2)	nan
(34, 67, 2)	(67, 30, 8)	(30, 27, 7)	nan
(34, 59, 7)	(59, 27, 7)	nan
(34, 59, 7)	(59, 29, 3)	(29, 27, 7)	nan
(34, 59, 7)	(59, 29, 3)	(29, 27, 5)	nan
(34, 59, 7)	(59, 77, 3)	(77, 27, 7)	nan
(34, 59, 7)	(59, 77, 3)	(77, 27, 5)	nan
(34, 59, 7)	(59, 47, 5)	(47, 27, 7)	nan
(34, 59, 7)	(59, 47, 5)	(47, 27, 5)	nan
(34, 59, 7)	(59, 47, 5)	(47, 27, 4)	nan
(34, 59, 7)	(59, 47, 2)	(47, 27, 7)	nan
(34, 59, 7)	(59, 47, 2)	(47, 27, 5)	nan
(34, 59, 7)	(59, 47, 2)	(47, 27, 4)	nan
(34, 59, 7)	(59, 81, 3)	(81, 27, 7)	nan
(34, 59, 7)	(59, 33, 8)	(33, 27, 7)	nan
(34, 59, 7)	(59, 33, 8)	(33, 27, 0)	nan
(34, 59, 7)	(59, 66, 7)	(66, 27, 7)	nan
(34, 59, 7)	(59, 66, 7)	(66, 27, 7)	nan
(34, 59, 7)	(59, 66, 7)	(66, 27, 7)	nan
(34, 59, 7)	(59, 66, 7)	(66, 27, 7)	nan
(34, 59, 7)	(59, 66, 7)	(66, 27, 7)	nan
(34, 59, 7)	(59, 66, 7)	(66, 27, 7)	nan
