(34, 26, 5)	nan
(34, 91, 1)	(91, 26, 7)	nan
(34, 91, 1)	(91, 49, 7)	(49, 26, 7)	nan
(34, 91, 1)	(91, 49, 7)	(49, 26, 8)	nan
(34, 91, 1)	(91, 80, 7)	(80, 26, 7)	nan
(34, 91, 1)	(91, 80, 7)	(80, 26, 7)	nan
(34, 91, 1)	(91, 80, 7)	(80, 26, 8)	nan
(34, 91, 1)	(91, 80, 7)	(80, 26, 2)	nan
(34, 91, 1)	(91, 74, 7)	(74, 26, 7)	nan
(34, 91, 1)	(91, 74, 7)	(74, 26, 0)	nan
(34, 91, 1)	(91, 33, 5)	(33, 26, 7)	nan
(34, 91, 1)	(91, 33, 5)	(33, 26, 7)	nan
(34, 91, 1)	(91, 33, 5)	(33, 26, 0)	nan
(34, 91, 1)	(91, 33, 5)	(33, 26, 4)	nan
(34, 67, 2)	(67, 26, 7)	nan
(34, 67, 2)	(67, 32, 8)	(32, 26, 7)	nan
(34, 67, 2)	(67, 32, 8)	(32, 26, 8)	nan
(34, 67, 2)	(67, 53, 7)	(53, 26, 7)	nan
(34, 67, 2)	(67, 53, 7)	(53, 26, 2)	nan
(34, 67, 2)	(67, 48, 8)	(48, 26, 7)	nan
(34, 67, 2)	(67, 48, 8)	(48, 26, 7)	nan
(34, 67, 2)	(67, 48, 8)	(48, 26, 2)	nan
(34, 67, 2)	(67, 48, 8)	(48, 26, 0)	nan
(34, 67, 2)	(67, 88, 5)	(88, 26, 7)	nan
(34, 67, 2)	(67, 88, 5)	(88, 26, 7)	nan
(34, 67, 2)	(67, 88, 5)	(88, 26, 8)	nan
(34, 67, 2)	(67, 88, 5)	(88, 26, 2)	nan
(34, 67, 2)	(67, 77, 7)	(77, 26, 7)	nan
(34, 67, 2)	(67, 77, 7)	(77, 26, 7)	nan
(34, 67, 2)	(67, 77, 7)	(77, 26, 8)	nan
(34, 67, 2)	(67, 77, 7)	(77, 26, 8)	nan
(34, 67, 2)	(67, 30, 8)	(30, 26, 7)	nan
(34, 67, 2)	(67, 30, 8)	(30, 26, 7)	nan
(34, 67, 2)	(67, 30, 8)	(30, 26, 4)	nan
(34, 67, 2)	(67, 30, 8)	(30, 26, 5)	nan
(34, 59, 7)	(59, 26, 7)	nan
(34, 59, 7)	(59, 26, 7)	nan
(34, 59, 7)	(59, 26, 6)	nan
(34, 59, 7)	(59, 26, 0)	nan
(34, 59, 7)	(59, 29, 3)	(29, 26, 7)	nan
(34, 59, 7)	(59, 29, 3)	(29, 26, 2)	nan
(34, 59, 7)	(59, 77, 3)	(77, 26, 7)	nan
(34, 59, 7)	(59, 77, 3)	(77, 26, 7)	nan
(34, 59, 7)	(59, 77, 3)	(77, 26, 8)	nan
(34, 59, 7)	(59, 77, 3)	(77, 26, 8)	nan
(34, 59, 7)	(59, 46, 7)	(46, 26, 7)	nan
(34, 59, 7)	(59, 46, 7)	(46, 26, 3)	nan
(34, 59, 7)	(59, 46, 7)	(46, 26, 7)	nan
(34, 59, 7)	(59, 46, 7)	(46, 26, 3)	nan
(34, 59, 7)	(59, 46, 1)	(46, 26, 7)	nan
