(34, 20, 7)	nan
(34, 91, 1)	(91, 20, 5)	nan
(34, 91, 1)	(91, 20, 4)	nan
(34, 91, 1)	(91, 39, 3)	(39, 20, 5)	nan
(34, 91, 1)	(91, 80, 7)	(80, 20, 5)	nan
(34, 91, 1)	(91, 80, 7)	(80, 20, 5)	nan
(34, 91, 1)	(91, 80, 7)	(80, 20, 7)	nan
(34, 91, 1)	(91, 74, 7)	(74, 20, 5)	nan
(34, 91, 1)	(91, 74, 7)	(74, 20, 2)	nan
(34, 67, 2)	(67, 20, 5)	nan
(34, 67, 2)	(67, 20, 5)	nan
(34, 67, 2)	(67, 20, 5)	nan
(34, 67, 2)	(67, 20, 5)	nan
(34, 67, 2)	(67, 20, 5)	nan
(34, 67, 2)	(67, 53, 7)	(53, 20, 5)	nan
(34, 67, 2)	(67, 48, 8)	(48, 20, 5)	nan
(34, 67, 2)	(67, 77, 7)	(77, 20, 5)	nan
(34, 67, 2)	(67, 52, 7)	(52, 20, 5)	nan
(34, 67, 2)	(67, 52, 7)	(52, 20, 5)	nan
(34, 67, 2)	(67, 52, 7)	(52, 20, 7)	nan
(34, 67, 2)	(67, 52, 7)	(52, 20, 1)	nan
(34, 59, 7)	(59, 29, 3)	(29, 20, 5)	nan
(34, 59, 7)	(59, 29, 3)	(29, 20, 5)	nan
(34, 59, 7)	(59, 29, 3)	(29, 20, 4)	nan
(34, 59, 7)	(59, 77, 3)	(77, 20, 5)	nan
(34, 59, 7)	(59, 47, 5)	(47, 20, 5)	nan
(34, 59, 7)	(59, 47, 5)	(47, 20, 0)	nan
(34, 59, 7)	(59, 47, 2)	(47, 20, 5)	nan
(34, 59, 7)	(59, 47, 2)	(47, 20, 0)	nan
(34, 59, 7)	(59, 20, 5)	nan
(34, 59, 7)	(59, 20, 5)	nan
(34, 59, 7)	(59, 20, 5)	nan
(34, 59, 7)	(59, 20, 5)	nan
(34, 59, 7)	(59, 81, 3)	(81, 20, 5)	nan
(34, 59, 7)	(59, 81, 3)	(81, 20, 5)	nan
(34, 59, 7)	(59, 66, 7)	(66, 20, 5)	nan
(34, 59, 3)	(59, 29, 3)	(29, 20, 5)	nan
(34, 59, 3)	(59, 29, 3)	(29, 20, 5)	nan
(34, 59, 3)	(59, 29, 3)	(29, 20, 4)	nan
(34, 59, 3)	(59, 77, 3)	(77, 20, 5)	nan
(34, 59, 3)	(59, 47, 5)	(47, 20, 5)	nan
(34, 59, 3)	(59, 47, 5)	(47, 20, 0)	nan
(34, 59, 3)	(59, 47, 2)	(47, 20, 5)	nan
(34, 59, 3)	(59, 47, 2)	(47, 20, 0)	nan
(34, 59, 3)	(59, 20, 5)	nan
(34, 59, 3)	(59, 20, 5)	nan
(34, 59, 3)	(59, 20, 5)	nan
(34, 59, 3)	(59, 20, 5)	nan
(34, 59, 3)	(59, 81, 3)	(81, 20, 5)	nan
(34, 59, 3)	(59, 81, 3)	(81, 20, 5)	nan
