(34, 59, 7)	(59, 47, 5)	nan
(34, 59, 7)	(59, 47, 2)	nan
(34, 59, 7)	(59, 46, 7)	(46, 47, 8)	nan
(34, 59, 7)	(59, 46, 7)	(46, 47, 8)	nan
(34, 59, 7)	(59, 46, 1)	(46, 47, 8)	nan
(34, 59, 3)	(59, 47, 5)	nan
(34, 59, 3)	(59, 47, 2)	nan
(34, 59, 3)	(59, 46, 7)	(46, 47, 8)	nan
(34, 59, 3)	(59, 46, 7)	(46, 47, 8)	nan
(34, 59, 3)	(59, 46, 1)	(46, 47, 8)	nan
(34, 59, 3)	(59, 47, 5)	nan
(34, 59, 3)	(59, 47, 2)	nan
(34, 59, 3)	(59, 46, 7)	(46, 47, 8)	nan
(34, 59, 3)	(59, 46, 7)	(46, 47, 8)	nan
(34, 59, 3)	(59, 46, 1)	(46, 47, 8)	nan
