(34, 91, 1)	(91, 33, 5)	(33, 54, 2)	nan
(34, 59, 7)	(59, 46, 7)	(46, 54, 5)	nan
(34, 59, 7)	(59, 46, 7)	(46, 54, 5)	nan
(34, 59, 7)	(59, 46, 1)	(46, 54, 5)	nan
(34, 59, 7)	(59, 33, 8)	(33, 54, 2)	nan
(34, 59, 3)	(59, 46, 7)	(46, 54, 5)	nan
(34, 59, 3)	(59, 46, 7)	(46, 54, 5)	nan
(34, 59, 3)	(59, 46, 1)	(46, 54, 5)	nan
(34, 59, 3)	(59, 33, 8)	(33, 54, 2)	nan
(34, 59, 3)	(59, 46, 7)	(46, 54, 5)	nan
(34, 59, 3)	(59, 46, 7)	(46, 54, 5)	nan
(34, 59, 3)	(59, 46, 1)	(46, 54, 5)	nan
(34, 59, 3)	(59, 33, 8)	(33, 54, 2)	nan
(34, 92, 1)	(92, 54, 7)	nan
(34, 92, 5)	(92, 54, 7)	nan
(34, 33, 8)	(33, 54, 2)	nan
