(34, 7, 1)	nan
(34, 7, 3)	nan
(34, 91, 1)	(91, 39, 3)	(39, 7, 1)	nan
(34, 91, 1)	(91, 39, 3)	(39, 7, 1)	nan
(34, 91, 1)	(91, 39, 3)	(39, 7, 6)	nan
(34, 91, 1)	(91, 49, 7)	(49, 7, 1)	nan
(34, 91, 1)	(91, 74, 7)	(74, 7, 1)	nan
(34, 67, 2)	(67, 32, 8)	(32, 7, 1)	nan
(34, 67, 2)	(67, 32, 8)	(32, 7, 6)	nan
(34, 67, 2)	(67, 53, 7)	(53, 7, 1)	nan
(34, 67, 2)	(67, 53, 7)	(53, 7, 7)	nan
(34, 67, 2)	(67, 77, 7)	(77, 7, 1)	nan
(34, 67, 2)	(67, 77, 7)	(77, 7, 1)	nan
(34, 67, 2)	(67, 77, 7)	(77, 7, 1)	nan
(34, 67, 2)	(67, 77, 7)	(77, 7, 1)	nan
(34, 67, 2)	(67, 52, 7)	(52, 7, 1)	nan
(34, 67, 2)	(67, 52, 7)	(52, 7, 0)	nan
(34, 67, 2)	(67, 40, 1)	(40, 7, 1)	nan
(34, 67, 2)	(67, 30, 8)	(30, 7, 1)	nan
(34, 67, 2)	(67, 30, 8)	(30, 7, 4)	nan
(34, 59, 7)	(59, 7, 1)	nan
(34, 59, 7)	(59, 7, 6)	nan
(34, 59, 7)	(59, 7, 7)	nan
(34, 59, 7)	(59, 77, 3)	(77, 7, 1)	nan
(34, 59, 7)	(59, 77, 3)	(77, 7, 1)	nan
(34, 59, 7)	(59, 77, 3)	(77, 7, 1)	nan
(34, 59, 7)	(59, 77, 3)	(77, 7, 1)	nan
(34, 59, 7)	(59, 46, 7)	(46, 7, 1)	nan
(34, 59, 7)	(59, 46, 7)	(46, 7, 1)	nan
(34, 59, 7)	(59, 46, 7)	(46, 7, 3)	nan
(34, 59, 7)	(59, 46, 7)	(46, 7, 4)	nan
(34, 59, 7)	(59, 46, 7)	(46, 7, 1)	nan
(34, 59, 7)	(59, 46, 7)	(46, 7, 1)	nan
(34, 59, 7)	(59, 46, 7)	(46, 7, 3)	nan
(34, 59, 7)	(59, 46, 7)	(46, 7, 4)	nan
(34, 59, 7)	(59, 46, 1)	(46, 7, 1)	nan
(34, 59, 7)	(59, 46, 1)	(46, 7, 1)	nan
(34, 59, 7)	(59, 46, 1)	(46, 7, 3)	nan
(34, 59, 7)	(59, 46, 1)	(46, 7, 4)	nan
(34, 59, 7)	(59, 66, 7)	(66, 7, 1)	nan
(34, 59, 7)	(59, 66, 7)	(66, 7, 1)	nan
(34, 59, 7)	(59, 66, 7)	(66, 7, 1)	nan
(34, 59, 7)	(59, 66, 7)	(66, 7, 1)	nan
(34, 59, 3)	(59, 7, 1)	nan
(34, 59, 3)	(59, 7, 6)	nan
(34, 59, 3)	(59, 7, 7)	nan
(34, 59, 3)	(59, 77, 3)	(77, 7, 1)	nan
(34, 59, 3)	(59, 77, 3)	(77, 7, 1)	nan
(34, 59, 3)	(59, 77, 3)	(77, 7, 1)	nan
(34, 59, 3)	(59, 77, 3)	(77, 7, 1)	nan
(34, 59, 3)	(59, 46, 7)	(46, 7, 1)	nan
