(35, 10, 5)	nan
(35, 74, 5)	(74, 33, 8)	(33, 10, 2)	nan
(35, 74, 5)	(74, 33, 7)	(33, 10, 2)	nan
(35, 74, 5)	(74, 10, 2)	nan
(35, 74, 5)	(74, 10, 7)	nan
(35, 74, 5)	(74, 76, 5)	(76, 10, 2)	nan
(35, 74, 5)	(74, 29, 8)	(29, 10, 2)	nan
(35, 74, 5)	(74, 29, 8)	(29, 10, 2)	nan
(35, 74, 5)	(74, 29, 8)	(29, 10, 5)	nan
(35, 74, 5)	(74, 29, 8)	(29, 10, 4)	nan
(35, 68, 7)	(68, 32, 8)	(32, 10, 2)	nan
(35, 68, 7)	(68, 32, 8)	(32, 10, 2)	nan
(35, 68, 7)	(68, 32, 6)	(32, 10, 2)	nan
(35, 68, 7)	(68, 33, 8)	(33, 10, 2)	nan
(35, 68, 7)	(68, 33, 7)	(33, 10, 2)	nan
(35, 68, 7)	(68, 72, 8)	(72, 10, 2)	nan
(35, 68, 7)	(68, 10, 2)	nan
(35, 68, 7)	(68, 82, 7)	(82, 10, 2)	nan
(35, 68, 7)	(68, 82, 7)	(82, 10, 2)	nan
(35, 68, 7)	(68, 36, 7)	(36, 10, 2)	nan
(35, 68, 7)	(68, 36, 7)	(36, 10, 2)	nan
(35, 68, 7)	(68, 52, 8)	(52, 10, 2)	nan
(35, 68, 7)	(68, 52, 8)	(52, 10, 2)	nan
(35, 68, 7)	(68, 52, 8)	(52, 10, 2)	nan
(35, 56, 1)	(56, 10, 2)	nan
(35, 56, 1)	(56, 10, 2)	nan
(35, 56, 1)	(56, 10, 7)	nan
(35, 56, 1)	(56, 70, 4)	(70, 10, 2)	nan
(35, 56, 1)	(56, 29, 8)	(29, 10, 2)	nan
(35, 56, 1)	(56, 29, 8)	(29, 10, 2)	nan
(35, 56, 1)	(56, 29, 8)	(29, 10, 5)	nan
(35, 56, 1)	(56, 29, 8)	(29, 10, 4)	nan
(35, 56, 1)	(56, 33, 8)	(33, 10, 2)	nan
(35, 56, 1)	(56, 41, 2)	(41, 10, 2)	nan
(35, 56, 1)	(56, 41, 2)	(41, 10, 2)	nan
(35, 56, 1)	(56, 41, 2)	(41, 10, 2)	nan
(35, 56, 1)	(56, 41, 2)	(41, 10, 2)	nan
(35, 56, 1)	(56, 59, 4)	(59, 10, 2)	nan
(35, 56, 1)	(56, 59, 4)	(59, 10, 3)	nan
(35, 30, 8)	(30, 72, 4)	(72, 10, 2)	nan
(35, 30, 8)	(30, 60, 7)	(60, 10, 2)	nan
(35, 30, 8)	(30, 60, 7)	(60, 10, 2)	nan
(35, 30, 8)	(30, 60, 0)	(60, 10, 2)	nan
(35, 30, 8)	(30, 60, 0)	(60, 10, 2)	nan
(35, 30, 8)	(30, 34, 8)	(34, 10, 2)	nan
(35, 30, 8)	(30, 85, 0)	(85, 10, 2)	nan
(35, 52, 3)	(52, 33, 1)	(33, 10, 2)	nan
(35, 52, 3)	(52, 10, 2)	nan
(35, 52, 3)	(52, 10, 2)	nan
(35, 52, 3)	(52, 10, 2)	nan
