(35, 19, 7)	nan
(35, 74, 5)	(74, 19, 4)	nan
(35, 74, 5)	(74, 19, 4)	nan
(35, 74, 5)	(74, 19, 0)	nan
(35, 74, 5)	(74, 19, 5)	nan
(35, 74, 5)	(74, 19, 1)	nan
(35, 74, 5)	(74, 19, 7)	nan
(35, 74, 5)	(74, 76, 5)	(76, 19, 4)	nan
(35, 74, 5)	(74, 76, 5)	(76, 19, 4)	nan
(35, 74, 5)	(74, 76, 5)	(76, 19, 6)	nan
(35, 74, 5)	(74, 76, 5)	(76, 19, 6)	nan
(35, 74, 5)	(74, 90, 1)	(90, 19, 4)	nan
(35, 74, 5)	(74, 90, 1)	(90, 19, 0)	nan
(35, 74, 5)	(74, 90, 1)	(90, 19, 8)	nan
(35, 74, 5)	(74, 51, 7)	(51, 19, 4)	nan
(35, 74, 5)	(74, 51, 7)	(51, 19, 4)	nan
(35, 74, 5)	(74, 51, 7)	(51, 19, 4)	nan
(35, 74, 5)	(74, 51, 7)	(51, 19, 4)	nan
(35, 74, 5)	(74, 51, 7)	(51, 19, 4)	nan
(35, 74, 5)	(74, 29, 8)	(29, 19, 4)	nan
(35, 74, 5)	(74, 29, 8)	(29, 19, 8)	nan
(35, 68, 7)	(68, 32, 8)	(32, 19, 4)	nan
(35, 68, 7)	(68, 32, 8)	(32, 19, 3)	nan
(35, 68, 7)	(68, 32, 8)	(32, 19, 4)	nan
(35, 68, 7)	(68, 32, 8)	(32, 19, 3)	nan
(35, 68, 7)	(68, 32, 6)	(32, 19, 4)	nan
(35, 68, 7)	(68, 32, 6)	(32, 19, 3)	nan
(35, 68, 7)	(68, 19, 4)	nan
(35, 68, 7)	(68, 19, 5)	nan
(35, 68, 7)	(68, 72, 8)	(72, 19, 4)	nan
(35, 68, 7)	(68, 72, 8)	(72, 19, 4)	nan
(35, 68, 7)	(68, 72, 8)	(72, 19, 0)	nan
(35, 68, 7)	(68, 72, 8)	(72, 19, 5)	nan
(35, 68, 7)	(68, 72, 8)	(72, 19, 1)	nan
(35, 68, 7)	(68, 82, 7)	(82, 19, 4)	nan
(35, 68, 7)	(68, 82, 7)	(82, 19, 7)	nan
(35, 68, 7)	(68, 36, 7)	(36, 19, 4)	nan
(35, 68, 7)	(68, 36, 7)	(36, 19, 8)	nan
(35, 68, 7)	(68, 36, 7)	(36, 19, 5)	nan
(35, 68, 7)	(68, 36, 7)	(36, 19, 5)	nan
(35, 68, 7)	(68, 52, 8)	(52, 19, 4)	nan
(35, 68, 7)	(68, 52, 8)	(52, 19, 2)	nan
(35, 68, 7)	(68, 91, 7)	(91, 19, 1)	nan
(35, 56, 1)	(56, 19, 4)	nan
(35, 56, 1)	(56, 19, 3)	nan
(35, 56, 1)	(56, 70, 4)	(70, 19, 4)	nan
(35, 56, 1)	(56, 70, 4)	(70, 19, 7)	nan
(35, 56, 1)	(56, 29, 8)	(29, 19, 4)	nan
(35, 56, 1)	(56, 29, 8)	(29, 19, 8)	nan
(35, 56, 1)	(56, 41, 2)	(41, 19, 4)	nan
