(35, 11, 8)	nan
(35, 74, 5)	(74, 11, 2)	nan
(35, 74, 5)	(74, 11, 7)	nan
(35, 74, 5)	(74, 11, 3)	nan
(35, 74, 5)	(74, 33, 8)	(33, 11, 2)	nan
(35, 74, 5)	(74, 33, 7)	(33, 11, 2)	nan
(35, 74, 5)	(74, 76, 5)	(76, 11, 2)	nan
(35, 74, 5)	(74, 76, 5)	(76, 11, 7)	nan
(35, 74, 5)	(74, 90, 1)	(90, 11, 2)	nan
(35, 74, 5)	(74, 90, 1)	(90, 11, 5)	nan
(35, 74, 5)	(74, 51, 7)	(51, 11, 2)	nan
(35, 74, 5)	(74, 29, 8)	(29, 11, 2)	nan
(35, 74, 5)	(74, 29, 8)	(29, 11, 2)	nan
(35, 74, 5)	(74, 29, 8)	(29, 11, 7)	nan
(35, 68, 7)	(68, 32, 8)	(32, 11, 2)	nan
(35, 68, 7)	(68, 32, 8)	(32, 11, 2)	nan
(35, 68, 7)	(68, 32, 6)	(32, 11, 2)	nan
(35, 68, 7)	(68, 11, 2)	nan
(35, 68, 7)	(68, 11, 3)	nan
(35, 68, 7)	(68, 33, 8)	(33, 11, 2)	nan
(35, 68, 7)	(68, 33, 7)	(33, 11, 2)	nan
(35, 68, 7)	(68, 72, 8)	(72, 11, 2)	nan
(35, 68, 7)	(68, 36, 7)	(36, 11, 2)	nan
(35, 68, 7)	(68, 36, 7)	(36, 11, 2)	nan
(35, 68, 7)	(68, 36, 7)	(36, 11, 8)	nan
(35, 68, 7)	(68, 52, 8)	(52, 11, 2)	nan
(35, 68, 7)	(68, 52, 8)	(52, 11, 2)	nan
(35, 68, 7)	(68, 52, 8)	(52, 11, 6)	nan
(35, 56, 1)	(56, 11, 2)	nan
(35, 56, 1)	(56, 11, 5)	nan
(35, 56, 1)	(56, 70, 4)	(70, 11, 2)	nan
(35, 56, 1)	(56, 70, 4)	(70, 11, 1)	nan
(35, 56, 1)	(56, 29, 8)	(29, 11, 2)	nan
(35, 56, 1)	(56, 29, 8)	(29, 11, 2)	nan
(35, 56, 1)	(56, 29, 8)	(29, 11, 7)	nan
(35, 56, 1)	(56, 33, 8)	(33, 11, 2)	nan
(35, 56, 1)	(56, 41, 2)	(41, 11, 2)	nan
(35, 56, 1)	(56, 41, 2)	(41, 11, 2)	nan
(35, 56, 1)	(56, 41, 2)	(41, 11, 5)	nan
(35, 56, 1)	(56, 41, 2)	(41, 11, 5)	nan
(35, 56, 1)	(56, 30, 8)	(30, 11, 2)	nan
(35, 56, 1)	(56, 37, 7)	(37, 11, 2)	nan
(35, 56, 1)	(56, 37, 7)	(37, 11, 2)	nan
(35, 56, 1)	(56, 37, 7)	(37, 11, 2)	nan
(35, 56, 1)	(56, 37, 7)	(37, 11, 2)	nan
(35, 56, 1)	(56, 37, 7)	(37, 11, 2)	nan
(35, 56, 1)	(56, 59, 4)	(59, 11, 2)	nan
(35, 56, 1)	(56, 59, 4)	(59, 11, 6)	nan
(35, 30, 8)	(30, 11, 2)	nan
(35, 30, 8)	(30, 72, 4)	(72, 11, 2)	nan
