(35, 18, 7)	nan
(35, 74, 5)	(74, 18, 4)	nan
(35, 74, 5)	(74, 76, 5)	(76, 18, 4)	nan
(35, 74, 5)	(74, 76, 5)	(76, 18, 4)	nan
(35, 74, 5)	(74, 29, 8)	(29, 18, 4)	nan
(35, 68, 7)	(68, 32, 8)	(32, 18, 4)	nan
(35, 68, 7)	(68, 32, 8)	(32, 18, 4)	nan
(35, 68, 7)	(68, 32, 8)	(32, 18, 4)	nan
(35, 68, 7)	(68, 32, 8)	(32, 18, 4)	nan
(35, 68, 7)	(68, 32, 6)	(32, 18, 4)	nan
(35, 68, 7)	(68, 32, 6)	(32, 18, 4)	nan
(35, 68, 7)	(68, 18, 4)	nan
(35, 68, 7)	(68, 18, 4)	nan
(35, 68, 7)	(68, 18, 1)	nan
(35, 68, 7)	(68, 18, 7)	nan
(35, 68, 7)	(68, 82, 7)	(82, 18, 4)	nan
(35, 68, 7)	(68, 36, 7)	(36, 18, 7)	nan
(35, 68, 7)	(68, 36, 7)	(36, 18, 4)	nan
(35, 68, 7)	(68, 36, 7)	(36, 18, 4)	nan
(35, 68, 7)	(68, 52, 8)	(52, 18, 4)	nan
(35, 56, 1)	(56, 18, 4)	nan
(35, 56, 1)	(56, 29, 8)	(29, 18, 4)	nan
(35, 56, 1)	(56, 41, 2)	(41, 18, 4)	nan
(35, 56, 1)	(56, 59, 4)	(59, 18, 4)	nan
(35, 56, 1)	(56, 59, 4)	(59, 18, 0)	nan
(35, 30, 8)	(30, 88, 5)	(88, 18, 4)	nan
(35, 52, 3)	(52, 29, 8)	(29, 18, 4)	nan
(35, 52, 3)	(52, 45, 3)	(45, 18, 4)	nan
(35, 52, 3)	(52, 18, 4)	nan
(35, 88, 1)	(88, 18, 4)	nan
