(35, 74, 5)	(74, 26, 7)	nan
(35, 74, 5)	(74, 26, 0)	nan
(35, 74, 5)	(74, 33, 8)	(33, 26, 7)	nan
(35, 74, 5)	(74, 33, 8)	(33, 26, 7)	nan
(35, 74, 5)	(74, 33, 8)	(33, 26, 0)	nan
(35, 74, 5)	(74, 33, 8)	(33, 26, 4)	nan
(35, 74, 5)	(74, 33, 7)	(33, 26, 7)	nan
(35, 74, 5)	(74, 33, 7)	(33, 26, 7)	nan
(35, 74, 5)	(74, 33, 7)	(33, 26, 0)	nan
(35, 74, 5)	(74, 33, 7)	(33, 26, 4)	nan
(35, 74, 5)	(74, 76, 5)	(76, 26, 7)	nan
(35, 74, 5)	(74, 76, 5)	(76, 26, 7)	nan
(35, 74, 5)	(74, 76, 5)	(76, 26, 7)	nan
(35, 74, 5)	(74, 76, 5)	(76, 26, 7)	nan
(35, 74, 5)	(74, 76, 5)	(76, 26, 7)	nan
(35, 74, 5)	(74, 29, 8)	(29, 26, 7)	nan
(35, 74, 5)	(74, 29, 8)	(29, 26, 2)	nan
(35, 68, 7)	(68, 26, 7)	nan
(35, 68, 7)	(68, 32, 8)	(32, 26, 7)	nan
(35, 68, 7)	(68, 32, 8)	(32, 26, 8)	nan
(35, 68, 7)	(68, 32, 8)	(32, 26, 7)	nan
(35, 68, 7)	(68, 32, 8)	(32, 26, 8)	nan
(35, 68, 7)	(68, 32, 6)	(32, 26, 7)	nan
(35, 68, 7)	(68, 32, 6)	(32, 26, 8)	nan
(35, 68, 7)	(68, 33, 8)	(33, 26, 7)	nan
(35, 68, 7)	(68, 33, 8)	(33, 26, 7)	nan
(35, 68, 7)	(68, 33, 8)	(33, 26, 0)	nan
(35, 68, 7)	(68, 33, 8)	(33, 26, 4)	nan
(35, 68, 7)	(68, 33, 7)	(33, 26, 7)	nan
(35, 68, 7)	(68, 33, 7)	(33, 26, 7)	nan
(35, 68, 7)	(68, 33, 7)	(33, 26, 0)	nan
(35, 68, 7)	(68, 33, 7)	(33, 26, 4)	nan
(35, 68, 7)	(68, 72, 8)	(72, 26, 7)	nan
(35, 68, 7)	(68, 82, 7)	(82, 26, 7)	nan
(35, 68, 7)	(68, 82, 7)	(82, 26, 7)	nan
(35, 68, 7)	(68, 82, 7)	(82, 26, 7)	nan
(35, 68, 7)	(68, 82, 7)	(82, 26, 7)	nan
(35, 68, 7)	(68, 36, 7)	(36, 26, 7)	nan
(35, 68, 7)	(68, 91, 7)	(91, 26, 7)	nan
(35, 56, 1)	(56, 26, 7)	nan
(35, 56, 1)	(56, 26, 2)	nan
(35, 56, 1)	(56, 26, 3)	nan
(35, 56, 1)	(56, 70, 4)	(70, 26, 7)	nan
(35, 56, 1)	(56, 70, 4)	(70, 26, 1)	nan
(35, 56, 1)	(56, 70, 4)	(70, 26, 6)	nan
(35, 56, 1)	(56, 29, 8)	(29, 26, 7)	nan
(35, 56, 1)	(56, 29, 8)	(29, 26, 2)	nan
(35, 56, 1)	(56, 33, 8)	(33, 26, 7)	nan
(35, 56, 1)	(56, 33, 8)	(33, 26, 7)	nan
(35, 56, 1)	(56, 33, 8)	(33, 26, 0)	nan
