(35, 27, 7)	nan
(35, 74, 5)	(74, 27, 7)	nan
(35, 74, 5)	(74, 27, 7)	nan
(35, 74, 5)	(74, 27, 5)	nan
(35, 74, 5)	(74, 27, 2)	nan
(35, 74, 5)	(74, 33, 8)	(33, 27, 7)	nan
(35, 74, 5)	(74, 33, 8)	(33, 27, 0)	nan
(35, 74, 5)	(74, 33, 7)	(33, 27, 7)	nan
(35, 74, 5)	(74, 33, 7)	(33, 27, 0)	nan
(35, 74, 5)	(74, 76, 5)	(76, 27, 7)	nan
(35, 74, 5)	(74, 76, 5)	(76, 27, 7)	nan
(35, 74, 5)	(74, 76, 5)	(76, 27, 7)	nan
(35, 74, 5)	(74, 76, 5)	(76, 27, 7)	nan
(35, 74, 5)	(74, 76, 5)	(76, 27, 7)	nan
(35, 74, 5)	(74, 76, 5)	(76, 27, 7)	nan
(35, 74, 5)	(74, 76, 5)	(76, 27, 7)	nan
(35, 74, 5)	(74, 76, 5)	(76, 27, 7)	nan
(35, 74, 5)	(74, 76, 5)	(76, 27, 7)	nan
(35, 74, 5)	(74, 76, 5)	(76, 27, 7)	nan
(35, 74, 5)	(74, 76, 5)	(76, 27, 7)	nan
(35, 74, 5)	(74, 76, 5)	(76, 27, 7)	nan
(35, 74, 5)	(74, 90, 1)	(90, 27, 7)	nan
(35, 74, 5)	(74, 51, 7)	(51, 27, 7)	nan
(35, 74, 5)	(74, 51, 7)	(51, 27, 1)	nan
(35, 74, 5)	(74, 29, 8)	(29, 27, 7)	nan
(35, 74, 5)	(74, 29, 8)	(29, 27, 5)	nan
(35, 68, 7)	(68, 27, 7)	nan
(35, 68, 7)	(68, 27, 7)	nan
(35, 68, 7)	(68, 27, 6)	nan
(35, 68, 7)	(68, 33, 8)	(33, 27, 7)	nan
(35, 68, 7)	(68, 33, 8)	(33, 27, 0)	nan
(35, 68, 7)	(68, 33, 7)	(33, 27, 7)	nan
(35, 68, 7)	(68, 33, 7)	(33, 27, 0)	nan
(35, 68, 7)	(68, 52, 8)	(52, 27, 7)	nan
(35, 68, 7)	(68, 52, 8)	(52, 27, 1)	nan
(35, 56, 1)	(56, 27, 7)	nan
(35, 56, 1)	(56, 70, 4)	(70, 27, 7)	nan
(35, 56, 1)	(56, 70, 4)	(70, 27, 8)	nan
(35, 56, 1)	(56, 70, 4)	(70, 27, 1)	nan
(35, 56, 1)	(56, 29, 8)	(29, 27, 7)	nan
(35, 56, 1)	(56, 29, 8)	(29, 27, 5)	nan
(35, 56, 1)	(56, 33, 8)	(33, 27, 7)	nan
(35, 56, 1)	(56, 33, 8)	(33, 27, 0)	nan
(35, 56, 1)	(56, 41, 2)	(41, 27, 7)	nan
(35, 56, 1)	(56, 41, 2)	(41, 27, 7)	nan
(35, 56, 1)	(56, 41, 2)	(41, 27, 4)	nan
(35, 56, 1)	(56, 30, 8)	(30, 27, 7)	nan
(35, 56, 1)	(56, 59, 4)	(59, 27, 7)	nan
(35, 56, 1)	(56, 42, 7)	(42, 27, 7)	nan
(35, 56, 1)	(56, 42, 7)	(42, 27, 2)	nan
(35, 30, 8)	(30, 27, 7)	nan
