(35, 21, 3)	nan
(35, 74, 5)	(74, 21, 5)	nan
(35, 74, 5)	(74, 21, 0)	nan
(35, 74, 5)	(74, 33, 8)	(33, 21, 5)	nan
(35, 74, 5)	(74, 33, 7)	(33, 21, 5)	nan
(35, 74, 5)	(74, 76, 5)	(76, 21, 5)	nan
(35, 74, 5)	(74, 76, 5)	(76, 21, 5)	nan
(35, 74, 5)	(74, 76, 5)	(76, 21, 5)	nan
(35, 74, 5)	(74, 76, 5)	(76, 21, 5)	nan
(35, 74, 5)	(74, 90, 1)	(90, 21, 5)	nan
(35, 74, 5)	(74, 90, 1)	(90, 21, 6)	nan
(35, 74, 5)	(74, 51, 7)	(51, 21, 5)	nan
(35, 74, 5)	(74, 51, 7)	(51, 21, 5)	nan
(35, 74, 5)	(74, 51, 7)	(51, 21, 7)	nan
(35, 74, 5)	(74, 51, 7)	(51, 21, 8)	nan
(35, 74, 5)	(74, 29, 8)	(29, 21, 5)	nan
(35, 74, 5)	(74, 29, 8)	(29, 21, 5)	nan
(35, 74, 5)	(74, 29, 8)	(29, 21, 0)	nan
(35, 74, 5)	(74, 29, 8)	(29, 21, 2)	nan
(35, 68, 7)	(68, 21, 5)	nan
(35, 68, 7)	(68, 21, 5)	nan
(35, 68, 7)	(68, 21, 7)	nan
(35, 68, 7)	(68, 21, 2)	nan
(35, 68, 7)	(68, 33, 8)	(33, 21, 5)	nan
(35, 68, 7)	(68, 33, 7)	(33, 21, 5)	nan
(35, 68, 7)	(68, 72, 8)	(72, 21, 5)	nan
(35, 68, 7)	(68, 82, 7)	(82, 21, 5)	nan
(35, 68, 7)	(68, 82, 7)	(82, 21, 4)	nan
(35, 68, 7)	(68, 82, 7)	(82, 21, 0)	nan
(35, 68, 7)	(68, 36, 7)	(36, 21, 5)	nan
(35, 68, 7)	(68, 36, 7)	(36, 21, 5)	nan
(35, 68, 7)	(68, 36, 7)	(36, 21, 6)	nan
(35, 68, 7)	(68, 36, 7)	(36, 21, 6)	nan
(35, 68, 7)	(68, 52, 8)	(52, 21, 5)	nan
(35, 68, 7)	(68, 52, 8)	(52, 21, 5)	nan
(35, 68, 7)	(68, 52, 8)	(52, 21, 8)	nan
(35, 68, 7)	(68, 52, 8)	(52, 21, 4)	nan
(35, 68, 7)	(68, 91, 7)	(91, 21, 5)	nan
(35, 68, 7)	(68, 91, 7)	(91, 21, 7)	nan
(35, 68, 7)	(68, 91, 7)	(91, 21, 1)	nan
(35, 56, 1)	(56, 21, 5)	nan
(35, 56, 1)	(56, 29, 8)	(29, 21, 5)	nan
(35, 56, 1)	(56, 29, 8)	(29, 21, 5)	nan
(35, 56, 1)	(56, 29, 8)	(29, 21, 0)	nan
(35, 56, 1)	(56, 29, 8)	(29, 21, 2)	nan
(35, 56, 1)	(56, 33, 8)	(33, 21, 5)	nan
(35, 56, 1)	(56, 41, 2)	(41, 21, 5)	nan
(35, 56, 1)	(56, 41, 2)	(41, 21, 5)	nan
(35, 56, 1)	(56, 41, 2)	(41, 21, 1)	nan
(35, 56, 1)	(56, 41, 2)	(41, 21, 8)	nan
