(35, 22, 3)	nan
(35, 74, 5)	(74, 22, 5)	nan
(35, 74, 5)	(74, 22, 1)	nan
(35, 74, 5)	(74, 76, 5)	(76, 22, 5)	nan
(35, 74, 5)	(74, 29, 8)	(29, 22, 5)	nan
(35, 74, 5)	(74, 29, 8)	(29, 22, 5)	nan
(35, 74, 5)	(74, 29, 8)	(29, 22, 5)	nan
(35, 74, 5)	(74, 29, 8)	(29, 22, 5)	nan
(35, 68, 7)	(68, 22, 5)	nan
(35, 68, 7)	(68, 22, 5)	nan
(35, 68, 7)	(68, 22, 3)	nan
(35, 68, 7)	(68, 22, 1)	nan
(35, 68, 7)	(68, 32, 8)	(32, 22, 5)	nan
(35, 68, 7)	(68, 32, 8)	(32, 22, 5)	nan
(35, 68, 7)	(68, 32, 8)	(32, 22, 6)	nan
(35, 68, 7)	(68, 32, 8)	(32, 22, 5)	nan
(35, 68, 7)	(68, 32, 8)	(32, 22, 5)	nan
(35, 68, 7)	(68, 32, 8)	(32, 22, 6)	nan
(35, 68, 7)	(68, 32, 6)	(32, 22, 5)	nan
(35, 68, 7)	(68, 32, 6)	(32, 22, 5)	nan
(35, 68, 7)	(68, 32, 6)	(32, 22, 6)	nan
(35, 68, 7)	(68, 72, 8)	(72, 22, 7)	nan
(35, 68, 7)	(68, 72, 8)	(72, 22, 5)	nan
(35, 68, 7)	(68, 72, 8)	(72, 22, 5)	nan
(35, 68, 7)	(68, 82, 7)	(82, 22, 5)	nan
(35, 68, 7)	(68, 36, 7)	(36, 22, 5)	nan
(35, 68, 7)	(68, 36, 7)	(36, 22, 5)	nan
(35, 68, 7)	(68, 36, 7)	(36, 22, 0)	nan
(35, 68, 7)	(68, 36, 7)	(36, 22, 2)	nan
(35, 68, 7)	(68, 52, 8)	(52, 22, 5)	nan
(35, 68, 7)	(68, 52, 8)	(52, 22, 5)	nan
(35, 68, 7)	(68, 52, 8)	(52, 22, 0)	nan
(35, 68, 7)	(68, 52, 8)	(52, 22, 2)	nan
(35, 68, 7)	(68, 91, 7)	(91, 22, 5)	nan
(35, 56, 1)	(56, 70, 4)	(70, 22, 5)	nan
(35, 56, 1)	(56, 29, 8)	(29, 22, 5)	nan
(35, 56, 1)	(56, 29, 8)	(29, 22, 5)	nan
(35, 56, 1)	(56, 29, 8)	(29, 22, 5)	nan
(35, 56, 1)	(56, 29, 8)	(29, 22, 5)	nan
(35, 56, 1)	(56, 22, 5)	nan
(35, 56, 1)	(56, 41, 2)	(41, 22, 5)	nan
(35, 56, 1)	(56, 41, 2)	(41, 22, 5)	nan
(35, 56, 1)	(56, 41, 2)	(41, 22, 3)	nan
(35, 56, 1)	(56, 41, 2)	(41, 22, 4)	nan
(35, 56, 1)	(56, 30, 8)	(30, 22, 5)	nan
(35, 56, 1)	(56, 30, 8)	(30, 22, 7)	nan
(35, 56, 1)	(56, 37, 7)	(37, 22, 5)	nan
(35, 56, 1)	(56, 42, 7)	(42, 22, 5)	nan
(35, 56, 1)	(56, 42, 7)	(42, 22, 5)	nan
