(35, 74, 5)	(74, 33, 8)	(33, 2, 0)	nan
(35, 74, 5)	(74, 33, 8)	(33, 2, 3)	nan
(35, 74, 5)	(74, 33, 7)	(33, 2, 0)	nan
(35, 74, 5)	(74, 33, 7)	(33, 2, 3)	nan
(35, 74, 5)	(74, 2, 0)	nan
(35, 74, 5)	(74, 2, 0)	nan
(35, 74, 5)	(74, 76, 5)	(76, 2, 0)	nan
(35, 74, 5)	(74, 76, 5)	(76, 2, 0)	nan
(35, 74, 5)	(74, 90, 1)	(90, 2, 0)	nan
(35, 74, 5)	(74, 90, 1)	(90, 2, 4)	nan
(35, 74, 5)	(74, 51, 7)	(51, 2, 7)	nan
(35, 74, 5)	(74, 51, 7)	(51, 2, 0)	nan
(35, 74, 5)	(74, 29, 8)	(29, 2, 0)	nan
(35, 74, 5)	(74, 29, 8)	(29, 2, 0)	nan
(35, 74, 5)	(74, 29, 8)	(29, 2, 8)	nan
(35, 74, 5)	(74, 29, 8)	(29, 2, 7)	nan
(35, 68, 7)	(68, 32, 8)	(32, 2, 7)	nan
(35, 68, 7)	(68, 32, 8)	(32, 2, 7)	nan
(35, 68, 7)	(68, 32, 6)	(32, 2, 7)	nan
(35, 68, 7)	(68, 33, 8)	(33, 2, 0)	nan
(35, 68, 7)	(68, 33, 8)	(33, 2, 3)	nan
(35, 68, 7)	(68, 33, 7)	(33, 2, 0)	nan
(35, 68, 7)	(68, 33, 7)	(33, 2, 3)	nan
(35, 68, 7)	(68, 2, 0)	nan
(35, 68, 7)	(68, 2, 0)	nan
(35, 68, 7)	(68, 82, 7)	(82, 2, 0)	nan
(35, 68, 7)	(68, 82, 7)	(82, 2, 4)	nan
(35, 68, 7)	(68, 36, 7)	(36, 2, 0)	nan
(35, 68, 7)	(68, 36, 7)	(36, 2, 0)	nan
(35, 68, 7)	(68, 36, 7)	(36, 2, 3)	nan
(35, 68, 7)	(68, 36, 7)	(36, 2, 6)	nan
(35, 68, 7)	(68, 52, 8)	(52, 2, 0)	nan
(35, 68, 7)	(68, 52, 8)	(52, 2, 0)	nan
(35, 56, 1)	(56, 70, 4)	(70, 2, 0)	nan
(35, 56, 1)	(56, 29, 8)	(29, 2, 0)	nan
(35, 56, 1)	(56, 29, 8)	(29, 2, 0)	nan
(35, 56, 1)	(56, 29, 8)	(29, 2, 8)	nan
(35, 56, 1)	(56, 29, 8)	(29, 2, 7)	nan
(35, 56, 1)	(56, 33, 8)	(33, 2, 0)	nan
(35, 56, 1)	(56, 33, 8)	(33, 2, 3)	nan
(35, 56, 1)	(56, 41, 2)	(41, 2, 0)	nan
(35, 56, 1)	(56, 30, 8)	(30, 2, 0)	nan
(35, 56, 1)	(56, 37, 7)	(37, 2, 0)	nan
(35, 56, 1)	(56, 59, 4)	(59, 2, 7)	nan
(35, 56, 1)	(56, 2, 0)	nan
(35, 56, 1)	(56, 42, 7)	(42, 2, 0)	nan
(35, 56, 1)	(56, 42, 7)	(42, 2, 0)	nan
(35, 56, 1)	(56, 42, 7)	(42, 2, 2)	nan
(35, 56, 1)	(56, 42, 7)	(42, 2, 4)	nan
(35, 30, 8)	(30, 2, 0)	nan
(35, 30, 8)	(30, 60, 7)	(60, 2, 0)	nan
