(35, 28, 1)	nan
(35, 74, 5)	(74, 28, 7)	nan
(35, 74, 5)	(74, 28, 7)	nan
(35, 74, 5)	(74, 28, 8)	nan
(35, 74, 5)	(74, 28, 3)	nan
(35, 74, 5)	(74, 76, 5)	(76, 28, 7)	nan
(35, 74, 5)	(74, 76, 5)	(76, 28, 0)	nan
(35, 74, 5)	(74, 90, 1)	(90, 28, 7)	nan
(35, 74, 5)	(74, 90, 1)	(90, 28, 5)	nan
(35, 74, 5)	(74, 51, 7)	(51, 28, 7)	nan
(35, 74, 5)	(74, 51, 7)	(51, 28, 2)	nan
(35, 74, 5)	(74, 29, 8)	(29, 28, 7)	nan
(35, 74, 5)	(74, 29, 8)	(29, 28, 3)	nan
(35, 68, 7)	(68, 32, 8)	(32, 28, 7)	nan
(35, 68, 7)	(68, 32, 8)	(32, 28, 7)	nan
(35, 68, 7)	(68, 32, 8)	(32, 28, 4)	nan
(35, 68, 7)	(68, 32, 8)	(32, 28, 3)	nan
(35, 68, 7)	(68, 32, 8)	(32, 28, 5)	nan
(35, 68, 7)	(68, 32, 8)	(32, 28, 7)	nan
(35, 68, 7)	(68, 32, 8)	(32, 28, 7)	nan
(35, 68, 7)	(68, 32, 8)	(32, 28, 4)	nan
(35, 68, 7)	(68, 32, 8)	(32, 28, 3)	nan
(35, 68, 7)	(68, 32, 8)	(32, 28, 5)	nan
(35, 68, 7)	(68, 32, 6)	(32, 28, 7)	nan
(35, 68, 7)	(68, 32, 6)	(32, 28, 7)	nan
(35, 68, 7)	(68, 32, 6)	(32, 28, 4)	nan
(35, 68, 7)	(68, 32, 6)	(32, 28, 3)	nan
(35, 68, 7)	(68, 32, 6)	(32, 28, 5)	nan
(35, 68, 7)	(68, 28, 7)	nan
(35, 68, 7)	(68, 28, 2)	nan
(35, 68, 7)	(68, 72, 8)	(72, 28, 7)	nan
(35, 68, 7)	(68, 72, 8)	(72, 28, 6)	nan
(35, 68, 7)	(68, 36, 7)	(36, 28, 7)	nan
(35, 68, 7)	(68, 36, 7)	(36, 28, 7)	nan
(35, 68, 7)	(68, 36, 7)	(36, 28, 5)	nan
(35, 68, 7)	(68, 36, 7)	(36, 28, 3)	nan
(35, 68, 7)	(68, 91, 7)	(91, 28, 7)	nan
(35, 68, 7)	(68, 91, 7)	(91, 28, 1)	nan
(35, 56, 1)	(56, 28, 7)	nan
(35, 56, 1)	(56, 28, 2)	nan
(35, 56, 1)	(56, 70, 4)	(70, 28, 7)	nan
(35, 56, 1)	(56, 70, 4)	(70, 28, 4)	nan
(35, 56, 1)	(56, 29, 8)	(29, 28, 7)	nan
(35, 56, 1)	(56, 29, 8)	(29, 28, 3)	nan
(35, 56, 1)	(56, 37, 7)	(37, 28, 7)	nan
(35, 56, 1)	(56, 37, 7)	(37, 28, 1)	nan
(35, 56, 1)	(56, 59, 4)	(59, 28, 7)	nan
(35, 56, 1)	(56, 59, 4)	(59, 28, 5)	nan
(35, 56, 1)	(56, 42, 7)	(42, 28, 7)	nan
(35, 56, 1)	(56, 42, 7)	(42, 28, 6)	nan
