(35, 74, 5)	(74, 6, 1)	nan
(35, 74, 5)	(74, 6, 1)	nan
(35, 74, 5)	(74, 6, 3)	nan
(35, 74, 5)	(74, 6, 2)	nan
(35, 74, 5)	(74, 76, 5)	(76, 6, 1)	nan
(35, 74, 5)	(74, 76, 5)	(76, 6, 1)	nan
(35, 74, 5)	(74, 76, 5)	(76, 6, 1)	nan
(35, 74, 5)	(74, 76, 5)	(76, 6, 1)	nan
(35, 74, 5)	(74, 76, 5)	(76, 6, 1)	nan
(35, 74, 5)	(74, 76, 5)	(76, 6, 1)	nan
(35, 74, 5)	(74, 76, 5)	(76, 6, 1)	nan
(35, 74, 5)	(74, 90, 1)	(90, 6, 0)	nan
(35, 74, 5)	(74, 51, 7)	(51, 6, 1)	nan
(35, 74, 5)	(74, 51, 7)	(51, 6, 3)	nan
(35, 74, 5)	(74, 29, 8)	(29, 6, 1)	nan
(35, 74, 5)	(74, 29, 8)	(29, 6, 2)	nan
(35, 68, 7)	(68, 6, 1)	nan
(35, 68, 7)	(68, 6, 1)	nan
(35, 68, 7)	(68, 6, 3)	nan
(35, 68, 7)	(68, 72, 8)	(72, 6, 1)	nan
(35, 68, 7)	(68, 72, 8)	(72, 6, 1)	nan
(35, 68, 7)	(68, 72, 8)	(72, 6, 8)	nan
(35, 68, 7)	(68, 72, 8)	(72, 6, 3)	nan
(35, 68, 7)	(68, 82, 7)	(82, 6, 1)	nan
(35, 68, 7)	(68, 82, 7)	(82, 6, 1)	nan
(35, 68, 7)	(68, 82, 7)	(82, 6, 1)	nan
(35, 68, 7)	(68, 82, 7)	(82, 6, 1)	nan
(35, 68, 7)	(68, 82, 7)	(82, 6, 1)	nan
(35, 68, 7)	(68, 82, 7)	(82, 6, 1)	nan
(35, 68, 7)	(68, 82, 7)	(82, 6, 1)	nan
(35, 68, 7)	(68, 82, 7)	(82, 6, 1)	nan
(35, 68, 7)	(68, 52, 8)	(52, 6, 1)	nan
(35, 68, 7)	(68, 52, 8)	(52, 6, 0)	nan
(35, 68, 7)	(68, 91, 7)	(91, 6, 1)	nan
(35, 68, 7)	(68, 91, 7)	(91, 6, 1)	nan
(35, 68, 7)	(68, 91, 7)	(91, 6, 3)	nan
(35, 68, 7)	(68, 91, 7)	(91, 6, 6)	nan
(35, 56, 1)	(56, 70, 4)	(70, 6, 1)	nan
(35, 56, 1)	(56, 29, 8)	(29, 6, 1)	nan
(35, 56, 1)	(56, 29, 8)	(29, 6, 2)	nan
(35, 56, 1)	(56, 41, 2)	(41, 6, 1)	nan
(35, 56, 1)	(56, 41, 2)	(41, 6, 1)	nan
(35, 56, 1)	(56, 41, 2)	(41, 6, 0)	nan
(35, 56, 1)	(56, 41, 2)	(41, 6, 2)	nan
(35, 56, 1)	(56, 37, 7)	(37, 6, 7)	nan
(35, 56, 1)	(56, 6, 5)	nan
(35, 56, 1)	(56, 42, 7)	(42, 6, 1)	nan
(35, 56, 1)	(56, 42, 7)	(42, 6, 1)	nan
(35, 56, 1)	(56, 42, 7)	(42, 6, 8)	nan
