(35, 7, 0)	nan
(35, 74, 5)	(74, 7, 1)	nan
(35, 74, 5)	(74, 76, 5)	(76, 7, 1)	nan
(35, 74, 5)	(74, 76, 5)	(76, 7, 0)	nan
(35, 74, 5)	(74, 90, 1)	(90, 7, 1)	nan
(35, 74, 5)	(74, 90, 1)	(90, 7, 2)	nan
(35, 68, 7)	(68, 32, 8)	(32, 7, 1)	nan
(35, 68, 7)	(68, 32, 8)	(32, 7, 6)	nan
(35, 68, 7)	(68, 32, 8)	(32, 7, 1)	nan
(35, 68, 7)	(68, 32, 8)	(32, 7, 6)	nan
(35, 68, 7)	(68, 32, 6)	(32, 7, 1)	nan
(35, 68, 7)	(68, 32, 6)	(32, 7, 6)	nan
(35, 68, 7)	(68, 7, 5)	nan
(35, 68, 7)	(68, 72, 8)	(72, 7, 1)	nan
(35, 68, 7)	(68, 72, 8)	(72, 7, 8)	nan
(35, 68, 7)	(68, 82, 7)	(82, 7, 1)	nan
(35, 68, 7)	(68, 82, 7)	(82, 7, 1)	nan
(35, 68, 7)	(68, 52, 8)	(52, 7, 1)	nan
(35, 68, 7)	(68, 52, 8)	(52, 7, 0)	nan
(35, 56, 1)	(56, 41, 2)	(41, 7, 1)	nan
(35, 56, 1)	(56, 41, 2)	(41, 7, 3)	nan
(35, 56, 1)	(56, 30, 8)	(30, 7, 1)	nan
(35, 56, 1)	(56, 30, 8)	(30, 7, 4)	nan
(35, 56, 1)	(56, 37, 7)	(37, 7, 1)	nan
(35, 56, 1)	(56, 37, 7)	(37, 7, 1)	nan
(35, 56, 1)	(56, 59, 4)	(59, 7, 1)	nan
(35, 56, 1)	(56, 59, 4)	(59, 7, 6)	nan
(35, 56, 1)	(56, 59, 4)	(59, 7, 7)	nan
(35, 30, 8)	(30, 7, 1)	nan
(35, 30, 8)	(30, 7, 4)	nan
(35, 30, 8)	(30, 72, 4)	(72, 7, 1)	nan
(35, 30, 8)	(30, 72, 4)	(72, 7, 8)	nan
(35, 30, 8)	(30, 60, 7)	(60, 7, 1)	nan
(35, 30, 8)	(30, 60, 7)	(60, 7, 6)	nan
(35, 30, 8)	(30, 60, 0)	(60, 7, 1)	nan
(35, 30, 8)	(30, 60, 0)	(60, 7, 6)	nan
(35, 30, 8)	(30, 75, 7)	(75, 7, 1)	nan
(35, 30, 8)	(30, 75, 7)	(75, 7, 5)	nan
(35, 30, 8)	(30, 34, 8)	(34, 7, 1)	nan
(35, 30, 8)	(30, 34, 8)	(34, 7, 3)	nan
(35, 30, 8)	(30, 85, 0)	(85, 7, 1)	nan
(35, 30, 8)	(30, 85, 0)	(85, 7, 6)	nan
(35, 52, 3)	(52, 7, 1)	nan
(35, 52, 3)	(52, 7, 0)	nan
(35, 52, 3)	(52, 45, 3)	(45, 7, 1)	nan
(35, 52, 3)	(52, 45, 3)	(45, 7, 1)	nan
(35, 52, 3)	(52, 45, 3)	(45, 7, 3)	nan
(35, 52, 3)	(52, 45, 3)	(45, 7, 4)	nan
(35, 52, 3)	(52, 79, 7)	(79, 7, 1)	nan
(35, 52, 3)	(52, 79, 7)	(79, 7, 1)	nan
