(36, 0, 4)	nan
(36, 0, 6)	nan
(36, 31, 8)	(31, 0, 0)	nan
(36, 31, 8)	(31, 0, 0)	nan
(36, 31, 8)	(31, 0, 8)	nan
(36, 31, 8)	(31, 32, 0)	(32, 0, 0)	nan
(36, 31, 8)	(31, 35, 8)	(35, 0, 0)	nan
(36, 31, 8)	(31, 35, 8)	(35, 0, 3)	nan
(36, 31, 8)	(31, 35, 8)	(35, 0, 4)	nan
(36, 31, 8)	(31, 29, 5)	(29, 0, 0)	nan
(36, 31, 8)	(31, 29, 5)	(29, 0, 5)	nan
(36, 31, 8)	(31, 30, 8)	(30, 0, 0)	nan
(36, 31, 8)	(31, 30, 8)	(30, 0, 4)	nan
(36, 31, 8)	(31, 55, 5)	(55, 0, 0)	nan
(36, 31, 8)	(31, 69, 7)	(69, 0, 0)	nan
(36, 31, 8)	(31, 69, 7)	(69, 0, 0)	nan
(36, 31, 8)	(31, 69, 7)	(69, 0, 8)	nan
(36, 31, 0)	(31, 0, 0)	nan
(36, 31, 0)	(31, 0, 0)	nan
(36, 31, 0)	(31, 0, 8)	nan
(36, 31, 0)	(31, 32, 0)	(32, 0, 0)	nan
(36, 31, 0)	(31, 35, 8)	(35, 0, 0)	nan
(36, 31, 0)	(31, 35, 8)	(35, 0, 3)	nan
(36, 31, 0)	(31, 35, 8)	(35, 0, 4)	nan
(36, 31, 0)	(31, 29, 5)	(29, 0, 0)	nan
(36, 31, 0)	(31, 29, 5)	(29, 0, 5)	nan
(36, 31, 0)	(31, 30, 8)	(30, 0, 0)	nan
(36, 31, 0)	(31, 30, 8)	(30, 0, 4)	nan
(36, 31, 0)	(31, 55, 5)	(55, 0, 0)	nan
(36, 31, 0)	(31, 69, 7)	(69, 0, 0)	nan
(36, 31, 0)	(31, 69, 7)	(69, 0, 0)	nan
(36, 31, 0)	(31, 69, 7)	(69, 0, 8)	nan
(36, 31, 0)	(31, 0, 0)	nan
(36, 31, 0)	(31, 0, 0)	nan
(36, 31, 0)	(31, 0, 8)	nan
(36, 31, 0)	(31, 32, 0)	(32, 0, 0)	nan
(36, 31, 0)	(31, 35, 8)	(35, 0, 0)	nan
(36, 31, 0)	(31, 35, 8)	(35, 0, 3)	nan
(36, 31, 0)	(31, 35, 8)	(35, 0, 4)	nan
(36, 31, 0)	(31, 29, 5)	(29, 0, 0)	nan
(36, 31, 0)	(31, 29, 5)	(29, 0, 5)	nan
(36, 31, 0)	(31, 30, 8)	(30, 0, 0)	nan
(36, 31, 0)	(31, 30, 8)	(30, 0, 4)	nan
(36, 31, 0)	(31, 55, 5)	(55, 0, 0)	nan
(36, 31, 0)	(31, 69, 7)	(69, 0, 0)	nan
(36, 31, 0)	(31, 69, 7)	(69, 0, 0)	nan
(36, 31, 0)	(31, 69, 7)	(69, 0, 8)	nan
(36, 62, 5)	(62, 0, 0)	nan
(36, 62, 5)	(62, 0, 0)	nan
