(36, 19, 8)	nan
(36, 19, 5)	nan
(36, 31, 8)	(31, 19, 4)	nan
(36, 31, 8)	(31, 19, 2)	nan
(36, 31, 8)	(31, 32, 0)	(32, 19, 4)	nan
(36, 31, 8)	(31, 32, 0)	(32, 19, 3)	nan
(36, 31, 8)	(31, 35, 8)	(35, 19, 4)	nan
(36, 31, 8)	(31, 35, 8)	(35, 19, 7)	nan
(36, 31, 8)	(31, 29, 5)	(29, 19, 4)	nan
(36, 31, 8)	(31, 29, 5)	(29, 19, 8)	nan
(36, 31, 8)	(31, 30, 8)	(30, 19, 4)	nan
(36, 31, 8)	(31, 55, 5)	(55, 19, 4)	nan
(36, 31, 8)	(31, 69, 7)	(69, 19, 1)	nan
(36, 31, 0)	(31, 19, 4)	nan
(36, 31, 0)	(31, 19, 2)	nan
(36, 31, 0)	(31, 32, 0)	(32, 19, 4)	nan
(36, 31, 0)	(31, 32, 0)	(32, 19, 3)	nan
(36, 31, 0)	(31, 35, 8)	(35, 19, 4)	nan
(36, 31, 0)	(31, 35, 8)	(35, 19, 7)	nan
(36, 31, 0)	(31, 29, 5)	(29, 19, 4)	nan
(36, 31, 0)	(31, 29, 5)	(29, 19, 8)	nan
(36, 31, 0)	(31, 30, 8)	(30, 19, 4)	nan
(36, 31, 0)	(31, 55, 5)	(55, 19, 4)	nan
(36, 31, 0)	(31, 69, 7)	(69, 19, 1)	nan
(36, 31, 0)	(31, 19, 4)	nan
(36, 31, 0)	(31, 19, 2)	nan
(36, 31, 0)	(31, 32, 0)	(32, 19, 4)	nan
(36, 31, 0)	(31, 32, 0)	(32, 19, 3)	nan
(36, 31, 0)	(31, 35, 8)	(35, 19, 4)	nan
(36, 31, 0)	(31, 35, 8)	(35, 19, 7)	nan
(36, 31, 0)	(31, 29, 5)	(29, 19, 4)	nan
(36, 31, 0)	(31, 29, 5)	(29, 19, 8)	nan
(36, 31, 0)	(31, 30, 8)	(30, 19, 4)	nan
(36, 31, 0)	(31, 55, 5)	(55, 19, 4)	nan
(36, 31, 0)	(31, 69, 7)	(69, 19, 1)	nan
(36, 62, 5)	(62, 35, 8)	(35, 19, 4)	nan
(36, 62, 5)	(62, 35, 8)	(35, 19, 7)	nan
(36, 62, 5)	(62, 19, 4)	nan
(36, 62, 5)	(62, 19, 4)	nan
(36, 62, 5)	(62, 19, 4)	nan
(36, 62, 5)	(62, 19, 4)	nan
(36, 62, 5)	(62, 81, 7)	(81, 19, 4)	nan
(36, 62, 5)	(62, 81, 7)	(81, 19, 4)	nan
(36, 62, 5)	(62, 34, 8)	(34, 19, 4)	nan
(36, 62, 5)	(62, 34, 8)	(34, 19, 3)	nan
(36, 62, 5)	(62, 92, 1)	(92, 19, 4)	nan
(36, 62, 5)	(62, 92, 1)	(92, 19, 6)	nan
(36, 62, 5)	(62, 88, 5)	(88, 19, 4)	nan
(36, 62, 5)	(62, 88, 5)	(88, 19, 0)	nan
