(36, 31, 8)	(31, 25, 7)	nan
(36, 31, 8)	(31, 25, 7)	nan
(36, 31, 8)	(31, 25, 5)	nan
(36, 31, 8)	(31, 32, 0)	(32, 25, 7)	nan
(36, 31, 8)	(31, 32, 0)	(32, 25, 7)	nan
(36, 31, 8)	(31, 32, 0)	(32, 25, 6)	nan
(36, 31, 8)	(31, 32, 0)	(32, 25, 0)	nan
(36, 31, 8)	(31, 29, 5)	(29, 25, 7)	nan
(36, 31, 8)	(31, 29, 5)	(29, 25, 3)	nan
(36, 31, 8)	(31, 30, 8)	(30, 25, 7)	nan
(36, 31, 8)	(31, 30, 8)	(30, 25, 2)	nan
(36, 31, 8)	(31, 55, 5)	(55, 25, 2)	nan
(36, 31, 8)	(31, 69, 7)	(69, 25, 7)	nan
(36, 31, 8)	(31, 69, 7)	(69, 25, 3)	nan
(36, 31, 0)	(31, 25, 7)	nan
(36, 31, 0)	(31, 25, 7)	nan
(36, 31, 0)	(31, 25, 5)	nan
(36, 31, 0)	(31, 32, 0)	(32, 25, 7)	nan
(36, 31, 0)	(31, 32, 0)	(32, 25, 7)	nan
(36, 31, 0)	(31, 32, 0)	(32, 25, 6)	nan
(36, 31, 0)	(31, 32, 0)	(32, 25, 0)	nan
(36, 31, 0)	(31, 29, 5)	(29, 25, 7)	nan
(36, 31, 0)	(31, 29, 5)	(29, 25, 3)	nan
(36, 31, 0)	(31, 30, 8)	(30, 25, 7)	nan
(36, 31, 0)	(31, 30, 8)	(30, 25, 2)	nan
(36, 31, 0)	(31, 55, 5)	(55, 25, 2)	nan
(36, 31, 0)	(31, 69, 7)	(69, 25, 7)	nan
(36, 31, 0)	(31, 69, 7)	(69, 25, 3)	nan
(36, 31, 0)	(31, 25, 7)	nan
(36, 31, 0)	(31, 25, 7)	nan
(36, 31, 0)	(31, 25, 5)	nan
(36, 31, 0)	(31, 32, 0)	(32, 25, 7)	nan
(36, 31, 0)	(31, 32, 0)	(32, 25, 7)	nan
(36, 31, 0)	(31, 32, 0)	(32, 25, 6)	nan
(36, 31, 0)	(31, 32, 0)	(32, 25, 0)	nan
(36, 31, 0)	(31, 29, 5)	(29, 25, 7)	nan
(36, 31, 0)	(31, 29, 5)	(29, 25, 3)	nan
(36, 31, 0)	(31, 30, 8)	(30, 25, 7)	nan
(36, 31, 0)	(31, 30, 8)	(30, 25, 2)	nan
(36, 31, 0)	(31, 55, 5)	(55, 25, 2)	nan
(36, 31, 0)	(31, 69, 7)	(69, 25, 7)	nan
(36, 31, 0)	(31, 69, 7)	(69, 25, 3)	nan
(36, 62, 5)	(62, 25, 7)	nan
(36, 62, 5)	(62, 25, 7)	nan
(36, 62, 5)	(62, 25, 6)	nan
(36, 62, 5)	(62, 65, 2)	(65, 25, 7)	nan
(36, 62, 5)	(62, 65, 2)	(65, 25, 7)	nan
(36, 62, 5)	(62, 65, 2)	(65, 25, 2)	nan
(36, 62, 5)	(62, 65, 2)	(65, 25, 1)	nan
(36, 62, 5)	(62, 89, 5)	(89, 25, 7)	nan
