(36, 31, 8)	(31, 22, 5)	nan
(36, 31, 8)	(31, 22, 8)	nan
(36, 31, 8)	(31, 32, 0)	(32, 22, 5)	nan
(36, 31, 8)	(31, 32, 0)	(32, 22, 5)	nan
(36, 31, 8)	(31, 32, 0)	(32, 22, 6)	nan
(36, 31, 8)	(31, 35, 8)	(35, 22, 5)	nan
(36, 31, 8)	(31, 35, 8)	(35, 22, 5)	nan
(36, 31, 8)	(31, 35, 8)	(35, 22, 3)	nan
(36, 31, 8)	(31, 29, 5)	(29, 22, 5)	nan
(36, 31, 8)	(31, 29, 5)	(29, 22, 5)	nan
(36, 31, 8)	(31, 29, 5)	(29, 22, 5)	nan
(36, 31, 8)	(31, 29, 5)	(29, 22, 5)	nan
(36, 31, 8)	(31, 30, 8)	(30, 22, 5)	nan
(36, 31, 8)	(31, 30, 8)	(30, 22, 7)	nan
(36, 31, 8)	(31, 55, 5)	(55, 22, 5)	nan
(36, 31, 8)	(31, 69, 7)	(69, 22, 5)	nan
(36, 31, 0)	(31, 22, 5)	nan
(36, 31, 0)	(31, 22, 8)	nan
(36, 31, 0)	(31, 32, 0)	(32, 22, 5)	nan
(36, 31, 0)	(31, 32, 0)	(32, 22, 5)	nan
(36, 31, 0)	(31, 32, 0)	(32, 22, 6)	nan
(36, 31, 0)	(31, 35, 8)	(35, 22, 5)	nan
(36, 31, 0)	(31, 35, 8)	(35, 22, 5)	nan
(36, 31, 0)	(31, 35, 8)	(35, 22, 3)	nan
(36, 31, 0)	(31, 29, 5)	(29, 22, 5)	nan
(36, 31, 0)	(31, 29, 5)	(29, 22, 5)	nan
(36, 31, 0)	(31, 29, 5)	(29, 22, 5)	nan
(36, 31, 0)	(31, 29, 5)	(29, 22, 5)	nan
(36, 31, 0)	(31, 30, 8)	(30, 22, 5)	nan
(36, 31, 0)	(31, 30, 8)	(30, 22, 7)	nan
(36, 31, 0)	(31, 55, 5)	(55, 22, 5)	nan
(36, 31, 0)	(31, 69, 7)	(69, 22, 5)	nan
(36, 31, 0)	(31, 22, 5)	nan
(36, 31, 0)	(31, 22, 8)	nan
(36, 31, 0)	(31, 32, 0)	(32, 22, 5)	nan
(36, 31, 0)	(31, 32, 0)	(32, 22, 5)	nan
(36, 31, 0)	(31, 32, 0)	(32, 22, 6)	nan
(36, 31, 0)	(31, 35, 8)	(35, 22, 5)	nan
(36, 31, 0)	(31, 35, 8)	(35, 22, 5)	nan
(36, 31, 0)	(31, 35, 8)	(35, 22, 3)	nan
(36, 31, 0)	(31, 29, 5)	(29, 22, 5)	nan
(36, 31, 0)	(31, 29, 5)	(29, 22, 5)	nan
(36, 31, 0)	(31, 29, 5)	(29, 22, 5)	nan
(36, 31, 0)	(31, 29, 5)	(29, 22, 5)	nan
(36, 31, 0)	(31, 30, 8)	(30, 22, 5)	nan
(36, 31, 0)	(31, 30, 8)	(30, 22, 7)	nan
(36, 31, 0)	(31, 55, 5)	(55, 22, 5)	nan
(36, 31, 0)	(31, 69, 7)	(69, 22, 5)	nan
(36, 22, 5)	nan
(36, 22, 0)	nan
