(36, 2, 3)	nan
(36, 2, 6)	nan
(36, 31, 8)	(31, 2, 0)	nan
(36, 31, 8)	(31, 2, 0)	nan
(36, 31, 8)	(31, 2, 1)	nan
(36, 31, 8)	(31, 2, 7)	nan
(36, 31, 8)	(31, 32, 0)	(32, 2, 7)	nan
(36, 31, 8)	(31, 29, 5)	(29, 2, 0)	nan
(36, 31, 8)	(31, 29, 5)	(29, 2, 0)	nan
(36, 31, 8)	(31, 29, 5)	(29, 2, 8)	nan
(36, 31, 8)	(31, 29, 5)	(29, 2, 7)	nan
(36, 31, 8)	(31, 30, 8)	(30, 2, 0)	nan
(36, 31, 8)	(31, 55, 5)	(55, 2, 1)	nan
(36, 31, 0)	(31, 2, 0)	nan
(36, 31, 0)	(31, 2, 0)	nan
(36, 31, 0)	(31, 2, 1)	nan
(36, 31, 0)	(31, 2, 7)	nan
(36, 31, 0)	(31, 32, 0)	(32, 2, 7)	nan
(36, 31, 0)	(31, 29, 5)	(29, 2, 0)	nan
(36, 31, 0)	(31, 29, 5)	(29, 2, 0)	nan
(36, 31, 0)	(31, 29, 5)	(29, 2, 8)	nan
(36, 31, 0)	(31, 29, 5)	(29, 2, 7)	nan
(36, 31, 0)	(31, 30, 8)	(30, 2, 0)	nan
(36, 31, 0)	(31, 55, 5)	(55, 2, 1)	nan
(36, 31, 0)	(31, 2, 0)	nan
(36, 31, 0)	(31, 2, 0)	nan
(36, 31, 0)	(31, 2, 1)	nan
(36, 31, 0)	(31, 2, 7)	nan
(36, 31, 0)	(31, 32, 0)	(32, 2, 7)	nan
(36, 31, 0)	(31, 29, 5)	(29, 2, 0)	nan
(36, 31, 0)	(31, 29, 5)	(29, 2, 0)	nan
(36, 31, 0)	(31, 29, 5)	(29, 2, 8)	nan
(36, 31, 0)	(31, 29, 5)	(29, 2, 7)	nan
(36, 31, 0)	(31, 30, 8)	(30, 2, 0)	nan
(36, 31, 0)	(31, 55, 5)	(55, 2, 1)	nan
(36, 62, 5)	(62, 81, 7)	(81, 2, 0)	nan
(36, 62, 5)	(62, 65, 2)	(65, 2, 0)	nan
(36, 62, 5)	(62, 65, 2)	(65, 2, 0)	nan
(36, 62, 5)	(62, 65, 2)	(65, 2, 1)	nan
(36, 62, 5)	(62, 89, 5)	(89, 2, 0)	nan
(36, 62, 5)	(62, 89, 5)	(89, 2, 4)	nan
(36, 62, 5)	(62, 34, 8)	(34, 2, 0)	nan
(36, 62, 5)	(62, 34, 8)	(34, 2, 0)	nan
(36, 62, 5)	(62, 34, 8)	(34, 2, 0)	nan
(36, 62, 5)	(62, 88, 5)	(88, 2, 0)	nan
(36, 62, 5)	(62, 88, 5)	(88, 2, 6)	nan
(36, 62, 5)	(62, 56, 7)	(56, 2, 0)	nan
(36, 62, 5)	(62, 37, 1)	(37, 2, 0)	nan
(36, 62, 5)	(62, 32, 8)	(32, 2, 7)	nan
