(36, 20, 1)	nan
(36, 20, 0)	nan
(36, 31, 8)	(31, 20, 5)	nan
(36, 31, 8)	(31, 20, 7)	nan
(36, 31, 8)	(31, 35, 8)	(35, 20, 5)	nan
(36, 31, 8)	(31, 35, 8)	(35, 20, 7)	nan
(36, 31, 8)	(31, 29, 5)	(29, 20, 5)	nan
(36, 31, 8)	(31, 29, 5)	(29, 20, 5)	nan
(36, 31, 8)	(31, 29, 5)	(29, 20, 4)	nan
(36, 31, 8)	(31, 55, 5)	(55, 20, 5)	nan
(36, 31, 8)	(31, 55, 5)	(55, 20, 5)	nan
(36, 31, 8)	(31, 69, 7)	(69, 20, 5)	nan
(36, 31, 8)	(31, 69, 7)	(69, 20, 5)	nan
(36, 31, 8)	(31, 69, 7)	(69, 20, 5)	nan
(36, 31, 0)	(31, 20, 5)	nan
(36, 31, 0)	(31, 20, 7)	nan
(36, 31, 0)	(31, 35, 8)	(35, 20, 5)	nan
(36, 31, 0)	(31, 35, 8)	(35, 20, 7)	nan
(36, 31, 0)	(31, 29, 5)	(29, 20, 5)	nan
(36, 31, 0)	(31, 29, 5)	(29, 20, 5)	nan
(36, 31, 0)	(31, 29, 5)	(29, 20, 4)	nan
(36, 31, 0)	(31, 55, 5)	(55, 20, 5)	nan
(36, 31, 0)	(31, 55, 5)	(55, 20, 5)	nan
(36, 31, 0)	(31, 69, 7)	(69, 20, 5)	nan
(36, 31, 0)	(31, 69, 7)	(69, 20, 5)	nan
(36, 31, 0)	(31, 69, 7)	(69, 20, 5)	nan
(36, 31, 0)	(31, 20, 5)	nan
(36, 31, 0)	(31, 20, 7)	nan
(36, 31, 0)	(31, 35, 8)	(35, 20, 5)	nan
(36, 31, 0)	(31, 35, 8)	(35, 20, 7)	nan
(36, 31, 0)	(31, 29, 5)	(29, 20, 5)	nan
(36, 31, 0)	(31, 29, 5)	(29, 20, 5)	nan
(36, 31, 0)	(31, 29, 5)	(29, 20, 4)	nan
(36, 31, 0)	(31, 55, 5)	(55, 20, 5)	nan
(36, 31, 0)	(31, 55, 5)	(55, 20, 5)	nan
(36, 31, 0)	(31, 69, 7)	(69, 20, 5)	nan
(36, 31, 0)	(31, 69, 7)	(69, 20, 5)	nan
(36, 31, 0)	(31, 69, 7)	(69, 20, 5)	nan
(36, 62, 5)	(62, 20, 5)	nan
(36, 62, 5)	(62, 20, 1)	nan
(36, 62, 5)	(62, 35, 8)	(35, 20, 5)	nan
(36, 62, 5)	(62, 35, 8)	(35, 20, 7)	nan
(36, 62, 5)	(62, 81, 7)	(81, 20, 5)	nan
(36, 62, 5)	(62, 81, 7)	(81, 20, 5)	nan
(36, 62, 5)	(62, 34, 8)	(34, 20, 5)	nan
(36, 62, 5)	(62, 34, 8)	(34, 20, 7)	nan
(36, 62, 5)	(62, 56, 7)	(56, 20, 2)	nan
(36, 62, 5)	(62, 56, 7)	(56, 20, 5)	nan
(36, 62, 5)	(62, 56, 7)	(56, 20, 5)	nan
