(36, 31, 8)	(31, 21, 5)	nan
(36, 31, 8)	(31, 21, 3)	nan
(36, 31, 8)	(31, 35, 8)	(35, 21, 5)	nan
(36, 31, 8)	(31, 35, 8)	(35, 21, 3)	nan
(36, 31, 8)	(31, 29, 5)	(29, 21, 5)	nan
(36, 31, 8)	(31, 29, 5)	(29, 21, 5)	nan
(36, 31, 8)	(31, 29, 5)	(29, 21, 0)	nan
(36, 31, 8)	(31, 29, 5)	(29, 21, 2)	nan
(36, 31, 8)	(31, 30, 8)	(30, 21, 5)	nan
(36, 31, 8)	(31, 30, 8)	(30, 21, 3)	nan
(36, 31, 8)	(31, 55, 5)	(55, 21, 7)	nan
(36, 31, 8)	(31, 69, 7)	(69, 21, 5)	nan
(36, 31, 8)	(31, 69, 7)	(69, 21, 2)	nan
(36, 31, 0)	(31, 21, 5)	nan
(36, 31, 0)	(31, 21, 3)	nan
(36, 31, 0)	(31, 35, 8)	(35, 21, 5)	nan
(36, 31, 0)	(31, 35, 8)	(35, 21, 3)	nan
(36, 31, 0)	(31, 29, 5)	(29, 21, 5)	nan
(36, 31, 0)	(31, 29, 5)	(29, 21, 5)	nan
(36, 31, 0)	(31, 29, 5)	(29, 21, 0)	nan
(36, 31, 0)	(31, 29, 5)	(29, 21, 2)	nan
(36, 31, 0)	(31, 30, 8)	(30, 21, 5)	nan
(36, 31, 0)	(31, 30, 8)	(30, 21, 3)	nan
(36, 31, 0)	(31, 55, 5)	(55, 21, 7)	nan
(36, 31, 0)	(31, 69, 7)	(69, 21, 5)	nan
(36, 31, 0)	(31, 69, 7)	(69, 21, 2)	nan
(36, 31, 0)	(31, 21, 5)	nan
(36, 31, 0)	(31, 21, 3)	nan
(36, 31, 0)	(31, 35, 8)	(35, 21, 5)	nan
(36, 31, 0)	(31, 35, 8)	(35, 21, 3)	nan
(36, 31, 0)	(31, 29, 5)	(29, 21, 5)	nan
(36, 31, 0)	(31, 29, 5)	(29, 21, 5)	nan
(36, 31, 0)	(31, 29, 5)	(29, 21, 0)	nan
(36, 31, 0)	(31, 29, 5)	(29, 21, 2)	nan
(36, 31, 0)	(31, 30, 8)	(30, 21, 5)	nan
(36, 31, 0)	(31, 30, 8)	(30, 21, 3)	nan
(36, 31, 0)	(31, 55, 5)	(55, 21, 7)	nan
(36, 31, 0)	(31, 69, 7)	(69, 21, 5)	nan
(36, 31, 0)	(31, 69, 7)	(69, 21, 2)	nan
(36, 21, 5)	nan
(36, 21, 6)	nan
(36, 62, 5)	(62, 21, 5)	nan
(36, 62, 5)	(62, 21, 5)	nan
(36, 62, 5)	(62, 21, 4)	nan
(36, 62, 5)	(62, 21, 6)	nan
(36, 62, 5)	(62, 35, 8)	(35, 21, 5)	nan
(36, 62, 5)	(62, 35, 8)	(35, 21, 3)	nan
(36, 62, 5)	(62, 65, 2)	(65, 21, 5)	nan
(36, 62, 5)	(62, 65, 2)	(65, 21, 5)	nan
