(36, 31, 8)	(31, 55, 5)	(55, 23, 3)	nan
(36, 31, 0)	(31, 55, 5)	(55, 23, 3)	nan
(36, 31, 0)	(31, 55, 5)	(55, 23, 3)	nan
(36, 62, 5)	(62, 23, 6)	nan
(36, 62, 5)	(62, 23, 7)	nan
(36, 66, 1)	(66, 23, 6)	nan
(36, 66, 1)	(66, 23, 7)	nan
(36, 58, 7)	(58, 90, 3)	(90, 23, 0)	nan
(36, 58, 7)	(58, 66, 7)	(66, 23, 6)	nan
(36, 58, 7)	(58, 66, 7)	(66, 23, 7)	nan
(36, 58, 7)	(58, 68, 2)	(68, 23, 6)	nan
(36, 55, 0)	(55, 23, 3)	nan
(36, 55, 0)	(55, 68, 4)	(68, 23, 6)	nan
(36, 29, 7)	(29, 86, 1)	(86, 23, 6)	nan
(36, 29, 7)	(29, 86, 1)	(86, 23, 6)	nan
(36, 29, 7)	(29, 61, 7)	(61, 23, 6)	nan
(36, 29, 7)	(29, 61, 7)	(61, 23, 6)	nan
(36, 29, 7)	(29, 61, 7)	(61, 23, 8)	nan
(36, 29, 8)	(29, 86, 1)	(86, 23, 6)	nan
(36, 29, 8)	(29, 86, 1)	(86, 23, 6)	nan
(36, 29, 8)	(29, 61, 7)	(61, 23, 6)	nan
(36, 29, 8)	(29, 61, 7)	(61, 23, 6)	nan
(36, 29, 8)	(29, 61, 7)	(61, 23, 8)	nan
(36, 32, 5)	(32, 86, 7)	(86, 23, 6)	nan
(36, 32, 5)	(32, 86, 7)	(86, 23, 6)	nan
(36, 32, 5)	(32, 61, 1)	(61, 23, 6)	nan
(36, 32, 5)	(32, 61, 1)	(61, 23, 6)	nan
(36, 32, 5)	(32, 61, 1)	(61, 23, 8)	nan
(36, 32, 5)	(32, 51, 1)	(51, 23, 6)	nan
(36, 32, 5)	(32, 41, 3)	(41, 23, 0)	nan
