(37, 31, 8)	(31, 19, 4)	nan
(37, 31, 8)	(31, 19, 2)	nan
(37, 31, 8)	(31, 32, 0)	(32, 19, 4)	nan
(37, 31, 8)	(31, 32, 0)	(32, 19, 3)	nan
(37, 31, 8)	(31, 36, 7)	(36, 19, 4)	nan
(37, 31, 8)	(31, 36, 7)	(36, 19, 8)	nan
(37, 31, 8)	(31, 36, 7)	(36, 19, 5)	nan
(37, 31, 8)	(31, 36, 7)	(36, 19, 5)	nan
(37, 31, 8)	(31, 35, 8)	(35, 19, 4)	nan
(37, 31, 8)	(31, 35, 8)	(35, 19, 7)	nan
(37, 31, 8)	(31, 29, 5)	(29, 19, 4)	nan
(37, 31, 8)	(31, 29, 5)	(29, 19, 8)	nan
(37, 31, 8)	(31, 30, 8)	(30, 19, 4)	nan
(37, 31, 8)	(31, 55, 5)	(55, 19, 4)	nan
(37, 31, 8)	(31, 69, 7)	(69, 19, 1)	nan
(37, 31, 8)	(31, 19, 4)	nan
(37, 31, 8)	(31, 19, 2)	nan
(37, 31, 8)	(31, 32, 0)	(32, 19, 4)	nan
(37, 31, 8)	(31, 32, 0)	(32, 19, 3)	nan
(37, 31, 8)	(31, 36, 7)	(36, 19, 4)	nan
(37, 31, 8)	(31, 36, 7)	(36, 19, 8)	nan
(37, 31, 8)	(31, 36, 7)	(36, 19, 5)	nan
(37, 31, 8)	(31, 36, 7)	(36, 19, 5)	nan
(37, 31, 8)	(31, 35, 8)	(35, 19, 4)	nan
(37, 31, 8)	(31, 35, 8)	(35, 19, 7)	nan
(37, 31, 8)	(31, 29, 5)	(29, 19, 4)	nan
(37, 31, 8)	(31, 29, 5)	(29, 19, 8)	nan
(37, 31, 8)	(31, 30, 8)	(30, 19, 4)	nan
(37, 31, 8)	(31, 55, 5)	(55, 19, 4)	nan
(37, 31, 8)	(31, 69, 7)	(69, 19, 1)	nan
(37, 31, 5)	(31, 19, 4)	nan
(37, 31, 5)	(31, 19, 2)	nan
(37, 31, 5)	(31, 32, 0)	(32, 19, 4)	nan
(37, 31, 5)	(31, 32, 0)	(32, 19, 3)	nan
(37, 31, 5)	(31, 36, 7)	(36, 19, 4)	nan
(37, 31, 5)	(31, 36, 7)	(36, 19, 8)	nan
(37, 31, 5)	(31, 36, 7)	(36, 19, 5)	nan
(37, 31, 5)	(31, 36, 7)	(36, 19, 5)	nan
(37, 31, 5)	(31, 35, 8)	(35, 19, 4)	nan
(37, 31, 5)	(31, 35, 8)	(35, 19, 7)	nan
(37, 31, 5)	(31, 29, 5)	(29, 19, 4)	nan
(37, 31, 5)	(31, 29, 5)	(29, 19, 8)	nan
(37, 31, 5)	(31, 30, 8)	(30, 19, 4)	nan
(37, 31, 5)	(31, 55, 5)	(55, 19, 4)	nan
(37, 31, 5)	(31, 69, 7)	(69, 19, 1)	nan
(37, 31, 0)	(31, 19, 4)	nan
(37, 31, 0)	(31, 19, 2)	nan
(37, 31, 0)	(31, 32, 0)	(32, 19, 4)	nan
(37, 31, 0)	(31, 32, 0)	(32, 19, 3)	nan
(37, 31, 0)	(31, 36, 7)	(36, 19, 4)	nan
(37, 31, 0)	(31, 36, 7)	(36, 19, 8)	nan
