(37, 31, 8)	(31, 2, 0)	nan
(37, 31, 8)	(31, 2, 0)	nan
(37, 31, 8)	(31, 2, 1)	nan
(37, 31, 8)	(31, 2, 7)	nan
(37, 31, 8)	(31, 32, 0)	(32, 2, 7)	nan
(37, 31, 8)	(31, 36, 7)	(36, 2, 0)	nan
(37, 31, 8)	(31, 36, 7)	(36, 2, 0)	nan
(37, 31, 8)	(31, 36, 7)	(36, 2, 3)	nan
(37, 31, 8)	(31, 36, 7)	(36, 2, 6)	nan
(37, 31, 8)	(31, 29, 5)	(29, 2, 0)	nan
(37, 31, 8)	(31, 29, 5)	(29, 2, 0)	nan
(37, 31, 8)	(31, 29, 5)	(29, 2, 8)	nan
(37, 31, 8)	(31, 29, 5)	(29, 2, 7)	nan
(37, 31, 8)	(31, 30, 8)	(30, 2, 0)	nan
(37, 31, 8)	(31, 55, 5)	(55, 2, 1)	nan
(37, 31, 8)	(31, 2, 0)	nan
(37, 31, 8)	(31, 2, 0)	nan
(37, 31, 8)	(31, 2, 1)	nan
(37, 31, 8)	(31, 2, 7)	nan
(37, 31, 8)	(31, 32, 0)	(32, 2, 7)	nan
(37, 31, 8)	(31, 36, 7)	(36, 2, 0)	nan
(37, 31, 8)	(31, 36, 7)	(36, 2, 0)	nan
(37, 31, 8)	(31, 36, 7)	(36, 2, 3)	nan
(37, 31, 8)	(31, 36, 7)	(36, 2, 6)	nan
(37, 31, 8)	(31, 29, 5)	(29, 2, 0)	nan
(37, 31, 8)	(31, 29, 5)	(29, 2, 0)	nan
(37, 31, 8)	(31, 29, 5)	(29, 2, 8)	nan
(37, 31, 8)	(31, 29, 5)	(29, 2, 7)	nan
(37, 31, 8)	(31, 30, 8)	(30, 2, 0)	nan
(37, 31, 8)	(31, 55, 5)	(55, 2, 1)	nan
(37, 31, 5)	(31, 2, 0)	nan
(37, 31, 5)	(31, 2, 0)	nan
(37, 31, 5)	(31, 2, 1)	nan
(37, 31, 5)	(31, 2, 7)	nan
(37, 31, 5)	(31, 32, 0)	(32, 2, 7)	nan
(37, 31, 5)	(31, 36, 7)	(36, 2, 0)	nan
(37, 31, 5)	(31, 36, 7)	(36, 2, 0)	nan
(37, 31, 5)	(31, 36, 7)	(36, 2, 3)	nan
(37, 31, 5)	(31, 36, 7)	(36, 2, 6)	nan
(37, 31, 5)	(31, 29, 5)	(29, 2, 0)	nan
(37, 31, 5)	(31, 29, 5)	(29, 2, 0)	nan
(37, 31, 5)	(31, 29, 5)	(29, 2, 8)	nan
(37, 31, 5)	(31, 29, 5)	(29, 2, 7)	nan
(37, 31, 5)	(31, 30, 8)	(30, 2, 0)	nan
(37, 31, 5)	(31, 55, 5)	(55, 2, 1)	nan
(37, 31, 0)	(31, 2, 0)	nan
(37, 31, 0)	(31, 2, 0)	nan
(37, 31, 0)	(31, 2, 1)	nan
(37, 31, 0)	(31, 2, 7)	nan
(37, 31, 0)	(31, 32, 0)	(32, 2, 7)	nan
(37, 31, 0)	(31, 36, 7)	(36, 2, 0)	nan
