(37, 31, 8)	(31, 55, 5)	(55, 23, 3)	nan
(37, 31, 8)	(31, 55, 5)	(55, 23, 3)	nan
(37, 31, 5)	(31, 55, 5)	(55, 23, 3)	nan
(37, 31, 0)	(31, 55, 5)	(55, 23, 3)	nan
(37, 79, 0)	(79, 66, 1)	(66, 23, 6)	nan
(37, 79, 0)	(79, 66, 1)	(66, 23, 7)	nan
(37, 79, 0)	(79, 68, 1)	(68, 23, 6)	nan
(37, 79, 0)	(79, 23, 6)	nan
(37, 60, 7)	(60, 23, 6)	nan
(37, 60, 7)	(60, 23, 8)	nan
(37, 60, 7)	(60, 79, 1)	(79, 23, 6)	nan
(37, 64, 8)	(64, 60, 3)	(60, 23, 6)	nan
(37, 64, 8)	(64, 60, 3)	(60, 23, 8)	nan
(37, 64, 8)	(64, 51, 7)	(51, 23, 6)	nan
(37, 32, 8)	(32, 86, 7)	(86, 23, 6)	nan
(37, 32, 8)	(32, 86, 7)	(86, 23, 6)	nan
(37, 32, 8)	(32, 61, 1)	(61, 23, 6)	nan
(37, 32, 8)	(32, 61, 1)	(61, 23, 6)	nan
(37, 32, 8)	(32, 61, 1)	(61, 23, 8)	nan
(37, 32, 8)	(32, 51, 1)	(51, 23, 6)	nan
(37, 32, 8)	(32, 41, 3)	(41, 23, 0)	nan
