(38, 0, 7)	nan
(38, 48, 0)	(48, 30, 8)	(30, 0, 0)	nan
(38, 48, 0)	(48, 30, 8)	(30, 0, 4)	nan
(38, 48, 0)	(48, 0, 0)	nan
(38, 48, 0)	(48, 0, 6)	nan
(38, 48, 0)	(48, 83, 7)	(83, 0, 0)	nan
(38, 48, 0)	(48, 83, 7)	(83, 0, 8)	nan
(38, 48, 0)	(48, 71, 7)	(71, 0, 0)	nan
(38, 48, 0)	(48, 71, 7)	(71, 0, 1)	nan
(38, 48, 0)	(48, 88, 7)	(88, 0, 0)	nan
(38, 48, 0)	(48, 88, 7)	(88, 0, 3)	nan
(38, 48, 0)	(48, 88, 7)	(88, 0, 7)	nan
(38, 48, 0)	(48, 59, 8)	(59, 0, 0)	nan
(38, 48, 0)	(48, 59, 8)	(59, 0, 2)	nan
(38, 48, 0)	(48, 33, 0)	(33, 0, 0)	nan
(38, 48, 0)	(48, 33, 0)	(33, 0, 8)	nan
(38, 48, 0)	(48, 34, 0)	(34, 0, 0)	nan
(38, 48, 0)	(48, 34, 0)	(34, 0, 2)	nan
(38, 48, 0)	(48, 67, 5)	(67, 0, 0)	nan
(38, 48, 0)	(48, 67, 5)	(67, 0, 6)	nan
(38, 48, 0)	(48, 85, 7)	(85, 0, 0)	nan
(38, 48, 0)	(48, 85, 7)	(85, 0, 6)	nan
(38, 92, 2)	(92, 0, 0)	nan
(38, 92, 2)	(92, 0, 0)	nan
(38, 92, 2)	(92, 0, 1)	nan
(38, 92, 2)	(92, 53, 7)	(53, 0, 3)	nan
(38, 92, 2)	(92, 29, 7)	(29, 0, 0)	nan
(38, 92, 2)	(92, 29, 7)	(29, 0, 5)	nan
(38, 92, 2)	(92, 40, 7)	(40, 0, 0)	nan
(38, 92, 2)	(92, 88, 7)	(88, 0, 0)	nan
(38, 92, 2)	(92, 88, 7)	(88, 0, 3)	nan
(38, 92, 2)	(92, 88, 7)	(88, 0, 7)	nan
(38, 92, 2)	(92, 52, 7)	(52, 0, 0)	nan
(38, 92, 2)	(92, 52, 7)	(52, 0, 1)	nan
(38, 82, 2)	(82, 0, 0)	nan
(38, 82, 2)	(82, 0, 0)	nan
(38, 82, 2)	(82, 0, 0)	nan
(38, 82, 2)	(82, 0, 0)	nan
(38, 82, 2)	(82, 0, 0)	nan
(38, 82, 2)	(82, 0, 0)	nan
(38, 82, 2)	(82, 0, 0)	nan
(38, 82, 2)	(82, 0, 0)	nan
(38, 82, 2)	(82, 0, 0)	nan
(38, 82, 2)	(82, 0, 0)	nan
(38, 82, 2)	(82, 0, 0)	nan
(38, 82, 2)	(82, 0, 0)	nan
(38, 82, 2)	(82, 0, 0)	nan
(38, 82, 2)	(82, 0, 0)	nan
(38, 82, 2)	(82, 0, 0)	nan
(38, 82, 2)	(82, 43, 4)	(43, 0, 0)	nan
