(38, 48, 0)	(48, 30, 8)	(30, 15, 3)	nan
(38, 48, 0)	(48, 59, 8)	(59, 15, 3)	nan
(38, 48, 0)	(48, 59, 8)	(59, 15, 3)	nan
(38, 48, 0)	(48, 59, 8)	(59, 15, 7)	nan
(38, 48, 0)	(48, 59, 8)	(59, 15, 1)	nan
(38, 48, 0)	(48, 34, 0)	(34, 15, 3)	nan
(38, 48, 0)	(48, 34, 0)	(34, 15, 1)	nan
(38, 48, 0)	(48, 85, 7)	(85, 15, 3)	nan
(38, 48, 0)	(48, 85, 7)	(85, 15, 3)	nan
(38, 48, 0)	(48, 85, 7)	(85, 15, 7)	nan
(38, 48, 0)	(48, 85, 7)	(85, 15, 1)	nan
(38, 92, 2)	(92, 15, 3)	nan
(38, 92, 2)	(92, 15, 6)	nan
(38, 92, 2)	(92, 53, 7)	(53, 15, 3)	nan
(38, 92, 2)	(92, 53, 7)	(53, 15, 4)	nan
(38, 92, 2)	(92, 29, 7)	(29, 15, 3)	nan
(38, 92, 2)	(92, 29, 7)	(29, 15, 8)	nan
(38, 92, 2)	(92, 40, 7)	(40, 15, 3)	nan
(38, 92, 2)	(92, 54, 7)	(54, 15, 3)	nan
(38, 92, 2)	(92, 54, 7)	(54, 15, 2)	nan
(38, 82, 2)	(82, 15, 3)	nan
(38, 82, 2)	(82, 15, 3)	nan
(38, 82, 2)	(82, 15, 6)	nan
(38, 82, 2)	(82, 15, 8)	nan
(38, 82, 2)	(82, 43, 4)	(43, 15, 3)	nan
(38, 82, 2)	(82, 43, 4)	(43, 15, 3)	nan
(38, 82, 2)	(82, 62, 1)	(62, 15, 3)	nan
(38, 82, 2)	(82, 62, 1)	(62, 15, 3)	nan
(38, 82, 2)	(82, 62, 1)	(62, 15, 2)	nan
(38, 82, 2)	(82, 62, 1)	(62, 15, 6)	nan
