(38, 48, 0)	(48, 2, 0)	nan
(38, 48, 0)	(48, 2, 0)	nan
(38, 48, 0)	(48, 2, 2)	nan
(38, 48, 0)	(48, 30, 8)	(30, 2, 0)	nan
(38, 48, 0)	(48, 88, 7)	(88, 2, 0)	nan
(38, 48, 0)	(48, 88, 7)	(88, 2, 6)	nan
(38, 48, 0)	(48, 59, 8)	(59, 2, 7)	nan
(38, 48, 0)	(48, 89, 0)	(89, 2, 0)	nan
(38, 48, 0)	(48, 89, 0)	(89, 2, 4)	nan
(38, 48, 0)	(48, 89, 7)	(89, 2, 0)	nan
(38, 48, 0)	(48, 89, 7)	(89, 2, 4)	nan
(38, 48, 0)	(48, 33, 0)	(33, 2, 0)	nan
(38, 48, 0)	(48, 33, 0)	(33, 2, 3)	nan
(38, 48, 0)	(48, 34, 0)	(34, 2, 0)	nan
(38, 48, 0)	(48, 34, 0)	(34, 2, 0)	nan
(38, 48, 0)	(48, 34, 0)	(34, 2, 0)	nan
(38, 48, 0)	(48, 67, 5)	(67, 2, 0)	nan
(38, 92, 2)	(92, 29, 7)	(29, 2, 0)	nan
(38, 92, 2)	(92, 29, 7)	(29, 2, 0)	nan
(38, 92, 2)	(92, 29, 7)	(29, 2, 8)	nan
(38, 92, 2)	(92, 29, 7)	(29, 2, 7)	nan
(38, 92, 2)	(92, 40, 7)	(40, 2, 0)	nan
(38, 92, 2)	(92, 88, 7)	(88, 2, 0)	nan
(38, 92, 2)	(92, 88, 7)	(88, 2, 6)	nan
(38, 92, 2)	(92, 52, 7)	(52, 2, 0)	nan
(38, 92, 2)	(92, 52, 7)	(52, 2, 0)	nan
(38, 82, 2)	(82, 2, 0)	nan
(38, 82, 2)	(82, 2, 4)	nan
(38, 82, 2)	(82, 43, 4)	(43, 2, 0)	nan
(38, 82, 2)	(82, 43, 4)	(43, 2, 8)	nan
(38, 82, 2)	(82, 62, 1)	(62, 2, 0)	nan
(38, 2, 0)	nan
