(38, 48, 0)	(48, 30, 8)	(30, 22, 5)	nan
(38, 48, 0)	(48, 30, 8)	(30, 22, 7)	nan
(38, 48, 0)	(48, 22, 5)	nan
(38, 48, 0)	(48, 22, 6)	nan
(38, 48, 0)	(48, 83, 7)	(83, 22, 5)	nan
(38, 48, 0)	(48, 83, 7)	(83, 22, 0)	nan
(38, 48, 0)	(48, 71, 7)	(71, 22, 5)	nan
(38, 48, 0)	(48, 71, 7)	(71, 22, 5)	nan
(38, 48, 0)	(48, 67, 5)	(67, 22, 5)	nan
(38, 22, 5)	nan
(38, 92, 2)	(92, 29, 7)	(29, 22, 5)	nan
(38, 92, 2)	(92, 29, 7)	(29, 22, 5)	nan
(38, 92, 2)	(92, 29, 7)	(29, 22, 5)	nan
(38, 92, 2)	(92, 29, 7)	(29, 22, 5)	nan
(38, 92, 2)	(92, 40, 7)	(40, 22, 5)	nan
(38, 92, 2)	(92, 40, 7)	(40, 22, 5)	nan
(38, 92, 2)	(92, 54, 7)	(54, 22, 7)	nan
(38, 92, 2)	(92, 52, 7)	(52, 22, 5)	nan
(38, 92, 2)	(92, 52, 7)	(52, 22, 5)	nan
(38, 92, 2)	(92, 52, 7)	(52, 22, 0)	nan
(38, 92, 2)	(92, 52, 7)	(52, 22, 2)	nan
(38, 82, 2)	(82, 43, 4)	(43, 22, 5)	nan
(38, 82, 2)	(82, 22, 5)	nan
