(38, 25, 2)	nan
(38, 48, 0)	(48, 25, 7)	nan
(38, 48, 0)	(48, 25, 7)	nan
(38, 48, 0)	(48, 30, 8)	(30, 25, 7)	nan
(38, 48, 0)	(48, 30, 8)	(30, 25, 2)	nan
(38, 48, 0)	(48, 83, 7)	(83, 25, 7)	nan
(38, 48, 0)	(48, 83, 7)	(83, 25, 1)	nan
(38, 48, 0)	(48, 71, 7)	(71, 25, 7)	nan
(38, 48, 0)	(48, 71, 7)	(71, 25, 7)	nan
(38, 48, 0)	(48, 71, 7)	(71, 25, 8)	nan
(38, 48, 0)	(48, 59, 8)	(59, 25, 7)	nan
(38, 48, 0)	(48, 59, 8)	(59, 25, 7)	nan
(38, 48, 0)	(48, 59, 8)	(59, 25, 6)	nan
(38, 48, 0)	(48, 89, 0)	(89, 25, 7)	nan
(38, 48, 0)	(48, 89, 7)	(89, 25, 7)	nan
(38, 48, 0)	(48, 33, 0)	(33, 25, 5)	nan
(38, 48, 0)	(48, 67, 5)	(67, 25, 7)	nan
(38, 48, 0)	(48, 67, 5)	(67, 25, 8)	nan
(38, 48, 0)	(48, 85, 7)	(85, 25, 7)	nan
(38, 48, 0)	(48, 85, 7)	(85, 25, 7)	nan
(38, 48, 0)	(48, 85, 7)	(85, 25, 7)	nan
(38, 48, 0)	(48, 85, 7)	(85, 25, 7)	nan
(38, 48, 0)	(48, 85, 7)	(85, 25, 7)	nan
(38, 48, 0)	(48, 85, 7)	(85, 25, 7)	nan
(38, 48, 0)	(48, 85, 7)	(85, 25, 7)	nan
(38, 48, 0)	(48, 85, 7)	(85, 25, 7)	nan
(38, 48, 0)	(48, 85, 7)	(85, 25, 7)	nan
(38, 48, 0)	(48, 85, 7)	(85, 25, 7)	nan
(38, 92, 2)	(92, 25, 7)	nan
(38, 92, 2)	(92, 25, 7)	nan
(38, 92, 2)	(92, 25, 0)	nan
(38, 92, 2)	(92, 29, 7)	(29, 25, 7)	nan
(38, 92, 2)	(92, 29, 7)	(29, 25, 3)	nan
(38, 92, 2)	(92, 40, 7)	(40, 25, 7)	nan
(38, 92, 2)	(92, 40, 7)	(40, 25, 5)	nan
(38, 92, 2)	(92, 54, 7)	(54, 25, 4)	nan
(38, 92, 2)	(92, 52, 7)	(52, 25, 7)	nan
(38, 92, 2)	(92, 52, 7)	(52, 25, 0)	nan
(38, 82, 2)	(82, 25, 7)	nan
(38, 82, 2)	(82, 25, 7)	nan
(38, 82, 2)	(82, 25, 7)	nan
(38, 82, 2)	(82, 62, 1)	(62, 25, 7)	nan
(38, 82, 2)	(82, 62, 1)	(62, 25, 7)	nan
(38, 82, 2)	(82, 62, 1)	(62, 25, 6)	nan
