(38, 48, 0)	(48, 20, 5)	nan
(38, 48, 0)	(48, 83, 7)	(83, 20, 5)	nan
(38, 48, 0)	(48, 83, 7)	(83, 20, 2)	nan
(38, 48, 0)	(48, 71, 7)	(71, 20, 5)	nan
(38, 48, 0)	(48, 71, 7)	(71, 20, 8)	nan
(38, 48, 0)	(48, 59, 8)	(59, 20, 5)	nan
(38, 48, 0)	(48, 59, 8)	(59, 20, 5)	nan
(38, 48, 0)	(48, 59, 8)	(59, 20, 5)	nan
(38, 48, 0)	(48, 59, 8)	(59, 20, 5)	nan
(38, 48, 0)	(48, 34, 0)	(34, 20, 5)	nan
(38, 48, 0)	(48, 34, 0)	(34, 20, 7)	nan
(38, 48, 0)	(48, 67, 5)	(67, 20, 5)	nan
(38, 48, 0)	(48, 67, 5)	(67, 20, 5)	nan
(38, 48, 0)	(48, 67, 5)	(67, 20, 5)	nan
(38, 48, 0)	(48, 67, 5)	(67, 20, 5)	nan
(38, 48, 0)	(48, 67, 5)	(67, 20, 5)	nan
(38, 48, 0)	(48, 85, 7)	(85, 20, 5)	nan
(38, 92, 2)	(92, 53, 7)	(53, 20, 5)	nan
(38, 92, 2)	(92, 29, 7)	(29, 20, 5)	nan
(38, 92, 2)	(92, 29, 7)	(29, 20, 5)	nan
(38, 92, 2)	(92, 29, 7)	(29, 20, 4)	nan
(38, 92, 2)	(92, 54, 7)	(54, 20, 5)	nan
(38, 92, 2)	(92, 54, 7)	(54, 20, 5)	nan
(38, 92, 2)	(92, 52, 7)	(52, 20, 5)	nan
(38, 92, 2)	(92, 52, 7)	(52, 20, 5)	nan
(38, 92, 2)	(92, 52, 7)	(52, 20, 7)	nan
(38, 92, 2)	(92, 52, 7)	(52, 20, 1)	nan
(38, 82, 2)	(82, 20, 5)	nan
(38, 82, 2)	(82, 20, 5)	nan
(38, 82, 2)	(82, 20, 7)	nan
(38, 82, 2)	(82, 20, 4)	nan
(38, 82, 2)	(82, 43, 4)	(43, 20, 5)	nan
(38, 82, 2)	(82, 43, 4)	(43, 20, 0)	nan
(38, 82, 2)	(82, 62, 1)	(62, 20, 5)	nan
(38, 82, 2)	(82, 62, 1)	(62, 20, 1)	nan
(38, 20, 5)	nan
