(38, 28, 2)	nan
(38, 48, 0)	(48, 28, 7)	nan
(38, 48, 0)	(48, 28, 1)	nan
(38, 48, 0)	(48, 71, 7)	(71, 28, 7)	nan
(38, 48, 0)	(48, 71, 7)	(71, 28, 7)	nan
(38, 48, 0)	(48, 71, 7)	(71, 28, 4)	nan
(38, 48, 0)	(48, 71, 7)	(71, 28, 1)	nan
(38, 48, 0)	(48, 88, 7)	(88, 28, 7)	nan
(38, 48, 0)	(48, 88, 7)	(88, 28, 3)	nan
(38, 48, 0)	(48, 59, 8)	(59, 28, 7)	nan
(38, 48, 0)	(48, 59, 8)	(59, 28, 5)	nan
(38, 48, 0)	(48, 67, 5)	(67, 28, 7)	nan
(38, 48, 0)	(48, 67, 5)	(67, 28, 5)	nan
(38, 48, 0)	(48, 85, 7)	(85, 28, 7)	nan
(38, 48, 0)	(48, 85, 7)	(85, 28, 2)	nan
(38, 92, 2)	(92, 28, 7)	nan
(38, 92, 2)	(92, 28, 5)	nan
(38, 92, 2)	(92, 53, 7)	(53, 28, 7)	nan
(38, 92, 2)	(92, 53, 7)	(53, 28, 5)	nan
(38, 92, 2)	(92, 29, 7)	(29, 28, 7)	nan
(38, 92, 2)	(92, 29, 7)	(29, 28, 3)	nan
(38, 92, 2)	(92, 40, 7)	(40, 28, 7)	nan
(38, 92, 2)	(92, 40, 7)	(40, 28, 3)	nan
(38, 92, 2)	(92, 54, 7)	(54, 28, 7)	nan
(38, 92, 2)	(92, 54, 7)	(54, 28, 3)	nan
(38, 92, 2)	(92, 88, 7)	(88, 28, 7)	nan
(38, 92, 2)	(92, 88, 7)	(88, 28, 3)	nan
(38, 82, 2)	(82, 43, 4)	(43, 28, 7)	nan
(38, 82, 2)	(82, 43, 4)	(43, 28, 5)	nan
(38, 82, 2)	(82, 43, 4)	(43, 28, 6)	nan
