(38, 48, 0)	(48, 83, 7)	(83, 6, 1)	nan
(38, 48, 0)	(48, 83, 7)	(83, 6, 8)	nan
(38, 48, 0)	(48, 88, 7)	(88, 6, 1)	nan
(38, 48, 0)	(48, 89, 0)	(89, 6, 1)	nan
(38, 48, 0)	(48, 89, 0)	(89, 6, 1)	nan
(38, 48, 0)	(48, 89, 0)	(89, 6, 0)	nan
(38, 48, 0)	(48, 89, 7)	(89, 6, 1)	nan
(38, 48, 0)	(48, 89, 7)	(89, 6, 1)	nan
(38, 48, 0)	(48, 89, 7)	(89, 6, 0)	nan
(38, 48, 0)	(48, 34, 0)	(34, 6, 1)	nan
(38, 48, 0)	(48, 34, 0)	(34, 6, 6)	nan
(38, 48, 0)	(48, 67, 5)	(67, 6, 1)	nan
(38, 48, 0)	(48, 67, 5)	(67, 6, 5)	nan
(38, 48, 0)	(48, 85, 7)	(85, 6, 1)	nan
(38, 48, 0)	(48, 85, 7)	(85, 6, 1)	nan
(38, 48, 0)	(48, 85, 7)	(85, 6, 2)	nan
(38, 48, 0)	(48, 85, 7)	(85, 6, 5)	nan
(38, 92, 2)	(92, 6, 1)	nan
(38, 92, 2)	(92, 6, 3)	nan
(38, 92, 2)	(92, 53, 7)	(53, 6, 1)	nan
(38, 92, 2)	(92, 53, 7)	(53, 6, 3)	nan
(38, 92, 2)	(92, 29, 7)	(29, 6, 1)	nan
(38, 92, 2)	(92, 29, 7)	(29, 6, 2)	nan
(38, 92, 2)	(92, 40, 7)	(40, 6, 1)	nan
(38, 92, 2)	(92, 40, 7)	(40, 6, 1)	nan
(38, 92, 2)	(92, 40, 7)	(40, 6, 8)	nan
(38, 92, 2)	(92, 40, 7)	(40, 6, 3)	nan
(38, 92, 2)	(92, 54, 7)	(54, 6, 1)	nan
(38, 92, 2)	(92, 54, 7)	(54, 6, 1)	nan
(38, 92, 2)	(92, 54, 7)	(54, 6, 7)	nan
(38, 92, 2)	(92, 88, 7)	(88, 6, 1)	nan
(38, 92, 2)	(92, 52, 7)	(52, 6, 1)	nan
(38, 92, 2)	(92, 52, 7)	(52, 6, 0)	nan
(38, 82, 2)	(82, 6, 1)	nan
(38, 82, 2)	(82, 6, 1)	nan
(38, 82, 2)	(82, 6, 1)	nan
(38, 82, 2)	(82, 6, 1)	nan
(38, 82, 2)	(82, 6, 1)	nan
(38, 82, 2)	(82, 6, 1)	nan
(38, 82, 2)	(82, 6, 1)	nan
(38, 82, 2)	(82, 6, 1)	nan
