(39, 30, 8)	(30, 11, 2)	nan
(39, 30, 8)	(30, 72, 4)	(72, 11, 2)	nan
(39, 30, 8)	(30, 60, 7)	(60, 11, 2)	nan
(39, 30, 8)	(30, 60, 0)	(60, 11, 2)	nan
(39, 30, 8)	(30, 75, 7)	(75, 11, 2)	nan
(39, 30, 8)	(30, 75, 7)	(75, 11, 3)	nan
(39, 30, 8)	(30, 88, 5)	(88, 11, 2)	nan
(39, 30, 8)	(30, 88, 5)	(88, 11, 1)	nan
(39, 30, 8)	(30, 34, 8)	(34, 11, 2)	nan
(39, 30, 8)	(30, 34, 8)	(34, 11, 8)	nan
(39, 30, 8)	(30, 85, 0)	(85, 11, 2)	nan
(39, 30, 8)	(30, 85, 0)	(85, 11, 5)	nan
(39, 30, 8)	(30, 11, 2)	nan
(39, 30, 8)	(30, 72, 4)	(72, 11, 2)	nan
(39, 30, 8)	(30, 60, 7)	(60, 11, 2)	nan
(39, 30, 8)	(30, 60, 0)	(60, 11, 2)	nan
(39, 30, 8)	(30, 75, 7)	(75, 11, 2)	nan
(39, 30, 8)	(30, 75, 7)	(75, 11, 3)	nan
(39, 30, 8)	(30, 88, 5)	(88, 11, 2)	nan
(39, 30, 8)	(30, 88, 5)	(88, 11, 1)	nan
(39, 30, 8)	(30, 34, 8)	(34, 11, 2)	nan
(39, 30, 8)	(30, 34, 8)	(34, 11, 8)	nan
(39, 30, 8)	(30, 85, 0)	(85, 11, 2)	nan
(39, 30, 8)	(30, 85, 0)	(85, 11, 5)	nan
(39, 30, 4)	(30, 11, 2)	nan
(39, 30, 4)	(30, 72, 4)	(72, 11, 2)	nan
(39, 30, 4)	(30, 60, 7)	(60, 11, 2)	nan
(39, 30, 4)	(30, 60, 0)	(60, 11, 2)	nan
(39, 30, 4)	(30, 75, 7)	(75, 11, 2)	nan
(39, 30, 4)	(30, 75, 7)	(75, 11, 3)	nan
(39, 30, 4)	(30, 88, 5)	(88, 11, 2)	nan
(39, 30, 4)	(30, 88, 5)	(88, 11, 1)	nan
(39, 30, 4)	(30, 34, 8)	(34, 11, 2)	nan
(39, 30, 4)	(30, 34, 8)	(34, 11, 8)	nan
(39, 30, 4)	(30, 85, 0)	(85, 11, 2)	nan
(39, 30, 4)	(30, 85, 0)	(85, 11, 5)	nan
(39, 11, 2)	nan
(39, 87, 7)	(87, 34, 8)	(34, 11, 2)	nan
(39, 87, 7)	(87, 34, 8)	(34, 11, 8)	nan
(39, 87, 7)	(87, 34, 7)	(34, 11, 2)	nan
(39, 87, 7)	(87, 34, 7)	(34, 11, 8)	nan
(39, 87, 7)	(87, 44, 5)	(44, 11, 2)	nan
(39, 87, 7)	(87, 44, 5)	(44, 11, 2)	nan
(39, 87, 7)	(87, 44, 5)	(44, 11, 6)	nan
(39, 87, 7)	(87, 44, 5)	(44, 11, 4)	nan
(39, 87, 7)	(87, 11, 2)	nan
(39, 87, 7)	(87, 11, 2)	nan
(39, 87, 7)	(87, 11, 2)	nan
(39, 87, 7)	(87, 11, 2)	nan
(39, 87, 7)	(87, 11, 2)	nan
(39, 87, 7)	(87, 59, 4)	(59, 11, 2)	nan
