(39, 2, 7)	nan
(39, 30, 8)	(30, 2, 0)	nan
(39, 30, 8)	(30, 60, 7)	(60, 2, 0)	nan
(39, 30, 8)	(30, 60, 0)	(60, 2, 0)	nan
(39, 30, 8)	(30, 75, 7)	(75, 2, 0)	nan
(39, 30, 8)	(30, 75, 7)	(75, 2, 5)	nan
(39, 30, 8)	(30, 88, 5)	(88, 2, 0)	nan
(39, 30, 8)	(30, 88, 5)	(88, 2, 6)	nan
(39, 30, 8)	(30, 34, 8)	(34, 2, 0)	nan
(39, 30, 8)	(30, 34, 8)	(34, 2, 0)	nan
(39, 30, 8)	(30, 34, 8)	(34, 2, 0)	nan
(39, 30, 8)	(30, 2, 0)	nan
(39, 30, 8)	(30, 60, 7)	(60, 2, 0)	nan
(39, 30, 8)	(30, 60, 0)	(60, 2, 0)	nan
(39, 30, 8)	(30, 75, 7)	(75, 2, 0)	nan
(39, 30, 8)	(30, 75, 7)	(75, 2, 5)	nan
(39, 30, 8)	(30, 88, 5)	(88, 2, 0)	nan
(39, 30, 8)	(30, 88, 5)	(88, 2, 6)	nan
(39, 30, 8)	(30, 34, 8)	(34, 2, 0)	nan
(39, 30, 8)	(30, 34, 8)	(34, 2, 0)	nan
(39, 30, 8)	(30, 34, 8)	(34, 2, 0)	nan
(39, 30, 4)	(30, 2, 0)	nan
(39, 30, 4)	(30, 60, 7)	(60, 2, 0)	nan
(39, 30, 4)	(30, 60, 0)	(60, 2, 0)	nan
(39, 30, 4)	(30, 75, 7)	(75, 2, 0)	nan
(39, 30, 4)	(30, 75, 7)	(75, 2, 5)	nan
(39, 30, 4)	(30, 88, 5)	(88, 2, 0)	nan
(39, 30, 4)	(30, 88, 5)	(88, 2, 6)	nan
(39, 30, 4)	(30, 34, 8)	(34, 2, 0)	nan
(39, 30, 4)	(30, 34, 8)	(34, 2, 0)	nan
(39, 30, 4)	(30, 34, 8)	(34, 2, 0)	nan
(39, 87, 7)	(87, 34, 8)	(34, 2, 0)	nan
(39, 87, 7)	(87, 34, 8)	(34, 2, 0)	nan
(39, 87, 7)	(87, 34, 8)	(34, 2, 0)	nan
(39, 87, 7)	(87, 34, 7)	(34, 2, 0)	nan
(39, 87, 7)	(87, 34, 7)	(34, 2, 0)	nan
(39, 87, 7)	(87, 34, 7)	(34, 2, 0)	nan
(39, 87, 7)	(87, 2, 0)	nan
(39, 87, 7)	(87, 44, 5)	(44, 2, 0)	nan
(39, 87, 7)	(87, 59, 4)	(59, 2, 7)	nan
(39, 87, 7)	(87, 51, 7)	(51, 2, 7)	nan
(39, 87, 7)	(87, 51, 7)	(51, 2, 0)	nan
(39, 87, 7)	(87, 40, 7)	(40, 2, 0)	nan
(39, 82, 5)	(82, 2, 0)	nan
(39, 82, 5)	(82, 2, 4)	nan
(39, 82, 5)	(82, 43, 4)	(43, 2, 0)	nan
(39, 82, 5)	(82, 43, 4)	(43, 2, 8)	nan
(39, 82, 5)	(82, 38, 0)	(38, 2, 0)	nan
(39, 82, 5)	(82, 62, 1)	(62, 2, 0)	nan
(39, 71, 1)	(71, 34, 8)	(34, 2, 0)	nan
