(39, 30, 8)	(30, 72, 4)	(72, 28, 7)	nan
(39, 30, 8)	(30, 72, 4)	(72, 28, 6)	nan
(39, 30, 8)	(30, 88, 5)	(88, 28, 7)	nan
(39, 30, 8)	(30, 88, 5)	(88, 28, 3)	nan
(39, 30, 8)	(30, 85, 0)	(85, 28, 7)	nan
(39, 30, 8)	(30, 85, 0)	(85, 28, 2)	nan
(39, 30, 8)	(30, 72, 4)	(72, 28, 7)	nan
(39, 30, 8)	(30, 72, 4)	(72, 28, 6)	nan
(39, 30, 8)	(30, 88, 5)	(88, 28, 7)	nan
(39, 30, 8)	(30, 88, 5)	(88, 28, 3)	nan
(39, 30, 8)	(30, 85, 0)	(85, 28, 7)	nan
(39, 30, 8)	(30, 85, 0)	(85, 28, 2)	nan
(39, 30, 4)	(30, 72, 4)	(72, 28, 7)	nan
(39, 30, 4)	(30, 72, 4)	(72, 28, 6)	nan
(39, 30, 4)	(30, 88, 5)	(88, 28, 7)	nan
(39, 30, 4)	(30, 88, 5)	(88, 28, 3)	nan
(39, 30, 4)	(30, 85, 0)	(85, 28, 7)	nan
(39, 30, 4)	(30, 85, 0)	(85, 28, 2)	nan
(39, 28, 7)	nan
(39, 28, 8)	nan
(39, 87, 7)	(87, 28, 7)	nan
(39, 87, 7)	(87, 28, 7)	nan
(39, 87, 7)	(87, 28, 2)	nan
(39, 87, 7)	(87, 28, 6)	nan
(39, 87, 7)	(87, 44, 5)	(44, 28, 7)	nan
(39, 87, 7)	(87, 44, 5)	(44, 28, 4)	nan
(39, 87, 7)	(87, 59, 4)	(59, 28, 7)	nan
(39, 87, 7)	(87, 59, 4)	(59, 28, 5)	nan
(39, 87, 7)	(87, 51, 7)	(51, 28, 7)	nan
(39, 87, 7)	(87, 51, 7)	(51, 28, 2)	nan
(39, 87, 7)	(87, 40, 7)	(40, 28, 7)	nan
(39, 87, 7)	(87, 40, 7)	(40, 28, 3)	nan
(39, 87, 7)	(87, 35, 8)	(35, 28, 7)	nan
(39, 87, 7)	(87, 35, 8)	(35, 28, 1)	nan
(39, 82, 5)	(82, 43, 4)	(43, 28, 7)	nan
(39, 82, 5)	(82, 43, 4)	(43, 28, 5)	nan
(39, 82, 5)	(82, 43, 4)	(43, 28, 6)	nan
(39, 82, 5)	(82, 38, 0)	(38, 28, 7)	nan
(39, 82, 5)	(82, 38, 0)	(38, 28, 2)	nan
(39, 71, 1)	(71, 28, 7)	nan
(39, 71, 1)	(71, 28, 7)	nan
(39, 71, 1)	(71, 28, 4)	nan
(39, 71, 1)	(71, 28, 1)	nan
(39, 71, 1)	(71, 74, 7)	(74, 28, 7)	nan
(39, 71, 1)	(71, 74, 7)	(74, 28, 7)	nan
(39, 71, 1)	(71, 74, 7)	(74, 28, 8)	nan
(39, 71, 1)	(71, 74, 7)	(74, 28, 3)	nan
(39, 71, 1)	(71, 31, 7)	(31, 28, 7)	nan
(39, 71, 1)	(71, 31, 7)	(31, 28, 6)	nan
(39, 52, 0)	(52, 29, 8)	(29, 28, 7)	nan
(39, 52, 0)	(52, 29, 8)	(29, 28, 3)	nan
