(39, 27, 7)	nan
(39, 27, 4)	nan
(39, 30, 8)	(30, 27, 7)	nan
(39, 30, 8)	(30, 60, 7)	(60, 27, 3)	nan
(39, 30, 8)	(30, 60, 0)	(60, 27, 3)	nan
(39, 30, 8)	(30, 88, 5)	(88, 27, 7)	nan
(39, 30, 8)	(30, 88, 5)	(88, 27, 7)	nan
(39, 30, 8)	(30, 88, 5)	(88, 27, 5)	nan
(39, 30, 8)	(30, 88, 5)	(88, 27, 3)	nan
(39, 30, 8)	(30, 34, 8)	(34, 27, 7)	nan
(39, 30, 8)	(30, 34, 8)	(34, 27, 7)	nan
(39, 30, 8)	(30, 85, 0)	(85, 27, 7)	nan
(39, 30, 8)	(30, 85, 0)	(85, 27, 7)	nan
(39, 30, 8)	(30, 85, 0)	(85, 27, 2)	nan
(39, 30, 8)	(30, 85, 0)	(85, 27, 2)	nan
(39, 30, 8)	(30, 27, 7)	nan
(39, 30, 8)	(30, 60, 7)	(60, 27, 3)	nan
(39, 30, 8)	(30, 60, 0)	(60, 27, 3)	nan
(39, 30, 8)	(30, 88, 5)	(88, 27, 7)	nan
(39, 30, 8)	(30, 88, 5)	(88, 27, 7)	nan
(39, 30, 8)	(30, 88, 5)	(88, 27, 5)	nan
(39, 30, 8)	(30, 88, 5)	(88, 27, 3)	nan
(39, 30, 8)	(30, 34, 8)	(34, 27, 7)	nan
(39, 30, 8)	(30, 34, 8)	(34, 27, 7)	nan
(39, 30, 8)	(30, 85, 0)	(85, 27, 7)	nan
(39, 30, 8)	(30, 85, 0)	(85, 27, 7)	nan
(39, 30, 8)	(30, 85, 0)	(85, 27, 2)	nan
(39, 30, 8)	(30, 85, 0)	(85, 27, 2)	nan
(39, 30, 4)	(30, 27, 7)	nan
(39, 30, 4)	(30, 60, 7)	(60, 27, 3)	nan
(39, 30, 4)	(30, 60, 0)	(60, 27, 3)	nan
(39, 30, 4)	(30, 88, 5)	(88, 27, 7)	nan
(39, 30, 4)	(30, 88, 5)	(88, 27, 7)	nan
(39, 30, 4)	(30, 88, 5)	(88, 27, 5)	nan
(39, 30, 4)	(30, 88, 5)	(88, 27, 3)	nan
(39, 30, 4)	(30, 34, 8)	(34, 27, 7)	nan
(39, 30, 4)	(30, 34, 8)	(34, 27, 7)	nan
(39, 30, 4)	(30, 85, 0)	(85, 27, 7)	nan
(39, 30, 4)	(30, 85, 0)	(85, 27, 7)	nan
(39, 30, 4)	(30, 85, 0)	(85, 27, 2)	nan
(39, 30, 4)	(30, 85, 0)	(85, 27, 2)	nan
(39, 87, 7)	(87, 27, 7)	nan
(39, 87, 7)	(87, 27, 7)	nan
(39, 87, 7)	(87, 27, 3)	nan
(39, 87, 7)	(87, 27, 5)	nan
(39, 87, 7)	(87, 34, 8)	(34, 27, 7)	nan
(39, 87, 7)	(87, 34, 8)	(34, 27, 7)	nan
(39, 87, 7)	(87, 34, 7)	(34, 27, 7)	nan
(39, 87, 7)	(87, 34, 7)	(34, 27, 7)	nan
(39, 87, 7)	(87, 44, 5)	(44, 27, 7)	nan
