(39, 25, 8)	nan
(39, 25, 2)	nan
(39, 30, 8)	(30, 25, 7)	nan
(39, 30, 8)	(30, 25, 2)	nan
(39, 30, 8)	(30, 72, 4)	(72, 25, 7)	nan
(39, 30, 8)	(30, 72, 4)	(72, 25, 7)	nan
(39, 30, 8)	(30, 72, 4)	(72, 25, 4)	nan
(39, 30, 8)	(30, 75, 7)	(75, 25, 7)	nan
(39, 30, 8)	(30, 85, 0)	(85, 25, 7)	nan
(39, 30, 8)	(30, 85, 0)	(85, 25, 7)	nan
(39, 30, 8)	(30, 85, 0)	(85, 25, 7)	nan
(39, 30, 8)	(30, 85, 0)	(85, 25, 7)	nan
(39, 30, 8)	(30, 85, 0)	(85, 25, 7)	nan
(39, 30, 8)	(30, 85, 0)	(85, 25, 7)	nan
(39, 30, 8)	(30, 85, 0)	(85, 25, 7)	nan
(39, 30, 8)	(30, 85, 0)	(85, 25, 7)	nan
(39, 30, 8)	(30, 85, 0)	(85, 25, 7)	nan
(39, 30, 8)	(30, 85, 0)	(85, 25, 7)	nan
(39, 30, 8)	(30, 25, 7)	nan
(39, 30, 8)	(30, 25, 2)	nan
(39, 30, 8)	(30, 72, 4)	(72, 25, 7)	nan
(39, 30, 8)	(30, 72, 4)	(72, 25, 7)	nan
(39, 30, 8)	(30, 72, 4)	(72, 25, 4)	nan
(39, 30, 8)	(30, 75, 7)	(75, 25, 7)	nan
(39, 30, 8)	(30, 85, 0)	(85, 25, 7)	nan
(39, 30, 8)	(30, 85, 0)	(85, 25, 7)	nan
(39, 30, 8)	(30, 85, 0)	(85, 25, 7)	nan
(39, 30, 8)	(30, 85, 0)	(85, 25, 7)	nan
(39, 30, 8)	(30, 85, 0)	(85, 25, 7)	nan
(39, 30, 8)	(30, 85, 0)	(85, 25, 7)	nan
(39, 30, 8)	(30, 85, 0)	(85, 25, 7)	nan
(39, 30, 8)	(30, 85, 0)	(85, 25, 7)	nan
(39, 30, 8)	(30, 85, 0)	(85, 25, 7)	nan
(39, 30, 8)	(30, 85, 0)	(85, 25, 7)	nan
(39, 30, 4)	(30, 25, 7)	nan
(39, 30, 4)	(30, 25, 2)	nan
(39, 30, 4)	(30, 72, 4)	(72, 25, 7)	nan
(39, 30, 4)	(30, 72, 4)	(72, 25, 7)	nan
(39, 30, 4)	(30, 72, 4)	(72, 25, 4)	nan
(39, 30, 4)	(30, 75, 7)	(75, 25, 7)	nan
(39, 30, 4)	(30, 85, 0)	(85, 25, 7)	nan
(39, 30, 4)	(30, 85, 0)	(85, 25, 7)	nan
(39, 30, 4)	(30, 85, 0)	(85, 25, 7)	nan
(39, 30, 4)	(30, 85, 0)	(85, 25, 7)	nan
(39, 30, 4)	(30, 85, 0)	(85, 25, 7)	nan
(39, 30, 4)	(30, 85, 0)	(85, 25, 7)	nan
(39, 30, 4)	(30, 85, 0)	(85, 25, 7)	nan
(39, 30, 4)	(30, 85, 0)	(85, 25, 7)	nan
(39, 30, 4)	(30, 85, 0)	(85, 25, 7)	nan
