(39, 30, 8)	(30, 72, 4)	(72, 20, 5)	nan
(39, 30, 8)	(30, 72, 4)	(72, 20, 5)	nan
(39, 30, 8)	(30, 60, 7)	(60, 20, 5)	nan
(39, 30, 8)	(30, 60, 0)	(60, 20, 5)	nan
(39, 30, 8)	(30, 75, 7)	(75, 20, 5)	nan
(39, 30, 8)	(30, 75, 7)	(75, 20, 7)	nan
(39, 30, 8)	(30, 34, 8)	(34, 20, 5)	nan
(39, 30, 8)	(30, 34, 8)	(34, 20, 7)	nan
(39, 30, 8)	(30, 85, 0)	(85, 20, 5)	nan
(39, 30, 8)	(30, 72, 4)	(72, 20, 5)	nan
(39, 30, 8)	(30, 72, 4)	(72, 20, 5)	nan
(39, 30, 8)	(30, 60, 7)	(60, 20, 5)	nan
(39, 30, 8)	(30, 60, 0)	(60, 20, 5)	nan
(39, 30, 8)	(30, 75, 7)	(75, 20, 5)	nan
(39, 30, 8)	(30, 75, 7)	(75, 20, 7)	nan
(39, 30, 8)	(30, 34, 8)	(34, 20, 5)	nan
(39, 30, 8)	(30, 34, 8)	(34, 20, 7)	nan
(39, 30, 8)	(30, 85, 0)	(85, 20, 5)	nan
(39, 30, 4)	(30, 72, 4)	(72, 20, 5)	nan
(39, 30, 4)	(30, 72, 4)	(72, 20, 5)	nan
(39, 30, 4)	(30, 60, 7)	(60, 20, 5)	nan
(39, 30, 4)	(30, 60, 0)	(60, 20, 5)	nan
(39, 30, 4)	(30, 75, 7)	(75, 20, 5)	nan
(39, 30, 4)	(30, 75, 7)	(75, 20, 7)	nan
(39, 30, 4)	(30, 34, 8)	(34, 20, 5)	nan
(39, 30, 4)	(30, 34, 8)	(34, 20, 7)	nan
(39, 30, 4)	(30, 85, 0)	(85, 20, 5)	nan
(39, 20, 5)	nan
(39, 87, 7)	(87, 20, 5)	nan
(39, 87, 7)	(87, 20, 5)	nan
(39, 87, 7)	(87, 20, 8)	nan
(39, 87, 7)	(87, 34, 8)	(34, 20, 5)	nan
(39, 87, 7)	(87, 34, 8)	(34, 20, 7)	nan
(39, 87, 7)	(87, 34, 7)	(34, 20, 5)	nan
(39, 87, 7)	(87, 34, 7)	(34, 20, 7)	nan
(39, 87, 7)	(87, 44, 5)	(44, 20, 5)	nan
(39, 87, 7)	(87, 44, 5)	(44, 20, 0)	nan
(39, 87, 7)	(87, 59, 4)	(59, 20, 5)	nan
(39, 87, 7)	(87, 59, 4)	(59, 20, 5)	nan
(39, 87, 7)	(87, 59, 4)	(59, 20, 5)	nan
(39, 87, 7)	(87, 59, 4)	(59, 20, 5)	nan
(39, 87, 7)	(87, 51, 7)	(51, 20, 5)	nan
(39, 87, 7)	(87, 51, 7)	(51, 20, 0)	nan
(39, 87, 7)	(87, 35, 8)	(35, 20, 5)	nan
(39, 87, 7)	(87, 35, 8)	(35, 20, 7)	nan
(39, 82, 5)	(82, 20, 5)	nan
(39, 82, 5)	(82, 20, 5)	nan
(39, 82, 5)	(82, 20, 7)	nan
(39, 82, 5)	(82, 20, 4)	nan
(39, 82, 5)	(82, 43, 4)	(43, 20, 5)	nan
(39, 82, 5)	(82, 43, 4)	(43, 20, 0)	nan
