(39, 30, 8)	(30, 21, 5)	nan
(39, 30, 8)	(30, 21, 3)	nan
(39, 30, 8)	(30, 72, 4)	(72, 21, 5)	nan
(39, 30, 8)	(30, 60, 7)	(60, 21, 5)	nan
(39, 30, 8)	(30, 60, 0)	(60, 21, 5)	nan
(39, 30, 8)	(30, 75, 7)	(75, 21, 5)	nan
(39, 30, 8)	(30, 75, 7)	(75, 21, 5)	nan
(39, 30, 8)	(30, 75, 7)	(75, 21, 0)	nan
(39, 30, 8)	(30, 75, 7)	(75, 21, 4)	nan
(39, 30, 8)	(30, 34, 8)	(34, 21, 5)	nan
(39, 30, 8)	(30, 85, 0)	(85, 21, 5)	nan
(39, 30, 8)	(30, 85, 0)	(85, 21, 5)	nan
(39, 30, 8)	(30, 85, 0)	(85, 21, 5)	nan
(39, 30, 8)	(30, 85, 0)	(85, 21, 5)	nan
(39, 30, 8)	(30, 85, 0)	(85, 21, 5)	nan
(39, 30, 8)	(30, 85, 0)	(85, 21, 5)	nan
(39, 30, 8)	(30, 85, 0)	(85, 21, 5)	nan
(39, 30, 8)	(30, 85, 0)	(85, 21, 5)	nan
(39, 30, 8)	(30, 21, 5)	nan
(39, 30, 8)	(30, 21, 3)	nan
(39, 30, 8)	(30, 72, 4)	(72, 21, 5)	nan
(39, 30, 8)	(30, 60, 7)	(60, 21, 5)	nan
(39, 30, 8)	(30, 60, 0)	(60, 21, 5)	nan
(39, 30, 8)	(30, 75, 7)	(75, 21, 5)	nan
(39, 30, 8)	(30, 75, 7)	(75, 21, 5)	nan
(39, 30, 8)	(30, 75, 7)	(75, 21, 0)	nan
(39, 30, 8)	(30, 75, 7)	(75, 21, 4)	nan
(39, 30, 8)	(30, 34, 8)	(34, 21, 5)	nan
(39, 30, 8)	(30, 85, 0)	(85, 21, 5)	nan
(39, 30, 8)	(30, 85, 0)	(85, 21, 5)	nan
(39, 30, 8)	(30, 85, 0)	(85, 21, 5)	nan
(39, 30, 8)	(30, 85, 0)	(85, 21, 5)	nan
(39, 30, 8)	(30, 85, 0)	(85, 21, 5)	nan
(39, 30, 8)	(30, 85, 0)	(85, 21, 5)	nan
(39, 30, 8)	(30, 85, 0)	(85, 21, 5)	nan
(39, 30, 8)	(30, 85, 0)	(85, 21, 5)	nan
(39, 30, 4)	(30, 21, 5)	nan
(39, 30, 4)	(30, 21, 3)	nan
(39, 30, 4)	(30, 72, 4)	(72, 21, 5)	nan
(39, 30, 4)	(30, 60, 7)	(60, 21, 5)	nan
(39, 30, 4)	(30, 60, 0)	(60, 21, 5)	nan
(39, 30, 4)	(30, 75, 7)	(75, 21, 5)	nan
(39, 30, 4)	(30, 75, 7)	(75, 21, 5)	nan
(39, 30, 4)	(30, 75, 7)	(75, 21, 0)	nan
(39, 30, 4)	(30, 75, 7)	(75, 21, 4)	nan
(39, 30, 4)	(30, 34, 8)	(34, 21, 5)	nan
(39, 30, 4)	(30, 85, 0)	(85, 21, 5)	nan
(39, 30, 4)	(30, 85, 0)	(85, 21, 5)	nan
(39, 30, 4)	(30, 85, 0)	(85, 21, 5)	nan
(39, 30, 4)	(30, 85, 0)	(85, 21, 5)	nan
