(39, 30, 8)	(30, 72, 4)	(72, 34, 8)	nan
(39, 30, 8)	(30, 72, 4)	(72, 34, 3)	nan
(39, 30, 8)	(30, 60, 7)	(60, 34, 6)	nan
(39, 30, 8)	(30, 60, 0)	(60, 34, 6)	nan
(39, 30, 8)	(30, 75, 7)	(75, 34, 8)	nan
(39, 30, 8)	(30, 34, 8)	nan
(39, 30, 8)	(30, 72, 4)	(72, 34, 8)	nan
(39, 30, 8)	(30, 72, 4)	(72, 34, 3)	nan
(39, 30, 8)	(30, 60, 7)	(60, 34, 6)	nan
(39, 30, 8)	(30, 60, 0)	(60, 34, 6)	nan
(39, 30, 8)	(30, 75, 7)	(75, 34, 8)	nan
(39, 30, 8)	(30, 34, 8)	nan
(39, 30, 4)	(30, 72, 4)	(72, 34, 8)	nan
(39, 30, 4)	(30, 72, 4)	(72, 34, 3)	nan
(39, 30, 4)	(30, 60, 7)	(60, 34, 6)	nan
(39, 30, 4)	(30, 60, 0)	(60, 34, 6)	nan
(39, 30, 4)	(30, 75, 7)	(75, 34, 8)	nan
(39, 30, 4)	(30, 34, 8)	nan
(39, 87, 7)	(87, 34, 8)	nan
(39, 87, 7)	(87, 34, 7)	nan
(39, 82, 5)	(82, 62, 1)	(62, 34, 8)	nan
(39, 71, 1)	(71, 34, 8)	nan
(39, 71, 1)	(71, 34, 8)	nan
(39, 71, 1)	(71, 34, 1)	nan
(39, 71, 1)	(71, 34, 1)	nan
(39, 72, 7)	(72, 34, 8)	nan
(39, 72, 7)	(72, 34, 3)	nan
(39, 72, 7)	(72, 58, 7)	(58, 34, 8)	nan
(39, 86, 1)	(86, 77, 7)	(77, 34, 8)	nan
(39, 86, 1)	(86, 77, 7)	(77, 34, 2)	nan
(39, 86, 1)	(86, 73, 3)	(73, 34, 0)	nan
(39, 86, 1)	(86, 53, 7)	(53, 34, 3)	nan
(39, 86, 1)	(86, 61, 5)	(61, 34, 8)	nan
(39, 36, 8)	(36, 62, 5)	(62, 34, 8)	nan
(39, 36, 8)	(36, 58, 7)	(58, 34, 8)	nan
(39, 29, 7)	(29, 50, 5)	(50, 34, 8)	nan
(39, 29, 7)	(29, 61, 7)	(61, 34, 8)	nan
(39, 64, 0)	(64, 30, 8)	(30, 34, 8)	nan
(39, 64, 0)	(64, 30, 5)	(30, 34, 8)	nan
(39, 64, 0)	(64, 60, 3)	(60, 34, 6)	nan
(39, 62, 8)	(62, 34, 8)	nan
(39, 50, 5)	(50, 30, 8)	(30, 34, 8)	nan
(39, 50, 5)	(50, 61, 5)	(61, 34, 8)	nan
(39, 50, 5)	(50, 34, 8)	nan
(39, 90, 0)	(90, 71, 0)	(71, 34, 8)	nan
(39, 90, 0)	(90, 71, 0)	(71, 34, 8)	nan
(39, 90, 0)	(90, 71, 0)	(71, 34, 1)	nan
(39, 90, 0)	(90, 71, 0)	(71, 34, 1)	nan
(39, 90, 0)	(90, 70, 5)	(70, 34, 8)	nan
(39, 90, 0)	(90, 70, 5)	(70, 34, 8)	nan
(39, 90, 0)	(90, 70, 5)	(70, 34, 7)	nan
