(39, 30, 8)	(30, 60, 7)	(60, 32, 8)	nan
(39, 30, 8)	(30, 60, 0)	(60, 32, 8)	nan
(39, 30, 8)	(30, 60, 7)	(60, 32, 8)	nan
(39, 30, 8)	(30, 60, 0)	(60, 32, 8)	nan
(39, 30, 4)	(30, 60, 7)	(60, 32, 8)	nan
(39, 30, 4)	(30, 60, 0)	(60, 32, 8)	nan
(39, 82, 5)	(82, 43, 4)	(43, 32, 8)	nan
(39, 82, 5)	(82, 62, 1)	(62, 32, 8)	nan
(39, 71, 1)	(71, 31, 7)	(31, 32, 0)	nan
(39, 36, 8)	(36, 31, 8)	(31, 32, 0)	nan
(39, 36, 8)	(36, 31, 0)	(31, 32, 0)	nan
(39, 36, 8)	(36, 31, 0)	(31, 32, 0)	nan
(39, 36, 8)	(36, 62, 5)	(62, 32, 8)	nan
(39, 36, 8)	(36, 76, 7)	(76, 32, 8)	nan
(39, 36, 8)	(36, 76, 7)	(76, 32, 8)	nan
(39, 36, 8)	(36, 76, 7)	(76, 32, 0)	nan
(39, 36, 8)	(36, 67, 5)	(67, 32, 8)	nan
(39, 36, 8)	(36, 32, 5)	nan
(39, 29, 7)	(29, 50, 5)	(50, 32, 8)	nan
(39, 29, 7)	(29, 50, 5)	(50, 32, 1)	nan
(39, 29, 7)	(29, 76, 3)	(76, 32, 8)	nan
(39, 29, 7)	(29, 76, 3)	(76, 32, 8)	nan
(39, 29, 7)	(29, 76, 3)	(76, 32, 0)	nan
(39, 64, 0)	(64, 37, 3)	(37, 32, 8)	nan
(39, 64, 0)	(64, 60, 3)	(60, 32, 8)	nan
(39, 64, 0)	(64, 36, 7)	(36, 32, 5)	nan
(39, 64, 0)	(64, 36, 4)	(36, 32, 5)	nan
(39, 62, 8)	(62, 81, 7)	(81, 32, 8)	nan
(39, 62, 8)	(62, 37, 1)	(37, 32, 8)	nan
(39, 62, 8)	(62, 32, 8)	nan
(39, 62, 8)	(62, 31, 7)	(31, 32, 0)	nan
(39, 50, 5)	(50, 32, 8)	nan
(39, 50, 5)	(50, 32, 1)	nan
(39, 50, 5)	(50, 36, 5)	(36, 32, 5)	nan
(39, 50, 5)	(50, 31, 7)	(31, 32, 0)	nan
(39, 50, 5)	(50, 57, 3)	(57, 32, 8)	nan
(39, 50, 5)	(50, 57, 3)	(57, 32, 1)	nan
(39, 55, 1)	(55, 50, 7)	(50, 32, 8)	nan
(39, 55, 1)	(55, 50, 7)	(50, 32, 1)	nan
(39, 55, 1)	(55, 81, 3)	(81, 32, 8)	nan
(39, 55, 1)	(55, 68, 4)	(68, 32, 8)	nan
(39, 55, 1)	(55, 68, 4)	(68, 32, 8)	nan
(39, 55, 1)	(55, 68, 4)	(68, 32, 6)	nan
(39, 68, 0)	(68, 32, 8)	nan
(39, 68, 0)	(68, 32, 8)	nan
(39, 68, 0)	(68, 32, 6)	nan
(39, 68, 0)	(68, 36, 7)	(36, 32, 5)	nan
