(39, 30, 8)	nan
(39, 30, 4)	nan
(39, 87, 7)	(87, 44, 5)	(44, 30, 8)	nan
(39, 87, 7)	(87, 40, 7)	(40, 30, 8)	nan
(39, 87, 7)	(87, 40, 7)	(40, 30, 5)	nan
(39, 87, 7)	(87, 35, 8)	(35, 30, 8)	nan
(39, 82, 5)	(82, 43, 4)	(43, 30, 8)	nan
(39, 71, 1)	(71, 31, 7)	(31, 30, 8)	nan
(39, 72, 7)	(72, 46, 5)	(46, 30, 8)	nan
(39, 86, 1)	(86, 77, 7)	(77, 30, 7)	nan
(39, 86, 1)	(86, 65, 8)	(65, 30, 8)	nan
(39, 36, 8)	(36, 31, 8)	(31, 30, 8)	nan
(39, 36, 8)	(36, 31, 0)	(31, 30, 8)	nan
(39, 36, 8)	(36, 31, 0)	(31, 30, 8)	nan
(39, 36, 8)	(36, 67, 5)	(67, 30, 8)	nan
(39, 36, 8)	(36, 55, 0)	(55, 30, 8)	nan
(39, 89, 0)	(89, 46, 7)	(46, 30, 8)	nan
(39, 89, 0)	(89, 90, 1)	(90, 30, 7)	nan
(39, 29, 7)	(29, 50, 5)	(50, 30, 8)	nan
(39, 29, 7)	(29, 35, 1)	(35, 30, 8)	nan
(39, 64, 0)	(64, 30, 8)	nan
(39, 64, 0)	(64, 30, 5)	nan
(39, 64, 0)	(64, 60, 3)	(60, 30, 8)	nan
(39, 62, 8)	(62, 35, 8)	(35, 30, 8)	nan
(39, 62, 8)	(62, 65, 2)	(65, 30, 8)	nan
(39, 62, 8)	(62, 56, 7)	(56, 30, 8)	nan
(39, 62, 8)	(62, 31, 7)	(31, 30, 8)	nan
(39, 50, 5)	(50, 30, 8)	nan
(39, 50, 5)	(50, 31, 7)	(31, 30, 8)	nan
(39, 90, 0)	(90, 55, 0)	(55, 30, 8)	nan
(39, 90, 0)	(90, 30, 7)	nan
(39, 55, 1)	(55, 35, 8)	(35, 30, 8)	nan
(39, 55, 1)	(55, 35, 8)	(35, 30, 8)	nan
(39, 55, 1)	(55, 35, 3)	(35, 30, 8)	nan
(39, 55, 1)	(55, 35, 5)	(35, 30, 8)	nan
(39, 55, 1)	(55, 64, 7)	(64, 30, 8)	nan
(39, 55, 1)	(55, 64, 7)	(64, 30, 5)	nan
(39, 55, 1)	(55, 30, 8)	nan
(39, 55, 1)	(55, 44, 1)	(44, 30, 8)	nan
(39, 55, 1)	(55, 50, 7)	(50, 30, 8)	nan
(39, 55, 1)	(55, 65, 7)	(65, 30, 8)	nan
