(39, 30, 8)	(30, 3, 0)	nan
(39, 30, 8)	(30, 3, 3)	nan
(39, 30, 8)	(30, 60, 7)	(60, 3, 0)	nan
(39, 30, 8)	(30, 60, 0)	(60, 3, 0)	nan
(39, 30, 8)	(30, 88, 5)	(88, 3, 0)	nan
(39, 30, 8)	(30, 88, 5)	(88, 3, 0)	nan
(39, 30, 8)	(30, 88, 5)	(88, 3, 3)	nan
(39, 30, 8)	(30, 34, 8)	(34, 3, 0)	nan
(39, 30, 8)	(30, 3, 0)	nan
(39, 30, 8)	(30, 3, 3)	nan
(39, 30, 8)	(30, 60, 7)	(60, 3, 0)	nan
(39, 30, 8)	(30, 60, 0)	(60, 3, 0)	nan
(39, 30, 8)	(30, 88, 5)	(88, 3, 0)	nan
(39, 30, 8)	(30, 88, 5)	(88, 3, 0)	nan
(39, 30, 8)	(30, 88, 5)	(88, 3, 3)	nan
(39, 30, 8)	(30, 34, 8)	(34, 3, 0)	nan
(39, 30, 4)	(30, 3, 0)	nan
(39, 30, 4)	(30, 3, 3)	nan
(39, 30, 4)	(30, 60, 7)	(60, 3, 0)	nan
(39, 30, 4)	(30, 60, 0)	(60, 3, 0)	nan
(39, 30, 4)	(30, 88, 5)	(88, 3, 0)	nan
(39, 30, 4)	(30, 88, 5)	(88, 3, 0)	nan
(39, 30, 4)	(30, 88, 5)	(88, 3, 3)	nan
(39, 30, 4)	(30, 34, 8)	(34, 3, 0)	nan
(39, 3, 0)	nan
(39, 87, 7)	(87, 34, 8)	(34, 3, 0)	nan
(39, 87, 7)	(87, 34, 7)	(34, 3, 0)	nan
(39, 87, 7)	(87, 44, 5)	(44, 3, 0)	nan
(39, 87, 7)	(87, 51, 7)	(51, 3, 0)	nan
(39, 87, 7)	(87, 51, 7)	(51, 3, 0)	nan
(39, 87, 7)	(87, 3, 0)	nan
(39, 87, 7)	(87, 35, 8)	(35, 3, 0)	nan
(39, 82, 5)	(82, 3, 0)	nan
(39, 82, 5)	(82, 3, 2)	nan
(39, 82, 5)	(82, 43, 4)	(43, 3, 0)	nan
(39, 71, 1)	(71, 34, 8)	(34, 3, 0)	nan
(39, 71, 1)	(71, 34, 8)	(34, 3, 0)	nan
(39, 71, 1)	(71, 34, 1)	(34, 3, 0)	nan
(39, 71, 1)	(71, 34, 1)	(34, 3, 0)	nan
(39, 71, 1)	(71, 83, 8)	(83, 3, 0)	nan
(39, 71, 1)	(71, 74, 7)	(74, 3, 0)	nan
(39, 71, 1)	(71, 3, 0)	nan
(39, 52, 0)	(52, 29, 8)	(29, 3, 0)	nan
(39, 52, 0)	(52, 3, 1)	nan
(39, 52, 0)	(52, 79, 7)	(79, 3, 0)	nan
(39, 72, 7)	(72, 34, 8)	(34, 3, 0)	nan
(39, 72, 7)	(72, 34, 3)	(34, 3, 0)	nan
(39, 72, 7)	(72, 58, 7)	(58, 3, 0)	nan
(39, 72, 7)	(72, 46, 5)	(46, 3, 0)	nan
(39, 72, 7)	(72, 46, 5)	(46, 3, 6)	nan
(39, 86, 1)	(86, 77, 7)	(77, 3, 0)	nan
