(39, 4, 6)	nan
(39, 4, 4)	nan
(39, 30, 8)	(30, 4, 0)	nan
(39, 30, 8)	(30, 4, 7)	nan
(39, 30, 8)	(30, 75, 7)	(75, 4, 5)	nan
(39, 30, 8)	(30, 75, 7)	(75, 4, 7)	nan
(39, 30, 8)	(30, 88, 5)	(88, 4, 0)	nan
(39, 30, 8)	(30, 4, 0)	nan
(39, 30, 8)	(30, 4, 7)	nan
(39, 30, 8)	(30, 75, 7)	(75, 4, 5)	nan
(39, 30, 8)	(30, 75, 7)	(75, 4, 7)	nan
(39, 30, 8)	(30, 88, 5)	(88, 4, 0)	nan
(39, 30, 4)	(30, 4, 0)	nan
(39, 30, 4)	(30, 4, 7)	nan
(39, 30, 4)	(30, 75, 7)	(75, 4, 5)	nan
(39, 30, 4)	(30, 75, 7)	(75, 4, 7)	nan
(39, 30, 4)	(30, 88, 5)	(88, 4, 0)	nan
(39, 87, 7)	(87, 44, 5)	(44, 4, 0)	nan
(39, 87, 7)	(87, 59, 4)	(59, 4, 0)	nan
(39, 87, 7)	(87, 40, 7)	(40, 4, 0)	nan
(39, 87, 7)	(87, 40, 7)	(40, 4, 7)	nan
(39, 82, 5)	(82, 43, 4)	(43, 4, 0)	nan
(39, 82, 5)	(82, 43, 4)	(43, 4, 5)	nan
(39, 82, 5)	(82, 62, 1)	(62, 4, 0)	nan
(39, 82, 5)	(82, 62, 1)	(62, 4, 0)	nan
(39, 82, 5)	(82, 4, 0)	nan
(39, 71, 1)	(71, 31, 7)	(31, 4, 0)	nan
(39, 71, 1)	(71, 4, 0)	nan
(39, 52, 0)	(52, 33, 1)	(33, 4, 0)	nan
(39, 52, 0)	(52, 29, 8)	(29, 4, 0)	nan
(39, 52, 0)	(52, 45, 3)	(45, 4, 0)	nan
(39, 72, 7)	(72, 46, 5)	(46, 4, 0)	nan
(39, 72, 7)	(72, 46, 5)	(46, 4, 0)	nan
(39, 72, 7)	(72, 46, 5)	(46, 4, 5)	nan
(39, 72, 7)	(72, 46, 5)	(46, 4, 4)	nan
(39, 86, 1)	(86, 33, 8)	(33, 4, 0)	nan
(39, 86, 1)	(86, 33, 8)	(33, 4, 0)	nan
(39, 86, 1)	(86, 33, 3)	(33, 4, 0)	nan
(39, 86, 1)	(86, 77, 7)	(77, 4, 0)	nan
(39, 86, 1)	(86, 73, 3)	(73, 4, 0)	nan
(39, 86, 1)	(86, 61, 5)	(61, 4, 0)	nan
(39, 36, 8)	(36, 31, 8)	(31, 4, 0)	nan
(39, 36, 8)	(36, 31, 0)	(31, 4, 0)	nan
(39, 36, 8)	(36, 31, 0)	(31, 4, 0)	nan
(39, 36, 8)	(36, 62, 5)	(62, 4, 0)	nan
(39, 36, 8)	(36, 62, 5)	(62, 4, 0)	nan
(39, 36, 8)	(36, 4, 0)	nan
(39, 36, 8)	(36, 29, 7)	(29, 4, 0)	nan
(39, 36, 8)	(36, 29, 8)	(29, 4, 0)	nan
