(39, 7, 6)	nan
(39, 30, 8)	(30, 7, 1)	nan
(39, 30, 8)	(30, 7, 4)	nan
(39, 30, 8)	(30, 72, 4)	(72, 7, 1)	nan
(39, 30, 8)	(30, 72, 4)	(72, 7, 8)	nan
(39, 30, 8)	(30, 60, 7)	(60, 7, 1)	nan
(39, 30, 8)	(30, 60, 7)	(60, 7, 6)	nan
(39, 30, 8)	(30, 60, 0)	(60, 7, 1)	nan
(39, 30, 8)	(30, 60, 0)	(60, 7, 6)	nan
(39, 30, 8)	(30, 75, 7)	(75, 7, 1)	nan
(39, 30, 8)	(30, 75, 7)	(75, 7, 5)	nan
(39, 30, 8)	(30, 34, 8)	(34, 7, 1)	nan
(39, 30, 8)	(30, 34, 8)	(34, 7, 3)	nan
(39, 30, 8)	(30, 85, 0)	(85, 7, 1)	nan
(39, 30, 8)	(30, 85, 0)	(85, 7, 6)	nan
(39, 30, 8)	(30, 7, 1)	nan
(39, 30, 8)	(30, 7, 4)	nan
(39, 30, 8)	(30, 72, 4)	(72, 7, 1)	nan
(39, 30, 8)	(30, 72, 4)	(72, 7, 8)	nan
(39, 30, 8)	(30, 60, 7)	(60, 7, 1)	nan
(39, 30, 8)	(30, 60, 7)	(60, 7, 6)	nan
(39, 30, 8)	(30, 60, 0)	(60, 7, 1)	nan
(39, 30, 8)	(30, 60, 0)	(60, 7, 6)	nan
(39, 30, 8)	(30, 75, 7)	(75, 7, 1)	nan
(39, 30, 8)	(30, 75, 7)	(75, 7, 5)	nan
(39, 30, 8)	(30, 34, 8)	(34, 7, 1)	nan
(39, 30, 8)	(30, 34, 8)	(34, 7, 3)	nan
(39, 30, 8)	(30, 85, 0)	(85, 7, 1)	nan
(39, 30, 8)	(30, 85, 0)	(85, 7, 6)	nan
(39, 30, 4)	(30, 7, 1)	nan
(39, 30, 4)	(30, 7, 4)	nan
(39, 30, 4)	(30, 72, 4)	(72, 7, 1)	nan
(39, 30, 4)	(30, 72, 4)	(72, 7, 8)	nan
(39, 30, 4)	(30, 60, 7)	(60, 7, 1)	nan
(39, 30, 4)	(30, 60, 7)	(60, 7, 6)	nan
(39, 30, 4)	(30, 60, 0)	(60, 7, 1)	nan
(39, 30, 4)	(30, 60, 0)	(60, 7, 6)	nan
(39, 30, 4)	(30, 75, 7)	(75, 7, 1)	nan
(39, 30, 4)	(30, 75, 7)	(75, 7, 5)	nan
(39, 30, 4)	(30, 34, 8)	(34, 7, 1)	nan
(39, 30, 4)	(30, 34, 8)	(34, 7, 3)	nan
(39, 30, 4)	(30, 85, 0)	(85, 7, 1)	nan
(39, 30, 4)	(30, 85, 0)	(85, 7, 6)	nan
(39, 87, 7)	(87, 34, 8)	(34, 7, 1)	nan
(39, 87, 7)	(87, 34, 8)	(34, 7, 3)	nan
(39, 87, 7)	(87, 34, 7)	(34, 7, 1)	nan
(39, 87, 7)	(87, 34, 7)	(34, 7, 3)	nan
(39, 87, 7)	(87, 44, 5)	(44, 7, 1)	nan
(39, 87, 7)	(87, 44, 5)	(44, 7, 5)	nan
