(40, 30, 8)	(30, 0, 0)	nan
(40, 30, 8)	(30, 0, 4)	nan
(40, 30, 8)	(30, 72, 4)	(72, 0, 0)	nan
(40, 30, 8)	(30, 72, 4)	(72, 0, 0)	nan
(40, 30, 8)	(30, 72, 4)	(72, 0, 7)	nan
(40, 30, 8)	(30, 72, 4)	(72, 0, 4)	nan
(40, 30, 8)	(30, 60, 7)	(60, 0, 0)	nan
(40, 30, 8)	(30, 60, 0)	(60, 0, 0)	nan
(40, 30, 8)	(30, 75, 7)	(75, 0, 0)	nan
(40, 30, 8)	(30, 75, 7)	(75, 0, 2)	nan
(40, 30, 8)	(30, 88, 5)	(88, 0, 0)	nan
(40, 30, 8)	(30, 88, 5)	(88, 0, 3)	nan
(40, 30, 8)	(30, 88, 5)	(88, 0, 7)	nan
(40, 30, 8)	(30, 34, 8)	(34, 0, 0)	nan
(40, 30, 8)	(30, 34, 8)	(34, 0, 2)	nan
(40, 30, 8)	(30, 85, 0)	(85, 0, 0)	nan
(40, 30, 8)	(30, 85, 0)	(85, 0, 6)	nan
(40, 30, 5)	(30, 0, 0)	nan
(40, 30, 5)	(30, 0, 4)	nan
(40, 30, 5)	(30, 72, 4)	(72, 0, 0)	nan
(40, 30, 5)	(30, 72, 4)	(72, 0, 0)	nan
(40, 30, 5)	(30, 72, 4)	(72, 0, 7)	nan
(40, 30, 5)	(30, 72, 4)	(72, 0, 4)	nan
(40, 30, 5)	(30, 60, 7)	(60, 0, 0)	nan
(40, 30, 5)	(30, 60, 0)	(60, 0, 0)	nan
(40, 30, 5)	(30, 75, 7)	(75, 0, 0)	nan
(40, 30, 5)	(30, 75, 7)	(75, 0, 2)	nan
(40, 30, 5)	(30, 88, 5)	(88, 0, 0)	nan
(40, 30, 5)	(30, 88, 5)	(88, 0, 3)	nan
(40, 30, 5)	(30, 88, 5)	(88, 0, 7)	nan
(40, 30, 5)	(30, 34, 8)	(34, 0, 0)	nan
(40, 30, 5)	(30, 34, 8)	(34, 0, 2)	nan
(40, 30, 5)	(30, 85, 0)	(85, 0, 0)	nan
(40, 30, 5)	(30, 85, 0)	(85, 0, 6)	nan
(40, 36, 5)	(36, 0, 0)	nan
(40, 36, 5)	(36, 0, 0)	nan
(40, 36, 5)	(36, 0, 4)	nan
(40, 36, 5)	(36, 0, 6)	nan
(40, 36, 5)	(36, 31, 8)	(31, 0, 0)	nan
(40, 36, 5)	(36, 31, 8)	(31, 0, 0)	nan
(40, 36, 5)	(36, 31, 8)	(31, 0, 8)	nan
(40, 36, 5)	(36, 31, 0)	(31, 0, 0)	nan
(40, 36, 5)	(36, 31, 0)	(31, 0, 0)	nan
(40, 36, 5)	(36, 31, 0)	(31, 0, 8)	nan
(40, 36, 5)	(36, 31, 0)	(31, 0, 0)	nan
(40, 36, 5)	(36, 31, 0)	(31, 0, 0)	nan
(40, 36, 5)	(36, 31, 0)	(31, 0, 8)	nan
(40, 36, 5)	(36, 62, 5)	(62, 0, 0)	nan
(40, 36, 5)	(36, 62, 5)	(62, 0, 0)	nan
(40, 36, 5)	(36, 62, 5)	(62, 0, 7)	nan
