(40, 11, 8)	nan
(40, 11, 0)	nan
(40, 30, 8)	(30, 11, 2)	nan
(40, 30, 8)	(30, 72, 4)	(72, 11, 2)	nan
(40, 30, 8)	(30, 60, 7)	(60, 11, 2)	nan
(40, 30, 8)	(30, 60, 0)	(60, 11, 2)	nan
(40, 30, 8)	(30, 75, 7)	(75, 11, 2)	nan
(40, 30, 8)	(30, 75, 7)	(75, 11, 3)	nan
(40, 30, 8)	(30, 88, 5)	(88, 11, 2)	nan
(40, 30, 8)	(30, 88, 5)	(88, 11, 1)	nan
(40, 30, 8)	(30, 34, 8)	(34, 11, 2)	nan
(40, 30, 8)	(30, 34, 8)	(34, 11, 8)	nan
(40, 30, 8)	(30, 85, 0)	(85, 11, 2)	nan
(40, 30, 8)	(30, 85, 0)	(85, 11, 5)	nan
(40, 30, 5)	(30, 11, 2)	nan
(40, 30, 5)	(30, 72, 4)	(72, 11, 2)	nan
(40, 30, 5)	(30, 60, 7)	(60, 11, 2)	nan
(40, 30, 5)	(30, 60, 0)	(60, 11, 2)	nan
(40, 30, 5)	(30, 75, 7)	(75, 11, 2)	nan
(40, 30, 5)	(30, 75, 7)	(75, 11, 3)	nan
(40, 30, 5)	(30, 88, 5)	(88, 11, 2)	nan
(40, 30, 5)	(30, 88, 5)	(88, 11, 1)	nan
(40, 30, 5)	(30, 34, 8)	(34, 11, 2)	nan
(40, 30, 5)	(30, 34, 8)	(34, 11, 8)	nan
(40, 30, 5)	(30, 85, 0)	(85, 11, 2)	nan
(40, 30, 5)	(30, 85, 0)	(85, 11, 5)	nan
(40, 36, 5)	(36, 11, 2)	nan
(40, 36, 5)	(36, 11, 2)	nan
(40, 36, 5)	(36, 11, 8)	nan
(40, 36, 5)	(36, 31, 8)	(31, 11, 2)	nan
(40, 36, 5)	(36, 31, 8)	(31, 11, 5)	nan
(40, 36, 5)	(36, 31, 0)	(31, 11, 2)	nan
(40, 36, 5)	(36, 31, 0)	(31, 11, 5)	nan
(40, 36, 5)	(36, 31, 0)	(31, 11, 2)	nan
(40, 36, 5)	(36, 31, 0)	(31, 11, 5)	nan
(40, 36, 5)	(36, 62, 5)	(62, 11, 2)	nan
(40, 36, 5)	(36, 62, 5)	(62, 11, 2)	nan
(40, 36, 5)	(36, 62, 5)	(62, 11, 5)	nan
(40, 36, 5)	(36, 66, 1)	(66, 11, 2)	nan
(40, 36, 5)	(36, 66, 1)	(66, 11, 2)	nan
(40, 36, 5)	(36, 66, 1)	(66, 11, 2)	nan
(40, 36, 5)	(36, 66, 1)	(66, 11, 2)	nan
(40, 36, 5)	(36, 58, 7)	(58, 11, 2)	nan
(40, 36, 5)	(36, 58, 7)	(58, 11, 5)	nan
(40, 36, 5)	(36, 76, 7)	(76, 11, 2)	nan
(40, 36, 5)	(36, 76, 7)	(76, 11, 7)	nan
(40, 36, 5)	(36, 67, 5)	(67, 11, 2)	nan
(40, 36, 5)	(36, 67, 5)	(67, 11, 7)	nan
(40, 36, 5)	(36, 55, 0)	(55, 11, 2)	nan
(40, 36, 5)	(36, 55, 0)	(55, 11, 5)	nan
