(40, 2, 0)	nan
(40, 30, 8)	(30, 2, 0)	nan
(40, 30, 8)	(30, 60, 7)	(60, 2, 0)	nan
(40, 30, 8)	(30, 60, 0)	(60, 2, 0)	nan
(40, 30, 8)	(30, 75, 7)	(75, 2, 0)	nan
(40, 30, 8)	(30, 75, 7)	(75, 2, 5)	nan
(40, 30, 8)	(30, 88, 5)	(88, 2, 0)	nan
(40, 30, 8)	(30, 88, 5)	(88, 2, 6)	nan
(40, 30, 8)	(30, 34, 8)	(34, 2, 0)	nan
(40, 30, 8)	(30, 34, 8)	(34, 2, 0)	nan
(40, 30, 8)	(30, 34, 8)	(34, 2, 0)	nan
(40, 30, 5)	(30, 2, 0)	nan
(40, 30, 5)	(30, 60, 7)	(60, 2, 0)	nan
(40, 30, 5)	(30, 60, 0)	(60, 2, 0)	nan
(40, 30, 5)	(30, 75, 7)	(75, 2, 0)	nan
(40, 30, 5)	(30, 75, 7)	(75, 2, 5)	nan
(40, 30, 5)	(30, 88, 5)	(88, 2, 0)	nan
(40, 30, 5)	(30, 88, 5)	(88, 2, 6)	nan
(40, 30, 5)	(30, 34, 8)	(34, 2, 0)	nan
(40, 30, 5)	(30, 34, 8)	(34, 2, 0)	nan
(40, 30, 5)	(30, 34, 8)	(34, 2, 0)	nan
(40, 36, 5)	(36, 2, 0)	nan
(40, 36, 5)	(36, 2, 0)	nan
(40, 36, 5)	(36, 2, 3)	nan
(40, 36, 5)	(36, 2, 6)	nan
(40, 36, 5)	(36, 31, 8)	(31, 2, 0)	nan
(40, 36, 5)	(36, 31, 8)	(31, 2, 0)	nan
(40, 36, 5)	(36, 31, 8)	(31, 2, 1)	nan
(40, 36, 5)	(36, 31, 8)	(31, 2, 7)	nan
(40, 36, 5)	(36, 31, 0)	(31, 2, 0)	nan
(40, 36, 5)	(36, 31, 0)	(31, 2, 0)	nan
(40, 36, 5)	(36, 31, 0)	(31, 2, 1)	nan
(40, 36, 5)	(36, 31, 0)	(31, 2, 7)	nan
(40, 36, 5)	(36, 31, 0)	(31, 2, 0)	nan
(40, 36, 5)	(36, 31, 0)	(31, 2, 0)	nan
(40, 36, 5)	(36, 31, 0)	(31, 2, 1)	nan
(40, 36, 5)	(36, 31, 0)	(31, 2, 7)	nan
(40, 36, 5)	(36, 62, 5)	(62, 2, 0)	nan
(40, 36, 5)	(36, 58, 7)	(58, 2, 0)	nan
(40, 36, 5)	(36, 76, 7)	(76, 2, 0)	nan
(40, 36, 5)	(36, 76, 7)	(76, 2, 0)	nan
(40, 36, 5)	(36, 67, 5)	(67, 2, 0)	nan
(40, 36, 5)	(36, 55, 0)	(55, 2, 1)	nan
(40, 36, 5)	(36, 29, 7)	(29, 2, 0)	nan
(40, 36, 5)	(36, 29, 7)	(29, 2, 0)	nan
(40, 36, 5)	(36, 29, 7)	(29, 2, 8)	nan
(40, 36, 5)	(36, 29, 7)	(29, 2, 7)	nan
(40, 36, 5)	(36, 29, 8)	(29, 2, 0)	nan
(40, 36, 5)	(36, 29, 8)	(29, 2, 0)	nan
(40, 36, 5)	(36, 29, 8)	(29, 2, 8)	nan
(40, 36, 5)	(36, 29, 8)	(29, 2, 7)	nan
