(40, 30, 8)	(30, 22, 5)	nan
(40, 30, 8)	(30, 22, 7)	nan
(40, 30, 8)	(30, 72, 4)	(72, 22, 7)	nan
(40, 30, 8)	(30, 72, 4)	(72, 22, 5)	nan
(40, 30, 8)	(30, 72, 4)	(72, 22, 5)	nan
(40, 30, 8)	(30, 75, 7)	(75, 22, 5)	nan
(40, 30, 8)	(30, 75, 7)	(75, 22, 5)	nan
(40, 30, 5)	(30, 22, 5)	nan
(40, 30, 5)	(30, 22, 7)	nan
(40, 30, 5)	(30, 72, 4)	(72, 22, 7)	nan
(40, 30, 5)	(30, 72, 4)	(72, 22, 5)	nan
(40, 30, 5)	(30, 72, 4)	(72, 22, 5)	nan
(40, 30, 5)	(30, 75, 7)	(75, 22, 5)	nan
(40, 30, 5)	(30, 75, 7)	(75, 22, 5)	nan
(40, 36, 5)	(36, 31, 8)	(31, 22, 5)	nan
(40, 36, 5)	(36, 31, 8)	(31, 22, 8)	nan
(40, 36, 5)	(36, 31, 0)	(31, 22, 5)	nan
(40, 36, 5)	(36, 31, 0)	(31, 22, 8)	nan
(40, 36, 5)	(36, 31, 0)	(31, 22, 5)	nan
(40, 36, 5)	(36, 31, 0)	(31, 22, 8)	nan
(40, 36, 5)	(36, 22, 5)	nan
(40, 36, 5)	(36, 22, 5)	nan
(40, 36, 5)	(36, 22, 0)	nan
(40, 36, 5)	(36, 22, 2)	nan
(40, 36, 5)	(36, 58, 7)	(58, 22, 5)	nan
(40, 36, 5)	(36, 76, 7)	(76, 22, 5)	nan
(40, 36, 5)	(36, 67, 5)	(67, 22, 5)	nan
(40, 36, 5)	(36, 55, 0)	(55, 22, 5)	nan
(40, 36, 5)	(36, 29, 7)	(29, 22, 5)	nan
(40, 36, 5)	(36, 29, 7)	(29, 22, 5)	nan
(40, 36, 5)	(36, 29, 7)	(29, 22, 5)	nan
(40, 36, 5)	(36, 29, 7)	(29, 22, 5)	nan
(40, 36, 5)	(36, 29, 8)	(29, 22, 5)	nan
(40, 36, 5)	(36, 29, 8)	(29, 22, 5)	nan
(40, 36, 5)	(36, 29, 8)	(29, 22, 5)	nan
(40, 36, 5)	(36, 29, 8)	(29, 22, 5)	nan
(40, 36, 5)	(36, 32, 5)	(32, 22, 5)	nan
(40, 36, 5)	(36, 32, 5)	(32, 22, 5)	nan
(40, 36, 5)	(36, 32, 5)	(32, 22, 6)	nan
(40, 78, 0)	(78, 35, 8)	(35, 22, 5)	nan
(40, 78, 0)	(78, 35, 8)	(35, 22, 5)	nan
(40, 78, 0)	(78, 35, 8)	(35, 22, 3)	nan
(40, 78, 0)	(78, 45, 8)	(45, 22, 5)	nan
(40, 78, 0)	(78, 45, 8)	(45, 22, 5)	nan
(40, 78, 0)	(78, 45, 8)	(45, 22, 7)	nan
(40, 84, 7)	(84, 30, 8)	(30, 22, 5)	nan
(40, 84, 7)	(84, 30, 8)	(30, 22, 7)	nan
(40, 84, 7)	(84, 30, 6)	(30, 22, 5)	nan
(40, 84, 7)	(84, 30, 6)	(30, 22, 7)	nan
