(40, 30, 5)	nan
(40, 36, 5)	(36, 31, 8)	(31, 30, 8)	nan
(40, 36, 5)	(36, 31, 0)	(31, 30, 8)	nan
(40, 36, 5)	(36, 31, 0)	(31, 30, 8)	nan
(40, 36, 5)	(36, 67, 5)	(67, 30, 8)	nan
(40, 36, 5)	(36, 55, 0)	(55, 30, 8)	nan
(40, 78, 0)	(78, 35, 8)	(35, 30, 8)	nan
(40, 84, 7)	(84, 30, 8)	nan
(40, 84, 7)	(84, 30, 6)	nan
(40, 84, 7)	(84, 35, 8)	(35, 30, 8)	nan
(40, 84, 7)	(84, 35, 8)	(35, 30, 8)	nan
(40, 84, 7)	(84, 31, 8)	(31, 30, 8)	nan
(40, 84, 7)	(84, 67, 7)	(67, 30, 8)	nan
(40, 33, 1)	(33, 50, 3)	(50, 30, 8)	nan
(40, 33, 1)	(33, 41, 1)	(41, 30, 8)	nan
(40, 33, 1)	(33, 41, 1)	(41, 30, 1)	nan
(40, 33, 1)	(33, 84, 0)	(84, 30, 8)	nan
(40, 33, 1)	(33, 84, 0)	(84, 30, 6)	nan
(40, 65, 7)	(65, 35, 1)	(35, 30, 8)	nan
(40, 65, 7)	(65, 41, 0)	(41, 30, 8)	nan
(40, 65, 7)	(65, 41, 0)	(41, 30, 1)	nan
(40, 65, 7)	(65, 41, 5)	(41, 30, 8)	nan
(40, 65, 7)	(65, 41, 5)	(41, 30, 1)	nan
(40, 65, 7)	(65, 30, 8)	nan
(40, 65, 7)	(65, 60, 1)	(60, 30, 8)	nan
(40, 90, 8)	(90, 55, 0)	(55, 30, 8)	nan
(40, 90, 8)	(90, 30, 7)	nan
