(40, 4, 7)	nan
(40, 30, 8)	(30, 4, 0)	nan
(40, 30, 8)	(30, 4, 7)	nan
(40, 30, 8)	(30, 75, 7)	(75, 4, 5)	nan
(40, 30, 8)	(30, 75, 7)	(75, 4, 7)	nan
(40, 30, 8)	(30, 88, 5)	(88, 4, 0)	nan
(40, 30, 5)	(30, 4, 0)	nan
(40, 30, 5)	(30, 4, 7)	nan
(40, 30, 5)	(30, 75, 7)	(75, 4, 5)	nan
(40, 30, 5)	(30, 75, 7)	(75, 4, 7)	nan
(40, 30, 5)	(30, 88, 5)	(88, 4, 0)	nan
(40, 36, 5)	(36, 31, 8)	(31, 4, 0)	nan
(40, 36, 5)	(36, 31, 0)	(31, 4, 0)	nan
(40, 36, 5)	(36, 31, 0)	(31, 4, 0)	nan
(40, 36, 5)	(36, 62, 5)	(62, 4, 0)	nan
(40, 36, 5)	(36, 62, 5)	(62, 4, 0)	nan
(40, 36, 5)	(36, 4, 0)	nan
(40, 36, 5)	(36, 29, 7)	(29, 4, 0)	nan
(40, 36, 5)	(36, 29, 8)	(29, 4, 0)	nan
(40, 78, 0)	(78, 33, 8)	(33, 4, 0)	nan
(40, 78, 0)	(78, 33, 3)	(33, 4, 0)	nan
(40, 78, 0)	(78, 45, 8)	(45, 4, 0)	nan
(40, 84, 7)	(84, 33, 8)	(33, 4, 0)	nan
(40, 84, 7)	(84, 33, 3)	(33, 4, 0)	nan
(40, 84, 7)	(84, 30, 8)	(30, 4, 0)	nan
(40, 84, 7)	(84, 30, 8)	(30, 4, 7)	nan
(40, 84, 7)	(84, 30, 6)	(30, 4, 0)	nan
(40, 84, 7)	(84, 30, 6)	(30, 4, 7)	nan
(40, 84, 7)	(84, 31, 8)	(31, 4, 0)	nan
(40, 84, 7)	(84, 91, 7)	(91, 4, 5)	nan
(40, 33, 1)	(33, 4, 0)	nan
(40, 33, 1)	(33, 41, 1)	(41, 4, 0)	nan
(40, 33, 1)	(33, 41, 1)	(41, 4, 0)	nan
(40, 33, 1)	(33, 41, 1)	(41, 4, 2)	nan
(40, 33, 1)	(33, 29, 2)	(29, 4, 0)	nan
(40, 65, 7)	(65, 71, 1)	(71, 4, 0)	nan
(40, 65, 7)	(65, 33, 7)	(33, 4, 0)	nan
(40, 65, 7)	(65, 33, 7)	(33, 4, 0)	nan
(40, 65, 7)	(65, 41, 0)	(41, 4, 0)	nan
(40, 65, 7)	(65, 41, 0)	(41, 4, 0)	nan
(40, 65, 7)	(65, 41, 0)	(41, 4, 2)	nan
(40, 65, 7)	(65, 41, 5)	(41, 4, 0)	nan
(40, 65, 7)	(65, 41, 5)	(41, 4, 0)	nan
(40, 65, 7)	(65, 41, 5)	(41, 4, 2)	nan
(40, 65, 7)	(65, 30, 8)	(30, 4, 0)	nan
(40, 65, 7)	(65, 30, 8)	(30, 4, 7)	nan
(40, 65, 7)	(65, 80, 7)	(80, 4, 0)	nan
(40, 90, 8)	(90, 4, 0)	nan
(40, 90, 8)	(90, 4, 6)	nan
(40, 90, 8)	(90, 71, 0)	(71, 4, 0)	nan
