(40, 30, 8)	(30, 7, 1)	nan
(40, 30, 8)	(30, 7, 4)	nan
(40, 30, 8)	(30, 72, 4)	(72, 7, 1)	nan
(40, 30, 8)	(30, 72, 4)	(72, 7, 8)	nan
(40, 30, 8)	(30, 60, 7)	(60, 7, 1)	nan
(40, 30, 8)	(30, 60, 7)	(60, 7, 6)	nan
(40, 30, 8)	(30, 60, 0)	(60, 7, 1)	nan
(40, 30, 8)	(30, 60, 0)	(60, 7, 6)	nan
(40, 30, 8)	(30, 75, 7)	(75, 7, 1)	nan
(40, 30, 8)	(30, 75, 7)	(75, 7, 5)	nan
(40, 30, 8)	(30, 34, 8)	(34, 7, 1)	nan
(40, 30, 8)	(30, 34, 8)	(34, 7, 3)	nan
(40, 30, 8)	(30, 85, 0)	(85, 7, 1)	nan
(40, 30, 8)	(30, 85, 0)	(85, 7, 6)	nan
(40, 30, 5)	(30, 7, 1)	nan
(40, 30, 5)	(30, 7, 4)	nan
(40, 30, 5)	(30, 72, 4)	(72, 7, 1)	nan
(40, 30, 5)	(30, 72, 4)	(72, 7, 8)	nan
(40, 30, 5)	(30, 60, 7)	(60, 7, 1)	nan
(40, 30, 5)	(30, 60, 7)	(60, 7, 6)	nan
(40, 30, 5)	(30, 60, 0)	(60, 7, 1)	nan
(40, 30, 5)	(30, 60, 0)	(60, 7, 6)	nan
(40, 30, 5)	(30, 75, 7)	(75, 7, 1)	nan
(40, 30, 5)	(30, 75, 7)	(75, 7, 5)	nan
(40, 30, 5)	(30, 34, 8)	(34, 7, 1)	nan
(40, 30, 5)	(30, 34, 8)	(34, 7, 3)	nan
(40, 30, 5)	(30, 85, 0)	(85, 7, 1)	nan
(40, 30, 5)	(30, 85, 0)	(85, 7, 6)	nan
(40, 36, 5)	(36, 62, 5)	(62, 7, 1)	nan
(40, 36, 5)	(36, 62, 5)	(62, 7, 1)	nan
(40, 36, 5)	(36, 62, 5)	(62, 7, 8)	nan
(40, 36, 5)	(36, 66, 1)	(66, 7, 1)	nan
(40, 36, 5)	(36, 66, 1)	(66, 7, 1)	nan
(40, 36, 5)	(36, 66, 1)	(66, 7, 1)	nan
(40, 36, 5)	(36, 66, 1)	(66, 7, 1)	nan
(40, 36, 5)	(36, 58, 7)	(58, 7, 1)	nan
(40, 36, 5)	(36, 76, 7)	(76, 7, 1)	nan
(40, 36, 5)	(36, 76, 7)	(76, 7, 0)	nan
(40, 36, 5)	(36, 55, 0)	(55, 7, 1)	nan
(40, 36, 5)	(36, 55, 0)	(55, 7, 2)	nan
(40, 36, 5)	(36, 32, 5)	(32, 7, 1)	nan
(40, 36, 5)	(36, 32, 5)	(32, 7, 6)	nan
(40, 78, 0)	(78, 35, 8)	(35, 7, 1)	nan
(40, 78, 0)	(78, 35, 8)	(35, 7, 0)	nan
(40, 78, 0)	(78, 7, 1)	nan
(40, 78, 0)	(78, 7, 1)	nan
(40, 78, 0)	(78, 45, 8)	(45, 7, 1)	nan
(40, 78, 0)	(78, 45, 8)	(45, 7, 1)	nan
(40, 78, 0)	(78, 45, 8)	(45, 7, 3)	nan
(40, 78, 0)	(78, 45, 8)	(45, 7, 4)	nan
