(41, 0, 1)	nan
(41, 0, 3)	nan
(41, 30, 8)	(30, 0, 0)	nan
(41, 30, 8)	(30, 0, 4)	nan
(41, 30, 8)	(30, 72, 4)	(72, 0, 0)	nan
(41, 30, 8)	(30, 72, 4)	(72, 0, 0)	nan
(41, 30, 8)	(30, 72, 4)	(72, 0, 7)	nan
(41, 30, 8)	(30, 72, 4)	(72, 0, 4)	nan
(41, 30, 8)	(30, 60, 7)	(60, 0, 0)	nan
(41, 30, 8)	(30, 60, 0)	(60, 0, 0)	nan
(41, 30, 8)	(30, 75, 7)	(75, 0, 0)	nan
(41, 30, 8)	(30, 75, 7)	(75, 0, 2)	nan
(41, 30, 8)	(30, 88, 5)	(88, 0, 0)	nan
(41, 30, 8)	(30, 88, 5)	(88, 0, 3)	nan
(41, 30, 8)	(30, 88, 5)	(88, 0, 7)	nan
(41, 30, 8)	(30, 34, 8)	(34, 0, 0)	nan
(41, 30, 8)	(30, 34, 8)	(34, 0, 2)	nan
(41, 30, 8)	(30, 85, 0)	(85, 0, 0)	nan
(41, 30, 8)	(30, 85, 0)	(85, 0, 6)	nan
(41, 30, 1)	(30, 0, 0)	nan
(41, 30, 1)	(30, 0, 4)	nan
(41, 30, 1)	(30, 72, 4)	(72, 0, 0)	nan
(41, 30, 1)	(30, 72, 4)	(72, 0, 0)	nan
(41, 30, 1)	(30, 72, 4)	(72, 0, 7)	nan
(41, 30, 1)	(30, 72, 4)	(72, 0, 4)	nan
(41, 30, 1)	(30, 60, 7)	(60, 0, 0)	nan
(41, 30, 1)	(30, 60, 0)	(60, 0, 0)	nan
(41, 30, 1)	(30, 75, 7)	(75, 0, 0)	nan
(41, 30, 1)	(30, 75, 7)	(75, 0, 2)	nan
(41, 30, 1)	(30, 88, 5)	(88, 0, 0)	nan
(41, 30, 1)	(30, 88, 5)	(88, 0, 3)	nan
(41, 30, 1)	(30, 88, 5)	(88, 0, 7)	nan
(41, 30, 1)	(30, 34, 8)	(34, 0, 0)	nan
(41, 30, 1)	(30, 34, 8)	(34, 0, 2)	nan
(41, 30, 1)	(30, 85, 0)	(85, 0, 0)	nan
(41, 30, 1)	(30, 85, 0)	(85, 0, 6)	nan
(41, 38, 7)	(38, 0, 0)	nan
(41, 38, 7)	(38, 0, 7)	nan
(41, 38, 7)	(38, 48, 0)	(48, 0, 0)	nan
(41, 38, 7)	(38, 48, 0)	(48, 0, 6)	nan
(41, 38, 7)	(38, 92, 2)	(92, 0, 0)	nan
(41, 38, 7)	(38, 92, 2)	(92, 0, 0)	nan
(41, 38, 7)	(38, 92, 2)	(92, 0, 1)	nan
(41, 38, 7)	(38, 82, 2)	(82, 0, 0)	nan
(41, 38, 7)	(38, 82, 2)	(82, 0, 0)	nan
(41, 38, 7)	(38, 82, 2)	(82, 0, 0)	nan
(41, 38, 7)	(38, 82, 2)	(82, 0, 0)	nan
(41, 38, 7)	(38, 82, 2)	(82, 0, 0)	nan
(41, 38, 7)	(38, 82, 2)	(82, 0, 0)	nan
