(41, 11, 5)	nan
(41, 30, 8)	(30, 11, 2)	nan
(41, 30, 8)	(30, 72, 4)	(72, 11, 2)	nan
(41, 30, 8)	(30, 60, 7)	(60, 11, 2)	nan
(41, 30, 8)	(30, 60, 0)	(60, 11, 2)	nan
(41, 30, 8)	(30, 75, 7)	(75, 11, 2)	nan
(41, 30, 8)	(30, 75, 7)	(75, 11, 3)	nan
(41, 30, 8)	(30, 88, 5)	(88, 11, 2)	nan
(41, 30, 8)	(30, 88, 5)	(88, 11, 1)	nan
(41, 30, 8)	(30, 34, 8)	(34, 11, 2)	nan
(41, 30, 8)	(30, 34, 8)	(34, 11, 8)	nan
(41, 30, 8)	(30, 85, 0)	(85, 11, 2)	nan
(41, 30, 8)	(30, 85, 0)	(85, 11, 5)	nan
(41, 30, 1)	(30, 11, 2)	nan
(41, 30, 1)	(30, 72, 4)	(72, 11, 2)	nan
(41, 30, 1)	(30, 60, 7)	(60, 11, 2)	nan
(41, 30, 1)	(30, 60, 0)	(60, 11, 2)	nan
(41, 30, 1)	(30, 75, 7)	(75, 11, 2)	nan
(41, 30, 1)	(30, 75, 7)	(75, 11, 3)	nan
(41, 30, 1)	(30, 88, 5)	(88, 11, 2)	nan
(41, 30, 1)	(30, 88, 5)	(88, 11, 1)	nan
(41, 30, 1)	(30, 34, 8)	(34, 11, 2)	nan
(41, 30, 1)	(30, 34, 8)	(34, 11, 8)	nan
(41, 30, 1)	(30, 85, 0)	(85, 11, 2)	nan
(41, 30, 1)	(30, 85, 0)	(85, 11, 5)	nan
(41, 38, 7)	(38, 11, 2)	nan
(41, 38, 7)	(38, 11, 2)	nan
(41, 38, 7)	(38, 11, 7)	nan
(41, 38, 7)	(38, 11, 5)	nan
(41, 38, 7)	(38, 92, 2)	(92, 11, 2)	nan
(41, 38, 7)	(38, 92, 2)	(92, 11, 7)	nan
(41, 32, 7)	(32, 11, 2)	nan
(41, 32, 7)	(32, 29, 3)	(29, 11, 2)	nan
(41, 32, 7)	(32, 29, 3)	(29, 11, 2)	nan
(41, 32, 7)	(32, 29, 3)	(29, 11, 7)	nan
(41, 32, 7)	(32, 86, 7)	(86, 11, 2)	nan
(41, 32, 7)	(32, 86, 7)	(86, 11, 2)	nan
(41, 32, 7)	(32, 86, 7)	(86, 11, 5)	nan
(41, 32, 7)	(32, 86, 7)	(86, 11, 5)	nan
(41, 32, 7)	(32, 61, 1)	(61, 11, 2)	nan
(41, 32, 7)	(32, 61, 1)	(61, 11, 2)	nan
(41, 32, 7)	(32, 61, 1)	(61, 11, 5)	nan
(41, 32, 7)	(32, 76, 7)	(76, 11, 2)	nan
(41, 32, 7)	(32, 76, 7)	(76, 11, 7)	nan
(41, 32, 7)	(32, 51, 1)	(51, 11, 2)	nan
(41, 32, 7)	(32, 40, 5)	(40, 11, 2)	nan
(41, 32, 7)	(32, 40, 5)	(40, 11, 8)	nan
(41, 32, 7)	(32, 40, 5)	(40, 11, 0)	nan
