(41, 30, 8)	(30, 12, 3)	nan
(41, 30, 8)	(30, 34, 8)	(34, 12, 3)	nan
(41, 30, 8)	(30, 85, 0)	(85, 12, 3)	nan
(41, 30, 1)	(30, 12, 3)	nan
(41, 30, 1)	(30, 34, 8)	(34, 12, 3)	nan
(41, 30, 1)	(30, 85, 0)	(85, 12, 3)	nan
(41, 38, 7)	(38, 82, 2)	(82, 12, 3)	nan
(41, 32, 7)	(32, 12, 3)	nan
(41, 32, 7)	(32, 12, 4)	nan
(41, 32, 7)	(32, 29, 3)	(29, 12, 3)	nan
(41, 32, 7)	(32, 29, 3)	(29, 12, 4)	nan
(41, 32, 7)	(32, 86, 7)	(86, 12, 7)	nan
(41, 82, 0)	(82, 43, 4)	(43, 12, 0)	nan
(41, 82, 0)	(82, 12, 3)	nan
(41, 48, 5)	(48, 30, 8)	(30, 12, 3)	nan
(41, 48, 5)	(48, 83, 7)	(83, 12, 3)	nan
(41, 48, 5)	(48, 83, 7)	(83, 12, 3)	nan
(41, 48, 5)	(48, 83, 7)	(83, 12, 1)	nan
(41, 48, 5)	(48, 89, 0)	(89, 12, 0)	nan
(41, 48, 5)	(48, 89, 7)	(89, 12, 0)	nan
(41, 48, 5)	(48, 33, 0)	(33, 12, 3)	nan
(41, 48, 5)	(48, 34, 0)	(34, 12, 3)	nan
(41, 48, 5)	(48, 85, 7)	(85, 12, 3)	nan
(41, 31, 8)	(31, 32, 0)	(32, 12, 3)	nan
(41, 31, 8)	(31, 32, 0)	(32, 12, 4)	nan
(41, 31, 8)	(31, 36, 7)	(36, 12, 3)	nan
(41, 31, 8)	(31, 35, 8)	(35, 12, 3)	nan
(41, 31, 8)	(31, 35, 8)	(35, 12, 3)	nan
(41, 31, 8)	(31, 35, 8)	(35, 12, 4)	nan
(41, 31, 8)	(31, 29, 5)	(29, 12, 3)	nan
(41, 31, 8)	(31, 29, 5)	(29, 12, 4)	nan
(41, 31, 8)	(31, 30, 8)	(30, 12, 3)	nan
(41, 31, 8)	(31, 69, 7)	(69, 12, 3)	nan
(41, 31, 8)	(31, 69, 7)	(69, 12, 3)	nan
(41, 31, 8)	(31, 69, 7)	(69, 12, 6)	nan
(41, 31, 8)	(31, 69, 7)	(69, 12, 0)	nan
(41, 67, 7)	(67, 32, 8)	(32, 12, 3)	nan
(41, 67, 7)	(67, 32, 8)	(32, 12, 4)	nan
(41, 67, 7)	(67, 53, 7)	(53, 12, 3)	nan
(41, 67, 7)	(67, 53, 7)	(53, 12, 6)	nan
(41, 67, 7)	(67, 77, 7)	(77, 12, 3)	nan
(41, 67, 7)	(67, 30, 8)	(30, 12, 3)	nan
(41, 29, 5)	(29, 12, 3)	nan
(41, 29, 5)	(29, 12, 4)	nan
(41, 29, 5)	(29, 35, 1)	(35, 12, 3)	nan
(41, 29, 5)	(29, 35, 1)	(35, 12, 3)	nan
(41, 29, 5)	(29, 35, 1)	(35, 12, 4)	nan
(41, 29, 5)	(29, 86, 1)	(86, 12, 7)	nan
(41, 76, 0)	(76, 32, 8)	(32, 12, 3)	nan
(41, 76, 0)	(76, 32, 8)	(32, 12, 4)	nan
(41, 76, 0)	(76, 32, 8)	(32, 12, 3)	nan
