(41, 20, 5)	nan
(41, 20, 3)	nan
(41, 20, 0)	nan
(41, 30, 8)	(30, 72, 4)	(72, 20, 5)	nan
(41, 30, 8)	(30, 72, 4)	(72, 20, 5)	nan
(41, 30, 8)	(30, 60, 7)	(60, 20, 5)	nan
(41, 30, 8)	(30, 60, 0)	(60, 20, 5)	nan
(41, 30, 8)	(30, 75, 7)	(75, 20, 5)	nan
(41, 30, 8)	(30, 75, 7)	(75, 20, 7)	nan
(41, 30, 8)	(30, 34, 8)	(34, 20, 5)	nan
(41, 30, 8)	(30, 34, 8)	(34, 20, 7)	nan
(41, 30, 8)	(30, 85, 0)	(85, 20, 5)	nan
(41, 30, 1)	(30, 72, 4)	(72, 20, 5)	nan
(41, 30, 1)	(30, 72, 4)	(72, 20, 5)	nan
(41, 30, 1)	(30, 60, 7)	(60, 20, 5)	nan
(41, 30, 1)	(30, 60, 0)	(60, 20, 5)	nan
(41, 30, 1)	(30, 75, 7)	(75, 20, 5)	nan
(41, 30, 1)	(30, 75, 7)	(75, 20, 7)	nan
(41, 30, 1)	(30, 34, 8)	(34, 20, 5)	nan
(41, 30, 1)	(30, 34, 8)	(34, 20, 7)	nan
(41, 30, 1)	(30, 85, 0)	(85, 20, 5)	nan
(41, 38, 7)	(38, 48, 0)	(48, 20, 5)	nan
(41, 38, 7)	(38, 82, 2)	(82, 20, 5)	nan
(41, 38, 7)	(38, 82, 2)	(82, 20, 5)	nan
(41, 38, 7)	(38, 82, 2)	(82, 20, 7)	nan
(41, 38, 7)	(38, 82, 2)	(82, 20, 4)	nan
(41, 38, 7)	(38, 20, 5)	nan
(41, 32, 7)	(32, 29, 3)	(29, 20, 5)	nan
(41, 32, 7)	(32, 29, 3)	(29, 20, 5)	nan
(41, 32, 7)	(32, 29, 3)	(29, 20, 4)	nan
(41, 32, 7)	(32, 86, 7)	(86, 20, 5)	nan
(41, 32, 7)	(32, 86, 7)	(86, 20, 5)	nan
(41, 32, 7)	(32, 76, 7)	(76, 20, 5)	nan
(41, 32, 7)	(32, 51, 1)	(51, 20, 5)	nan
(41, 32, 7)	(32, 51, 1)	(51, 20, 0)	nan
(41, 82, 0)	(82, 20, 5)	nan
(41, 82, 0)	(82, 20, 5)	nan
(41, 82, 0)	(82, 20, 7)	nan
(41, 82, 0)	(82, 20, 4)	nan
(41, 82, 0)	(82, 43, 4)	(43, 20, 5)	nan
(41, 82, 0)	(82, 43, 4)	(43, 20, 0)	nan
(41, 82, 0)	(82, 38, 0)	(38, 20, 5)	nan
(41, 82, 0)	(82, 62, 1)	(62, 20, 5)	nan
(41, 82, 0)	(82, 62, 1)	(62, 20, 1)	nan
(41, 48, 5)	(48, 20, 5)	nan
(41, 48, 5)	(48, 83, 7)	(83, 20, 5)	nan
(41, 48, 5)	(48, 83, 7)	(83, 20, 2)	nan
(41, 48, 5)	(48, 71, 7)	(71, 20, 5)	nan
(41, 48, 5)	(48, 71, 7)	(71, 20, 8)	nan
(41, 48, 5)	(48, 59, 8)	(59, 20, 5)	nan
