(41, 27, 4)	nan
(41, 30, 8)	(30, 27, 7)	nan
(41, 30, 8)	(30, 60, 7)	(60, 27, 3)	nan
(41, 30, 8)	(30, 60, 0)	(60, 27, 3)	nan
(41, 30, 8)	(30, 88, 5)	(88, 27, 7)	nan
(41, 30, 8)	(30, 88, 5)	(88, 27, 7)	nan
(41, 30, 8)	(30, 88, 5)	(88, 27, 5)	nan
(41, 30, 8)	(30, 88, 5)	(88, 27, 3)	nan
(41, 30, 8)	(30, 34, 8)	(34, 27, 7)	nan
(41, 30, 8)	(30, 34, 8)	(34, 27, 7)	nan
(41, 30, 8)	(30, 85, 0)	(85, 27, 7)	nan
(41, 30, 8)	(30, 85, 0)	(85, 27, 7)	nan
(41, 30, 8)	(30, 85, 0)	(85, 27, 2)	nan
(41, 30, 8)	(30, 85, 0)	(85, 27, 2)	nan
(41, 30, 1)	(30, 27, 7)	nan
(41, 30, 1)	(30, 60, 7)	(60, 27, 3)	nan
(41, 30, 1)	(30, 60, 0)	(60, 27, 3)	nan
(41, 30, 1)	(30, 88, 5)	(88, 27, 7)	nan
(41, 30, 1)	(30, 88, 5)	(88, 27, 7)	nan
(41, 30, 1)	(30, 88, 5)	(88, 27, 5)	nan
(41, 30, 1)	(30, 88, 5)	(88, 27, 3)	nan
(41, 30, 1)	(30, 34, 8)	(34, 27, 7)	nan
(41, 30, 1)	(30, 34, 8)	(34, 27, 7)	nan
(41, 30, 1)	(30, 85, 0)	(85, 27, 7)	nan
(41, 30, 1)	(30, 85, 0)	(85, 27, 7)	nan
(41, 30, 1)	(30, 85, 0)	(85, 27, 2)	nan
(41, 30, 1)	(30, 85, 0)	(85, 27, 2)	nan
(41, 38, 7)	(38, 27, 7)	nan
(41, 38, 7)	(38, 27, 7)	nan
(41, 38, 7)	(38, 27, 7)	nan
(41, 38, 7)	(38, 27, 7)	nan
(41, 38, 7)	(38, 27, 7)	nan
(41, 38, 7)	(38, 27, 7)	nan
(41, 38, 7)	(38, 27, 7)	nan
(41, 38, 7)	(38, 27, 7)	nan
(41, 38, 7)	(38, 27, 7)	nan
(41, 38, 7)	(38, 27, 7)	nan
(41, 38, 7)	(38, 27, 7)	nan
(41, 38, 7)	(38, 27, 7)	nan
(41, 38, 7)	(38, 48, 0)	(48, 27, 7)	nan
(41, 38, 7)	(38, 48, 0)	(48, 27, 7)	nan
(41, 38, 7)	(38, 48, 0)	(48, 27, 8)	nan
(41, 38, 7)	(38, 48, 0)	(48, 27, 4)	nan
(41, 38, 7)	(38, 92, 2)	(92, 27, 7)	nan
(41, 32, 7)	(32, 29, 3)	(29, 27, 7)	nan
(41, 32, 7)	(32, 29, 3)	(29, 27, 5)	nan
(41, 32, 7)	(32, 86, 7)	(86, 27, 7)	nan
(41, 32, 7)	(32, 61, 1)	(61, 27, 7)	nan
(41, 32, 7)	(32, 61, 1)	(61, 27, 8)	nan
