(41, 30, 8)	(30, 2, 0)	nan
(41, 30, 8)	(30, 60, 7)	(60, 2, 0)	nan
(41, 30, 8)	(30, 60, 0)	(60, 2, 0)	nan
(41, 30, 8)	(30, 75, 7)	(75, 2, 0)	nan
(41, 30, 8)	(30, 75, 7)	(75, 2, 5)	nan
(41, 30, 8)	(30, 88, 5)	(88, 2, 0)	nan
(41, 30, 8)	(30, 88, 5)	(88, 2, 6)	nan
(41, 30, 8)	(30, 34, 8)	(34, 2, 0)	nan
(41, 30, 8)	(30, 34, 8)	(34, 2, 0)	nan
(41, 30, 8)	(30, 34, 8)	(34, 2, 0)	nan
(41, 30, 1)	(30, 2, 0)	nan
(41, 30, 1)	(30, 60, 7)	(60, 2, 0)	nan
(41, 30, 1)	(30, 60, 0)	(60, 2, 0)	nan
(41, 30, 1)	(30, 75, 7)	(75, 2, 0)	nan
(41, 30, 1)	(30, 75, 7)	(75, 2, 5)	nan
(41, 30, 1)	(30, 88, 5)	(88, 2, 0)	nan
(41, 30, 1)	(30, 88, 5)	(88, 2, 6)	nan
(41, 30, 1)	(30, 34, 8)	(34, 2, 0)	nan
(41, 30, 1)	(30, 34, 8)	(34, 2, 0)	nan
(41, 30, 1)	(30, 34, 8)	(34, 2, 0)	nan
(41, 38, 7)	(38, 48, 0)	(48, 2, 0)	nan
(41, 38, 7)	(38, 48, 0)	(48, 2, 0)	nan
(41, 38, 7)	(38, 48, 0)	(48, 2, 2)	nan
(41, 38, 7)	(38, 82, 2)	(82, 2, 0)	nan
(41, 38, 7)	(38, 82, 2)	(82, 2, 4)	nan
(41, 38, 7)	(38, 2, 0)	nan
(41, 32, 7)	(32, 29, 3)	(29, 2, 0)	nan
(41, 32, 7)	(32, 29, 3)	(29, 2, 0)	nan
(41, 32, 7)	(32, 29, 3)	(29, 2, 8)	nan
(41, 32, 7)	(32, 29, 3)	(29, 2, 7)	nan
(41, 32, 7)	(32, 86, 7)	(86, 2, 0)	nan
(41, 32, 7)	(32, 76, 7)	(76, 2, 0)	nan
(41, 32, 7)	(32, 76, 7)	(76, 2, 0)	nan
(41, 32, 7)	(32, 51, 1)	(51, 2, 7)	nan
(41, 32, 7)	(32, 51, 1)	(51, 2, 0)	nan
(41, 32, 7)	(32, 2, 7)	nan
(41, 32, 7)	(32, 40, 5)	(40, 2, 0)	nan
(41, 82, 0)	(82, 2, 0)	nan
(41, 82, 0)	(82, 2, 4)	nan
(41, 82, 0)	(82, 43, 4)	(43, 2, 0)	nan
(41, 82, 0)	(82, 43, 4)	(43, 2, 8)	nan
(41, 82, 0)	(82, 38, 0)	(38, 2, 0)	nan
(41, 82, 0)	(82, 62, 1)	(62, 2, 0)	nan
(41, 48, 5)	(48, 2, 0)	nan
(41, 48, 5)	(48, 2, 0)	nan
(41, 48, 5)	(48, 2, 2)	nan
(41, 48, 5)	(48, 30, 8)	(30, 2, 0)	nan
(41, 48, 5)	(48, 88, 7)	(88, 2, 0)	nan
(41, 48, 5)	(48, 88, 7)	(88, 2, 6)	nan
(41, 48, 5)	(48, 59, 8)	(59, 2, 7)	nan
