(41, 22, 3)	nan
(41, 22, 4)	nan
(41, 30, 8)	(30, 22, 5)	nan
(41, 30, 8)	(30, 22, 7)	nan
(41, 30, 8)	(30, 72, 4)	(72, 22, 7)	nan
(41, 30, 8)	(30, 72, 4)	(72, 22, 5)	nan
(41, 30, 8)	(30, 72, 4)	(72, 22, 5)	nan
(41, 30, 8)	(30, 75, 7)	(75, 22, 5)	nan
(41, 30, 8)	(30, 75, 7)	(75, 22, 5)	nan
(41, 30, 1)	(30, 22, 5)	nan
(41, 30, 1)	(30, 22, 7)	nan
(41, 30, 1)	(30, 72, 4)	(72, 22, 7)	nan
(41, 30, 1)	(30, 72, 4)	(72, 22, 5)	nan
(41, 30, 1)	(30, 72, 4)	(72, 22, 5)	nan
(41, 30, 1)	(30, 75, 7)	(75, 22, 5)	nan
(41, 30, 1)	(30, 75, 7)	(75, 22, 5)	nan
(41, 38, 7)	(38, 48, 0)	(48, 22, 5)	nan
(41, 38, 7)	(38, 48, 0)	(48, 22, 6)	nan
(41, 38, 7)	(38, 22, 5)	nan
(41, 38, 7)	(38, 82, 2)	(82, 22, 5)	nan
(41, 32, 7)	(32, 22, 5)	nan
(41, 32, 7)	(32, 22, 5)	nan
(41, 32, 7)	(32, 22, 6)	nan
(41, 32, 7)	(32, 29, 3)	(29, 22, 5)	nan
(41, 32, 7)	(32, 29, 3)	(29, 22, 5)	nan
(41, 32, 7)	(32, 29, 3)	(29, 22, 5)	nan
(41, 32, 7)	(32, 29, 3)	(29, 22, 5)	nan
(41, 32, 7)	(32, 86, 7)	(86, 22, 5)	nan
(41, 32, 7)	(32, 61, 1)	(61, 22, 5)	nan
(41, 32, 7)	(32, 61, 1)	(61, 22, 7)	nan
(41, 32, 7)	(32, 76, 7)	(76, 22, 5)	nan
(41, 32, 7)	(32, 40, 5)	(40, 22, 5)	nan
(41, 32, 7)	(32, 40, 5)	(40, 22, 5)	nan
(41, 82, 0)	(82, 43, 4)	(43, 22, 5)	nan
(41, 82, 0)	(82, 38, 0)	(38, 22, 5)	nan
(41, 82, 0)	(82, 22, 5)	nan
(41, 48, 5)	(48, 30, 8)	(30, 22, 5)	nan
(41, 48, 5)	(48, 30, 8)	(30, 22, 7)	nan
(41, 48, 5)	(48, 22, 5)	nan
(41, 48, 5)	(48, 22, 6)	nan
(41, 48, 5)	(48, 83, 7)	(83, 22, 5)	nan
(41, 48, 5)	(48, 83, 7)	(83, 22, 0)	nan
(41, 48, 5)	(48, 71, 7)	(71, 22, 5)	nan
(41, 48, 5)	(48, 71, 7)	(71, 22, 5)	nan
(41, 48, 5)	(48, 38, 5)	(38, 22, 5)	nan
(41, 48, 5)	(48, 67, 5)	(67, 22, 5)	nan
(41, 31, 8)	(31, 22, 5)	nan
(41, 31, 8)	(31, 22, 8)	nan
(41, 31, 8)	(31, 32, 0)	(32, 22, 5)	nan
