(41, 30, 8)	(30, 26, 7)	nan
(41, 30, 8)	(30, 26, 7)	nan
(41, 30, 8)	(30, 26, 4)	nan
(41, 30, 8)	(30, 26, 5)	nan
(41, 30, 8)	(30, 72, 4)	(72, 26, 7)	nan
(41, 30, 8)	(30, 60, 7)	(60, 26, 7)	nan
(41, 30, 8)	(30, 60, 7)	(60, 26, 5)	nan
(41, 30, 8)	(30, 60, 0)	(60, 26, 7)	nan
(41, 30, 8)	(30, 60, 0)	(60, 26, 5)	nan
(41, 30, 8)	(30, 75, 7)	(75, 26, 7)	nan
(41, 30, 8)	(30, 75, 7)	(75, 26, 8)	nan
(41, 30, 8)	(30, 88, 5)	(88, 26, 7)	nan
(41, 30, 8)	(30, 88, 5)	(88, 26, 7)	nan
(41, 30, 8)	(30, 88, 5)	(88, 26, 8)	nan
(41, 30, 8)	(30, 88, 5)	(88, 26, 2)	nan
(41, 30, 8)	(30, 34, 8)	(34, 26, 7)	nan
(41, 30, 8)	(30, 34, 8)	(34, 26, 5)	nan
(41, 30, 8)	(30, 85, 0)	(85, 26, 7)	nan
(41, 30, 8)	(30, 85, 0)	(85, 26, 7)	nan
(41, 30, 8)	(30, 85, 0)	(85, 26, 7)	nan
(41, 30, 8)	(30, 85, 0)	(85, 26, 7)	nan
(41, 30, 1)	(30, 26, 7)	nan
(41, 30, 1)	(30, 26, 7)	nan
(41, 30, 1)	(30, 26, 4)	nan
(41, 30, 1)	(30, 26, 5)	nan
(41, 30, 1)	(30, 72, 4)	(72, 26, 7)	nan
(41, 30, 1)	(30, 60, 7)	(60, 26, 7)	nan
(41, 30, 1)	(30, 60, 7)	(60, 26, 5)	nan
(41, 30, 1)	(30, 60, 0)	(60, 26, 7)	nan
(41, 30, 1)	(30, 60, 0)	(60, 26, 5)	nan
(41, 30, 1)	(30, 75, 7)	(75, 26, 7)	nan
(41, 30, 1)	(30, 75, 7)	(75, 26, 8)	nan
(41, 30, 1)	(30, 88, 5)	(88, 26, 7)	nan
(41, 30, 1)	(30, 88, 5)	(88, 26, 7)	nan
(41, 30, 1)	(30, 88, 5)	(88, 26, 8)	nan
(41, 30, 1)	(30, 88, 5)	(88, 26, 2)	nan
(41, 30, 1)	(30, 34, 8)	(34, 26, 7)	nan
(41, 30, 1)	(30, 34, 8)	(34, 26, 5)	nan
(41, 30, 1)	(30, 85, 0)	(85, 26, 7)	nan
(41, 30, 1)	(30, 85, 0)	(85, 26, 7)	nan
(41, 30, 1)	(30, 85, 0)	(85, 26, 7)	nan
(41, 30, 1)	(30, 85, 0)	(85, 26, 7)	nan
(41, 38, 7)	(38, 26, 7)	nan
(41, 38, 7)	(38, 26, 7)	nan
(41, 38, 7)	(38, 26, 7)	nan
(41, 38, 7)	(38, 26, 7)	nan
(41, 38, 7)	(38, 26, 7)	nan
(41, 38, 7)	(38, 26, 7)	nan
(41, 38, 7)	(38, 26, 7)	nan
(41, 38, 7)	(38, 26, 7)	nan
