(41, 30, 8)	(30, 72, 4)	(72, 28, 7)	nan
(41, 30, 8)	(30, 72, 4)	(72, 28, 6)	nan
(41, 30, 8)	(30, 88, 5)	(88, 28, 7)	nan
(41, 30, 8)	(30, 88, 5)	(88, 28, 3)	nan
(41, 30, 8)	(30, 85, 0)	(85, 28, 7)	nan
(41, 30, 8)	(30, 85, 0)	(85, 28, 2)	nan
(41, 30, 1)	(30, 72, 4)	(72, 28, 7)	nan
(41, 30, 1)	(30, 72, 4)	(72, 28, 6)	nan
(41, 30, 1)	(30, 88, 5)	(88, 28, 7)	nan
(41, 30, 1)	(30, 88, 5)	(88, 28, 3)	nan
(41, 30, 1)	(30, 85, 0)	(85, 28, 7)	nan
(41, 30, 1)	(30, 85, 0)	(85, 28, 2)	nan
(41, 38, 7)	(38, 28, 7)	nan
(41, 38, 7)	(38, 28, 2)	nan
(41, 38, 7)	(38, 48, 0)	(48, 28, 7)	nan
(41, 38, 7)	(38, 48, 0)	(48, 28, 1)	nan
(41, 38, 7)	(38, 92, 2)	(92, 28, 7)	nan
(41, 38, 7)	(38, 92, 2)	(92, 28, 5)	nan
(41, 32, 7)	(32, 28, 7)	nan
(41, 32, 7)	(32, 28, 7)	nan
(41, 32, 7)	(32, 28, 4)	nan
(41, 32, 7)	(32, 28, 3)	nan
(41, 32, 7)	(32, 28, 5)	nan
(41, 32, 7)	(32, 29, 3)	(29, 28, 7)	nan
(41, 32, 7)	(32, 29, 3)	(29, 28, 3)	nan
(41, 32, 7)	(32, 61, 1)	(61, 28, 7)	nan
(41, 32, 7)	(32, 61, 1)	(61, 28, 7)	nan
(41, 32, 7)	(32, 61, 1)	(61, 28, 4)	nan
(41, 32, 7)	(32, 61, 1)	(61, 28, 3)	nan
(41, 32, 7)	(32, 76, 7)	(76, 28, 7)	nan
(41, 32, 7)	(32, 76, 7)	(76, 28, 0)	nan
(41, 32, 7)	(32, 51, 1)	(51, 28, 7)	nan
(41, 32, 7)	(32, 51, 1)	(51, 28, 2)	nan
(41, 32, 7)	(32, 40, 5)	(40, 28, 7)	nan
(41, 32, 7)	(32, 40, 5)	(40, 28, 3)	nan
(41, 82, 0)	(82, 43, 4)	(43, 28, 7)	nan
(41, 82, 0)	(82, 43, 4)	(43, 28, 5)	nan
(41, 82, 0)	(82, 43, 4)	(43, 28, 6)	nan
(41, 82, 0)	(82, 38, 0)	(38, 28, 7)	nan
(41, 82, 0)	(82, 38, 0)	(38, 28, 2)	nan
(41, 48, 5)	(48, 28, 7)	nan
(41, 48, 5)	(48, 28, 1)	nan
(41, 48, 5)	(48, 71, 7)	(71, 28, 7)	nan
(41, 48, 5)	(48, 71, 7)	(71, 28, 7)	nan
(41, 48, 5)	(48, 71, 7)	(71, 28, 4)	nan
(41, 48, 5)	(48, 71, 7)	(71, 28, 1)	nan
(41, 48, 5)	(48, 88, 7)	(88, 28, 7)	nan
(41, 48, 5)	(48, 88, 7)	(88, 28, 3)	nan
(41, 48, 5)	(48, 59, 8)	(59, 28, 7)	nan
(41, 48, 5)	(48, 59, 8)	(59, 28, 5)	nan
(41, 48, 5)	(48, 38, 5)	(38, 28, 7)	nan
