(41, 3, 3)	nan
(41, 30, 8)	(30, 3, 0)	nan
(41, 30, 8)	(30, 3, 3)	nan
(41, 30, 8)	(30, 60, 7)	(60, 3, 0)	nan
(41, 30, 8)	(30, 60, 0)	(60, 3, 0)	nan
(41, 30, 8)	(30, 88, 5)	(88, 3, 0)	nan
(41, 30, 8)	(30, 88, 5)	(88, 3, 0)	nan
(41, 30, 8)	(30, 88, 5)	(88, 3, 3)	nan
(41, 30, 8)	(30, 34, 8)	(34, 3, 0)	nan
(41, 30, 1)	(30, 3, 0)	nan
(41, 30, 1)	(30, 3, 3)	nan
(41, 30, 1)	(30, 60, 7)	(60, 3, 0)	nan
(41, 30, 1)	(30, 60, 0)	(60, 3, 0)	nan
(41, 30, 1)	(30, 88, 5)	(88, 3, 0)	nan
(41, 30, 1)	(30, 88, 5)	(88, 3, 0)	nan
(41, 30, 1)	(30, 88, 5)	(88, 3, 3)	nan
(41, 30, 1)	(30, 34, 8)	(34, 3, 0)	nan
(41, 38, 7)	(38, 48, 0)	(48, 3, 0)	nan
(41, 38, 7)	(38, 48, 0)	(48, 3, 8)	nan
(41, 38, 7)	(38, 82, 2)	(82, 3, 0)	nan
(41, 38, 7)	(38, 82, 2)	(82, 3, 2)	nan
(41, 32, 7)	(32, 29, 3)	(29, 3, 0)	nan
(41, 32, 7)	(32, 3, 0)	nan
(41, 32, 7)	(32, 3, 0)	nan
(41, 32, 7)	(32, 3, 0)	nan
(41, 32, 7)	(32, 61, 1)	(61, 3, 0)	nan
(41, 32, 7)	(32, 61, 1)	(61, 3, 0)	nan
(41, 32, 7)	(32, 76, 7)	(76, 3, 0)	nan
(41, 32, 7)	(32, 51, 1)	(51, 3, 0)	nan
(41, 32, 7)	(32, 51, 1)	(51, 3, 0)	nan
(41, 82, 0)	(82, 3, 0)	nan
(41, 82, 0)	(82, 3, 2)	nan
(41, 82, 0)	(82, 43, 4)	(43, 3, 0)	nan
(41, 48, 5)	(48, 30, 8)	(30, 3, 0)	nan
(41, 48, 5)	(48, 30, 8)	(30, 3, 3)	nan
(41, 48, 5)	(48, 3, 0)	nan
(41, 48, 5)	(48, 3, 8)	nan
(41, 48, 5)	(48, 83, 7)	(83, 3, 0)	nan
(41, 48, 5)	(48, 71, 7)	(71, 3, 0)	nan
(41, 48, 5)	(48, 88, 7)	(88, 3, 0)	nan
(41, 48, 5)	(48, 88, 7)	(88, 3, 0)	nan
(41, 48, 5)	(48, 88, 7)	(88, 3, 3)	nan
(41, 48, 5)	(48, 89, 0)	(89, 3, 0)	nan
(41, 48, 5)	(48, 89, 0)	(89, 3, 7)	nan
(41, 48, 5)	(48, 89, 7)	(89, 3, 0)	nan
(41, 48, 5)	(48, 89, 7)	(89, 3, 7)	nan
(41, 48, 5)	(48, 34, 0)	(34, 3, 0)	nan
(41, 31, 8)	(31, 32, 0)	(32, 3, 0)	nan
(41, 31, 8)	(31, 32, 0)	(32, 3, 0)	nan
