(41, 30, 1)	nan
(41, 38, 7)	(38, 48, 0)	(48, 30, 8)	nan
(41, 32, 7)	(32, 40, 5)	(40, 30, 8)	nan
(41, 32, 7)	(32, 40, 5)	(40, 30, 5)	nan
(41, 82, 0)	(82, 43, 4)	(43, 30, 8)	nan
(41, 48, 5)	(48, 30, 8)	nan
(41, 48, 5)	(48, 67, 5)	(67, 30, 8)	nan
(41, 31, 8)	(31, 35, 8)	(35, 30, 8)	nan
(41, 31, 8)	(31, 30, 8)	nan
(41, 31, 8)	(31, 55, 5)	(55, 30, 8)	nan
(41, 67, 7)	(67, 48, 8)	(48, 30, 8)	nan
(41, 67, 7)	(67, 77, 7)	(77, 30, 7)	nan
(41, 67, 7)	(67, 40, 1)	(40, 30, 8)	nan
(41, 67, 7)	(67, 40, 1)	(40, 30, 5)	nan
(41, 67, 7)	(67, 30, 8)	nan
(41, 29, 5)	(29, 50, 5)	(50, 30, 8)	nan
(41, 29, 5)	(29, 35, 1)	(35, 30, 8)	nan
(41, 76, 0)	(76, 40, 1)	(40, 30, 8)	nan
(41, 76, 0)	(76, 40, 1)	(40, 30, 5)	nan
(41, 76, 0)	(76, 35, 8)	(35, 30, 8)	nan
(41, 76, 0)	(76, 35, 8)	(35, 30, 8)	nan
(41, 45, 0)	(45, 46, 0)	(46, 30, 8)	nan
(41, 34, 8)	(34, 67, 2)	(67, 30, 8)	nan
(41, 34, 8)	(34, 35, 8)	(35, 30, 8)	nan
(41, 35, 8)	(35, 56, 1)	(56, 30, 8)	nan
(41, 35, 8)	(35, 30, 8)	nan
