(41, 30, 8)	(30, 60, 7)	(60, 35, 8)	nan
(41, 30, 8)	(30, 60, 7)	(60, 35, 8)	nan
(41, 30, 8)	(30, 60, 0)	(60, 35, 8)	nan
(41, 30, 8)	(30, 60, 0)	(60, 35, 8)	nan
(41, 30, 8)	(30, 34, 8)	(34, 35, 8)	nan
(41, 30, 8)	(30, 85, 0)	(85, 35, 1)	nan
(41, 30, 1)	(30, 60, 7)	(60, 35, 8)	nan
(41, 30, 1)	(30, 60, 7)	(60, 35, 8)	nan
(41, 30, 1)	(30, 60, 0)	(60, 35, 8)	nan
(41, 30, 1)	(30, 60, 0)	(60, 35, 8)	nan
(41, 30, 1)	(30, 34, 8)	(34, 35, 8)	nan
(41, 30, 1)	(30, 85, 0)	(85, 35, 1)	nan
(41, 32, 7)	(32, 29, 3)	(29, 35, 1)	nan
(41, 32, 7)	(32, 61, 1)	(61, 35, 8)	nan
(41, 32, 7)	(32, 61, 1)	(61, 35, 7)	nan
(41, 32, 7)	(32, 76, 7)	(76, 35, 8)	nan
(41, 32, 7)	(32, 76, 7)	(76, 35, 8)	nan
(41, 82, 0)	(82, 62, 1)	(62, 35, 8)	nan
(41, 48, 5)	(48, 34, 0)	(34, 35, 8)	nan
(41, 48, 5)	(48, 85, 7)	(85, 35, 1)	nan
(41, 31, 8)	(31, 35, 8)	nan
(41, 31, 8)	(31, 29, 5)	(29, 35, 1)	nan
(41, 31, 8)	(31, 55, 5)	(55, 35, 8)	nan
(41, 31, 8)	(31, 55, 5)	(55, 35, 8)	nan
(41, 31, 8)	(31, 55, 5)	(55, 35, 3)	nan
(41, 31, 8)	(31, 55, 5)	(55, 35, 5)	nan
(41, 67, 7)	(67, 77, 7)	(77, 35, 7)	nan
(41, 29, 5)	(29, 35, 1)	nan
(41, 29, 5)	(29, 76, 3)	(76, 35, 8)	nan
(41, 29, 5)	(29, 76, 3)	(76, 35, 8)	nan
(41, 29, 5)	(29, 61, 7)	(61, 35, 8)	nan
(41, 29, 5)	(29, 61, 7)	(61, 35, 7)	nan
(41, 76, 0)	(76, 35, 8)	nan
(41, 76, 0)	(76, 35, 8)	nan
(41, 45, 0)	(45, 76, 7)	(76, 35, 8)	nan
(41, 45, 0)	(45, 76, 7)	(76, 35, 8)	nan
(41, 45, 0)	(45, 61, 1)	(61, 35, 8)	nan
(41, 45, 0)	(45, 61, 1)	(61, 35, 7)	nan
(41, 45, 0)	(45, 62, 1)	(62, 35, 8)	nan
(41, 34, 8)	(34, 35, 8)	nan
(41, 35, 8)	nan
