(41, 4, 2)	nan
(41, 30, 8)	(30, 4, 0)	nan
(41, 30, 8)	(30, 4, 7)	nan
(41, 30, 8)	(30, 75, 7)	(75, 4, 5)	nan
(41, 30, 8)	(30, 75, 7)	(75, 4, 7)	nan
(41, 30, 8)	(30, 88, 5)	(88, 4, 0)	nan
(41, 30, 1)	(30, 4, 0)	nan
(41, 30, 1)	(30, 4, 7)	nan
(41, 30, 1)	(30, 75, 7)	(75, 4, 5)	nan
(41, 30, 1)	(30, 75, 7)	(75, 4, 7)	nan
(41, 30, 1)	(30, 88, 5)	(88, 4, 0)	nan
(41, 38, 7)	(38, 48, 0)	(48, 4, 0)	nan
(41, 38, 7)	(38, 48, 0)	(48, 4, 5)	nan
(41, 38, 7)	(38, 82, 2)	(82, 4, 0)	nan
(41, 32, 7)	(32, 29, 3)	(29, 4, 0)	nan
(41, 32, 7)	(32, 61, 1)	(61, 4, 0)	nan
(41, 32, 7)	(32, 40, 5)	(40, 4, 0)	nan
(41, 32, 7)	(32, 40, 5)	(40, 4, 7)	nan
(41, 82, 0)	(82, 43, 4)	(43, 4, 0)	nan
(41, 82, 0)	(82, 43, 4)	(43, 4, 5)	nan
(41, 82, 0)	(82, 62, 1)	(62, 4, 0)	nan
(41, 82, 0)	(82, 62, 1)	(62, 4, 0)	nan
(41, 82, 0)	(82, 4, 0)	nan
(41, 48, 5)	(48, 4, 0)	nan
(41, 48, 5)	(48, 4, 5)	nan
(41, 48, 5)	(48, 30, 8)	(30, 4, 0)	nan
(41, 48, 5)	(48, 30, 8)	(30, 4, 7)	nan
(41, 48, 5)	(48, 71, 7)	(71, 4, 0)	nan
(41, 48, 5)	(48, 88, 7)	(88, 4, 0)	nan
(41, 48, 5)	(48, 59, 8)	(59, 4, 0)	nan
(41, 48, 5)	(48, 33, 0)	(33, 4, 0)	nan
(41, 31, 8)	(31, 36, 7)	(36, 4, 0)	nan
(41, 31, 8)	(31, 29, 5)	(29, 4, 0)	nan
(41, 31, 8)	(31, 4, 0)	nan
(41, 31, 8)	(31, 30, 8)	(30, 4, 0)	nan
(41, 31, 8)	(31, 30, 8)	(30, 4, 7)	nan
(41, 31, 8)	(31, 69, 7)	(69, 4, 0)	nan
(41, 67, 7)	(67, 48, 8)	(48, 4, 0)	nan
(41, 67, 7)	(67, 48, 8)	(48, 4, 5)	nan
(41, 67, 7)	(67, 88, 5)	(88, 4, 0)	nan
(41, 67, 7)	(67, 77, 7)	(77, 4, 0)	nan
(41, 67, 7)	(67, 40, 1)	(40, 4, 0)	nan
(41, 67, 7)	(67, 40, 1)	(40, 4, 7)	nan
(41, 67, 7)	(67, 30, 8)	(30, 4, 0)	nan
(41, 67, 7)	(67, 30, 8)	(30, 4, 7)	nan
(41, 29, 5)	(29, 88, 0)	(88, 4, 0)	nan
(41, 29, 5)	(29, 61, 7)	(61, 4, 0)	nan
(41, 29, 5)	(29, 4, 0)	nan
(41, 76, 0)	(76, 40, 1)	(40, 4, 0)	nan
