(41, 30, 8)	(30, 72, 4)	(72, 5, 0)	nan
(41, 30, 8)	(30, 75, 7)	(75, 5, 0)	nan
(41, 30, 8)	(30, 34, 8)	(34, 5, 0)	nan
(41, 30, 1)	(30, 72, 4)	(72, 5, 0)	nan
(41, 30, 1)	(30, 75, 7)	(75, 5, 0)	nan
(41, 30, 1)	(30, 34, 8)	(34, 5, 0)	nan
(41, 38, 7)	(38, 48, 0)	(48, 5, 0)	nan
(41, 38, 7)	(38, 5, 0)	nan
(41, 32, 7)	(32, 51, 1)	(51, 5, 0)	nan
(41, 82, 0)	(82, 43, 4)	(43, 5, 0)	nan
(41, 82, 0)	(82, 43, 4)	(43, 5, 0)	nan
(41, 82, 0)	(82, 43, 4)	(43, 5, 4)	nan
(41, 82, 0)	(82, 38, 0)	(38, 5, 0)	nan
(41, 48, 5)	(48, 5, 0)	nan
(41, 48, 5)	(48, 34, 0)	(34, 5, 0)	nan
(41, 48, 5)	(48, 38, 5)	(38, 5, 0)	nan
(41, 31, 8)	(31, 5, 0)	nan
(41, 31, 8)	(31, 69, 7)	(69, 5, 0)	nan
(41, 67, 7)	(67, 48, 8)	(48, 5, 0)	nan
(41, 29, 5)	(29, 50, 5)	(50, 5, 0)	nan
(41, 76, 0)	(76, 37, 8)	(37, 5, 0)	nan
(41, 45, 0)	(45, 5, 0)	nan
(41, 45, 0)	(45, 5, 0)	nan
(41, 45, 0)	(45, 5, 2)	nan
(41, 45, 0)	(45, 5, 4)	nan
(41, 45, 0)	(45, 69, 5)	(69, 5, 0)	nan
(41, 45, 0)	(45, 37, 0)	(37, 5, 0)	nan
(41, 45, 0)	(45, 46, 0)	(46, 5, 0)	nan
(41, 34, 8)	(34, 70, 3)	(70, 5, 8)	nan
(41, 34, 8)	(34, 5, 0)	nan
(41, 35, 8)	(35, 56, 1)	(56, 5, 0)	nan
(41, 35, 8)	(35, 75, 7)	(75, 5, 0)	nan
