(41, 6, 0)	nan
(41, 6, 2)	nan
(41, 30, 8)	(30, 72, 4)	(72, 6, 1)	nan
(41, 30, 8)	(30, 72, 4)	(72, 6, 1)	nan
(41, 30, 8)	(30, 72, 4)	(72, 6, 8)	nan
(41, 30, 8)	(30, 72, 4)	(72, 6, 3)	nan
(41, 30, 8)	(30, 60, 7)	(60, 6, 1)	nan
(41, 30, 8)	(30, 60, 7)	(60, 6, 1)	nan
(41, 30, 8)	(30, 60, 7)	(60, 6, 8)	nan
(41, 30, 8)	(30, 60, 0)	(60, 6, 1)	nan
(41, 30, 8)	(30, 60, 0)	(60, 6, 1)	nan
(41, 30, 8)	(30, 60, 0)	(60, 6, 8)	nan
(41, 30, 8)	(30, 88, 5)	(88, 6, 1)	nan
(41, 30, 8)	(30, 34, 8)	(34, 6, 1)	nan
(41, 30, 8)	(30, 34, 8)	(34, 6, 6)	nan
(41, 30, 8)	(30, 85, 0)	(85, 6, 1)	nan
(41, 30, 8)	(30, 85, 0)	(85, 6, 1)	nan
(41, 30, 8)	(30, 85, 0)	(85, 6, 2)	nan
(41, 30, 8)	(30, 85, 0)	(85, 6, 5)	nan
(41, 30, 1)	(30, 72, 4)	(72, 6, 1)	nan
(41, 30, 1)	(30, 72, 4)	(72, 6, 1)	nan
(41, 30, 1)	(30, 72, 4)	(72, 6, 8)	nan
(41, 30, 1)	(30, 72, 4)	(72, 6, 3)	nan
(41, 30, 1)	(30, 60, 7)	(60, 6, 1)	nan
(41, 30, 1)	(30, 60, 7)	(60, 6, 1)	nan
(41, 30, 1)	(30, 60, 7)	(60, 6, 8)	nan
(41, 30, 1)	(30, 60, 0)	(60, 6, 1)	nan
(41, 30, 1)	(30, 60, 0)	(60, 6, 1)	nan
(41, 30, 1)	(30, 60, 0)	(60, 6, 8)	nan
(41, 30, 1)	(30, 88, 5)	(88, 6, 1)	nan
(41, 30, 1)	(30, 34, 8)	(34, 6, 1)	nan
(41, 30, 1)	(30, 34, 8)	(34, 6, 6)	nan
(41, 30, 1)	(30, 85, 0)	(85, 6, 1)	nan
(41, 30, 1)	(30, 85, 0)	(85, 6, 1)	nan
(41, 30, 1)	(30, 85, 0)	(85, 6, 2)	nan
(41, 30, 1)	(30, 85, 0)	(85, 6, 5)	nan
(41, 38, 7)	(38, 6, 1)	nan
(41, 38, 7)	(38, 6, 1)	nan
(41, 38, 7)	(38, 6, 1)	nan
(41, 38, 7)	(38, 6, 1)	nan
(41, 38, 7)	(38, 6, 1)	nan
(41, 38, 7)	(38, 6, 1)	nan
(41, 38, 7)	(38, 6, 1)	nan
(41, 38, 7)	(38, 6, 1)	nan
(41, 38, 7)	(38, 6, 1)	nan
(41, 38, 7)	(38, 6, 1)	nan
(41, 38, 7)	(38, 92, 2)	(92, 6, 1)	nan
(41, 38, 7)	(38, 92, 2)	(92, 6, 3)	nan
(41, 38, 7)	(38, 82, 2)	(82, 6, 1)	nan
