(41, 7, 3)	nan
(41, 30, 8)	(30, 7, 1)	nan
(41, 30, 8)	(30, 7, 4)	nan
(41, 30, 8)	(30, 72, 4)	(72, 7, 1)	nan
(41, 30, 8)	(30, 72, 4)	(72, 7, 8)	nan
(41, 30, 8)	(30, 60, 7)	(60, 7, 1)	nan
(41, 30, 8)	(30, 60, 7)	(60, 7, 6)	nan
(41, 30, 8)	(30, 60, 0)	(60, 7, 1)	nan
(41, 30, 8)	(30, 60, 0)	(60, 7, 6)	nan
(41, 30, 8)	(30, 75, 7)	(75, 7, 1)	nan
(41, 30, 8)	(30, 75, 7)	(75, 7, 5)	nan
(41, 30, 8)	(30, 34, 8)	(34, 7, 1)	nan
(41, 30, 8)	(30, 34, 8)	(34, 7, 3)	nan
(41, 30, 8)	(30, 85, 0)	(85, 7, 1)	nan
(41, 30, 8)	(30, 85, 0)	(85, 7, 6)	nan
(41, 30, 1)	(30, 7, 1)	nan
(41, 30, 1)	(30, 7, 4)	nan
(41, 30, 1)	(30, 72, 4)	(72, 7, 1)	nan
(41, 30, 1)	(30, 72, 4)	(72, 7, 8)	nan
(41, 30, 1)	(30, 60, 7)	(60, 7, 1)	nan
(41, 30, 1)	(30, 60, 7)	(60, 7, 6)	nan
(41, 30, 1)	(30, 60, 0)	(60, 7, 1)	nan
(41, 30, 1)	(30, 60, 0)	(60, 7, 6)	nan
(41, 30, 1)	(30, 75, 7)	(75, 7, 1)	nan
(41, 30, 1)	(30, 75, 7)	(75, 7, 5)	nan
(41, 30, 1)	(30, 34, 8)	(34, 7, 1)	nan
(41, 30, 1)	(30, 34, 8)	(34, 7, 3)	nan
(41, 30, 1)	(30, 85, 0)	(85, 7, 1)	nan
(41, 30, 1)	(30, 85, 0)	(85, 7, 6)	nan
(41, 38, 7)	(38, 7, 1)	nan
(41, 38, 7)	(38, 7, 1)	nan
(41, 38, 7)	(38, 82, 2)	(82, 7, 1)	nan
(41, 38, 7)	(38, 82, 2)	(82, 7, 1)	nan
(41, 32, 7)	(32, 7, 1)	nan
(41, 32, 7)	(32, 7, 6)	nan
(41, 32, 7)	(32, 86, 7)	(86, 7, 8)	nan
(41, 32, 7)	(32, 76, 7)	(76, 7, 1)	nan
(41, 32, 7)	(32, 76, 7)	(76, 7, 0)	nan
(41, 32, 7)	(32, 40, 5)	(40, 7, 1)	nan
(41, 82, 0)	(82, 38, 0)	(38, 7, 1)	nan
(41, 82, 0)	(82, 38, 0)	(38, 7, 1)	nan
(41, 82, 0)	(82, 62, 1)	(62, 7, 1)	nan
(41, 82, 0)	(82, 62, 1)	(62, 7, 1)	nan
(41, 82, 0)	(82, 62, 1)	(62, 7, 8)	nan
(41, 82, 0)	(82, 7, 1)	nan
(41, 82, 0)	(82, 7, 1)	nan
(41, 48, 5)	(48, 30, 8)	(30, 7, 1)	nan
(41, 48, 5)	(48, 30, 8)	(30, 7, 4)	nan
(41, 48, 5)	(48, 83, 7)	(83, 7, 1)	nan
(41, 48, 5)	(48, 83, 7)	(83, 7, 3)	nan
