(42, 1, 0)	nan
(42, 1, 7)	nan
(42, 64, 7)	(64, 29, 8)	(29, 1, 0)	nan
(42, 64, 7)	(64, 29, 8)	(29, 1, 0)	nan
(42, 64, 7)	(64, 29, 4)	(29, 1, 0)	nan
(42, 64, 7)	(64, 29, 6)	(29, 1, 0)	nan
(42, 64, 7)	(64, 1, 0)	nan
(42, 64, 7)	(64, 1, 5)	nan
(42, 64, 7)	(64, 33, 0)	(33, 1, 0)	nan
(42, 64, 7)	(64, 33, 0)	(33, 1, 0)	nan
(42, 64, 7)	(64, 33, 0)	(33, 1, 3)	nan
(42, 64, 7)	(64, 83, 7)	(83, 1, 0)	nan
(42, 64, 7)	(64, 83, 7)	(83, 1, 0)	nan
(42, 64, 7)	(64, 83, 7)	(83, 1, 1)	nan
(42, 64, 7)	(64, 37, 3)	(37, 1, 0)	nan
(42, 64, 7)	(64, 37, 3)	(37, 1, 5)	nan
(42, 64, 7)	(64, 60, 3)	(60, 1, 0)	nan
(42, 64, 7)	(64, 36, 7)	(36, 1, 0)	nan
(42, 64, 7)	(64, 36, 4)	(36, 1, 0)	nan
(42, 64, 7)	(64, 74, 7)	(74, 1, 0)	nan
(42, 64, 7)	(64, 74, 7)	(74, 1, 3)	nan
(42, 64, 7)	(64, 51, 7)	(51, 1, 0)	nan
(42, 29, 7)	(29, 1, 0)	nan
(42, 29, 7)	(29, 88, 0)	(88, 1, 0)	nan
(42, 29, 7)	(29, 35, 1)	(35, 1, 0)	nan
(42, 29, 7)	(29, 61, 7)	(61, 1, 0)	nan
(42, 29, 7)	(29, 61, 7)	(61, 1, 0)	nan
(42, 72, 0)	(72, 58, 7)	(58, 1, 0)	nan
(42, 72, 0)	(72, 66, 1)	(66, 1, 0)	nan
(42, 72, 0)	(72, 46, 5)	(46, 1, 0)	nan
(42, 72, 0)	(72, 46, 5)	(46, 1, 0)	nan
(42, 72, 0)	(72, 46, 5)	(46, 1, 3)	nan
(42, 72, 0)	(72, 46, 5)	(46, 1, 5)	nan
(42, 72, 0)	(72, 1, 0)	nan
(42, 81, 0)	(81, 1, 0)	nan
(42, 81, 0)	(81, 1, 0)	nan
(42, 81, 0)	(81, 1, 4)	nan
(42, 81, 0)	(81, 1, 5)	nan
(42, 81, 0)	(81, 29, 8)	(29, 1, 0)	nan
(42, 81, 0)	(81, 29, 7)	(29, 1, 0)	nan
(42, 81, 0)	(81, 29, 1)	(29, 1, 0)	nan
(42, 81, 0)	(81, 32, 8)	(32, 1, 0)	nan
(42, 81, 0)	(81, 85, 0)	(85, 1, 0)	nan
(42, 81, 0)	(81, 85, 0)	(85, 1, 0)	nan
(42, 81, 0)	(81, 85, 0)	(85, 1, 0)	nan
(42, 81, 0)	(81, 69, 0)	(69, 1, 0)	nan
(42, 81, 0)	(81, 69, 0)	(69, 1, 0)	nan
(42, 81, 0)	(81, 69, 0)	(69, 1, 0)	nan
(42, 81, 0)	(81, 69, 0)	(69, 1, 0)	nan
(42, 81, 0)	(81, 33, 0)	(33, 1, 0)	nan
