(42, 64, 7)	(64, 14, 3)	nan
(42, 64, 7)	(64, 14, 3)	nan
(42, 64, 7)	(64, 14, 3)	nan
(42, 64, 7)	(64, 33, 0)	(33, 14, 3)	nan
(42, 64, 7)	(64, 33, 0)	(33, 14, 2)	nan
(42, 64, 7)	(64, 83, 7)	(83, 14, 3)	nan
(42, 64, 7)	(64, 60, 3)	(60, 14, 5)	nan
(42, 64, 7)	(64, 52, 7)	(52, 14, 3)	nan
(42, 29, 7)	(29, 50, 5)	(50, 14, 3)	nan
(42, 29, 7)	(29, 88, 0)	(88, 14, 0)	nan
(42, 29, 7)	(29, 52, 7)	(52, 14, 3)	nan
(42, 72, 0)	(72, 58, 7)	(58, 14, 3)	nan
(42, 72, 0)	(72, 58, 7)	(58, 14, 3)	nan
(42, 72, 0)	(72, 58, 7)	(58, 14, 6)	nan
(42, 72, 0)	(72, 58, 7)	(58, 14, 8)	nan
(42, 72, 0)	(72, 66, 1)	(66, 14, 3)	nan
(42, 72, 0)	(72, 46, 5)	(46, 14, 3)	nan
(42, 72, 0)	(72, 46, 5)	(46, 14, 1)	nan
(42, 81, 0)	(81, 14, 3)	nan
(42, 81, 0)	(81, 14, 3)	nan
(42, 81, 0)	(81, 32, 8)	(32, 14, 3)	nan
(42, 81, 0)	(81, 57, 7)	(57, 14, 3)	nan
(42, 81, 0)	(81, 33, 0)	(33, 14, 3)	nan
(42, 81, 0)	(81, 33, 0)	(33, 14, 2)	nan
(42, 43, 0)	(43, 32, 8)	(32, 14, 3)	nan
(42, 43, 0)	(43, 55, 0)	(55, 14, 3)	nan
(42, 43, 0)	(43, 55, 0)	(55, 14, 0)	nan
(42, 43, 0)	(43, 70, 1)	(70, 14, 3)	nan
(42, 53, 0)	(53, 14, 3)	nan
(42, 53, 0)	(53, 14, 3)	nan
(42, 53, 0)	(53, 14, 5)	nan
(42, 53, 0)	(53, 57, 2)	(57, 14, 3)	nan
(42, 91, 0)	(91, 33, 5)	(33, 14, 3)	nan
(42, 91, 0)	(91, 33, 5)	(33, 14, 2)	nan
(42, 49, 0)	(49, 58, 3)	(58, 14, 3)	nan
(42, 49, 0)	(49, 58, 3)	(58, 14, 3)	nan
(42, 49, 0)	(49, 58, 3)	(58, 14, 6)	nan
(42, 49, 0)	(49, 58, 3)	(58, 14, 8)	nan
(42, 49, 0)	(49, 58, 2)	(58, 14, 3)	nan
(42, 49, 0)	(49, 58, 2)	(58, 14, 3)	nan
(42, 49, 0)	(49, 58, 2)	(58, 14, 6)	nan
(42, 49, 0)	(49, 58, 2)	(58, 14, 8)	nan
(42, 49, 0)	(49, 78, 7)	(78, 14, 7)	nan
(42, 49, 0)	(49, 70, 7)	(70, 14, 3)	nan
(42, 31, 5)	(31, 32, 0)	(32, 14, 3)	nan
(42, 31, 5)	(31, 55, 5)	(55, 14, 3)	nan
(42, 31, 5)	(31, 55, 5)	(55, 14, 0)	nan
(42, 89, 1)	(89, 46, 7)	(46, 14, 3)	nan
(42, 89, 1)	(89, 46, 7)	(46, 14, 1)	nan
(42, 32, 5)	(32, 14, 3)	nan
