(42, 22, 7)	nan
(42, 22, 2)	nan
(42, 64, 7)	(64, 29, 8)	(29, 22, 5)	nan
(42, 64, 7)	(64, 29, 8)	(29, 22, 5)	nan
(42, 64, 7)	(64, 29, 8)	(29, 22, 5)	nan
(42, 64, 7)	(64, 29, 8)	(29, 22, 5)	nan
(42, 64, 7)	(64, 29, 8)	(29, 22, 5)	nan
(42, 64, 7)	(64, 29, 8)	(29, 22, 5)	nan
(42, 64, 7)	(64, 29, 8)	(29, 22, 5)	nan
(42, 64, 7)	(64, 29, 8)	(29, 22, 5)	nan
(42, 64, 7)	(64, 29, 4)	(29, 22, 5)	nan
(42, 64, 7)	(64, 29, 4)	(29, 22, 5)	nan
(42, 64, 7)	(64, 29, 4)	(29, 22, 5)	nan
(42, 64, 7)	(64, 29, 4)	(29, 22, 5)	nan
(42, 64, 7)	(64, 29, 6)	(29, 22, 5)	nan
(42, 64, 7)	(64, 29, 6)	(29, 22, 5)	nan
(42, 64, 7)	(64, 29, 6)	(29, 22, 5)	nan
(42, 64, 7)	(64, 29, 6)	(29, 22, 5)	nan
(42, 64, 7)	(64, 30, 8)	(30, 22, 5)	nan
(42, 64, 7)	(64, 30, 8)	(30, 22, 7)	nan
(42, 64, 7)	(64, 30, 5)	(30, 22, 5)	nan
(42, 64, 7)	(64, 30, 5)	(30, 22, 7)	nan
(42, 64, 7)	(64, 22, 5)	nan
(42, 64, 7)	(64, 83, 7)	(83, 22, 5)	nan
(42, 64, 7)	(64, 83, 7)	(83, 22, 0)	nan
(42, 64, 7)	(64, 37, 3)	(37, 22, 5)	nan
(42, 64, 7)	(64, 36, 7)	(36, 22, 5)	nan
(42, 64, 7)	(64, 36, 7)	(36, 22, 5)	nan
(42, 64, 7)	(64, 36, 7)	(36, 22, 0)	nan
(42, 64, 7)	(64, 36, 7)	(36, 22, 2)	nan
(42, 64, 7)	(64, 36, 4)	(36, 22, 5)	nan
(42, 64, 7)	(64, 36, 4)	(36, 22, 5)	nan
(42, 64, 7)	(64, 36, 4)	(36, 22, 0)	nan
(42, 64, 7)	(64, 36, 4)	(36, 22, 2)	nan
(42, 64, 7)	(64, 74, 7)	(74, 22, 5)	nan
(42, 64, 7)	(64, 74, 7)	(74, 22, 1)	nan
(42, 64, 7)	(64, 52, 7)	(52, 22, 5)	nan
(42, 64, 7)	(64, 52, 7)	(52, 22, 5)	nan
(42, 64, 7)	(64, 52, 7)	(52, 22, 0)	nan
(42, 64, 7)	(64, 52, 7)	(52, 22, 2)	nan
(42, 29, 7)	(29, 50, 5)	(50, 22, 5)	nan
(42, 29, 7)	(29, 50, 5)	(50, 22, 5)	nan
(42, 29, 7)	(29, 50, 5)	(50, 22, 0)	nan
(42, 29, 7)	(29, 22, 5)	nan
(42, 29, 7)	(29, 22, 5)	nan
(42, 29, 7)	(29, 22, 5)	nan
(42, 29, 7)	(29, 22, 5)	nan
(42, 29, 7)	(29, 35, 1)	(35, 22, 5)	nan
