(42, 21, 6)	nan
(42, 21, 4)	nan
(42, 64, 7)	(64, 29, 8)	(29, 21, 5)	nan
(42, 64, 7)	(64, 29, 8)	(29, 21, 5)	nan
(42, 64, 7)	(64, 29, 8)	(29, 21, 0)	nan
(42, 64, 7)	(64, 29, 8)	(29, 21, 2)	nan
(42, 64, 7)	(64, 29, 8)	(29, 21, 5)	nan
(42, 64, 7)	(64, 29, 8)	(29, 21, 5)	nan
(42, 64, 7)	(64, 29, 8)	(29, 21, 0)	nan
(42, 64, 7)	(64, 29, 8)	(29, 21, 2)	nan
(42, 64, 7)	(64, 29, 4)	(29, 21, 5)	nan
(42, 64, 7)	(64, 29, 4)	(29, 21, 5)	nan
(42, 64, 7)	(64, 29, 4)	(29, 21, 0)	nan
(42, 64, 7)	(64, 29, 4)	(29, 21, 2)	nan
(42, 64, 7)	(64, 29, 6)	(29, 21, 5)	nan
(42, 64, 7)	(64, 29, 6)	(29, 21, 5)	nan
(42, 64, 7)	(64, 29, 6)	(29, 21, 0)	nan
(42, 64, 7)	(64, 29, 6)	(29, 21, 2)	nan
(42, 64, 7)	(64, 21, 5)	nan
(42, 64, 7)	(64, 21, 1)	nan
(42, 64, 7)	(64, 33, 0)	(33, 21, 5)	nan
(42, 64, 7)	(64, 30, 8)	(30, 21, 5)	nan
(42, 64, 7)	(64, 30, 8)	(30, 21, 3)	nan
(42, 64, 7)	(64, 30, 5)	(30, 21, 5)	nan
(42, 64, 7)	(64, 30, 5)	(30, 21, 3)	nan
(42, 64, 7)	(64, 83, 7)	(83, 21, 5)	nan
(42, 64, 7)	(64, 83, 7)	(83, 21, 5)	nan
(42, 64, 7)	(64, 60, 3)	(60, 21, 5)	nan
(42, 64, 7)	(64, 36, 7)	(36, 21, 5)	nan
(42, 64, 7)	(64, 36, 7)	(36, 21, 5)	nan
(42, 64, 7)	(64, 36, 7)	(36, 21, 6)	nan
(42, 64, 7)	(64, 36, 7)	(36, 21, 6)	nan
(42, 64, 7)	(64, 36, 4)	(36, 21, 5)	nan
(42, 64, 7)	(64, 36, 4)	(36, 21, 5)	nan
(42, 64, 7)	(64, 36, 4)	(36, 21, 6)	nan
(42, 64, 7)	(64, 36, 4)	(36, 21, 6)	nan
(42, 64, 7)	(64, 74, 7)	(74, 21, 5)	nan
(42, 64, 7)	(64, 74, 7)	(74, 21, 0)	nan
(42, 64, 7)	(64, 52, 7)	(52, 21, 5)	nan
(42, 64, 7)	(64, 52, 7)	(52, 21, 5)	nan
(42, 64, 7)	(64, 52, 7)	(52, 21, 8)	nan
(42, 64, 7)	(64, 52, 7)	(52, 21, 4)	nan
(42, 64, 7)	(64, 51, 7)	(51, 21, 5)	nan
(42, 64, 7)	(64, 51, 7)	(51, 21, 5)	nan
(42, 64, 7)	(64, 51, 7)	(51, 21, 7)	nan
(42, 64, 7)	(64, 51, 7)	(51, 21, 8)	nan
(42, 29, 7)	(29, 21, 5)	nan
(42, 29, 7)	(29, 21, 5)	nan
(42, 29, 7)	(29, 21, 0)	nan
