(42, 20, 0)	nan
(42, 64, 7)	(64, 20, 5)	nan
(42, 64, 7)	(64, 20, 5)	nan
(42, 64, 7)	(64, 20, 7)	nan
(42, 64, 7)	(64, 29, 8)	(29, 20, 5)	nan
(42, 64, 7)	(64, 29, 8)	(29, 20, 5)	nan
(42, 64, 7)	(64, 29, 8)	(29, 20, 4)	nan
(42, 64, 7)	(64, 29, 8)	(29, 20, 5)	nan
(42, 64, 7)	(64, 29, 8)	(29, 20, 5)	nan
(42, 64, 7)	(64, 29, 8)	(29, 20, 4)	nan
(42, 64, 7)	(64, 29, 4)	(29, 20, 5)	nan
(42, 64, 7)	(64, 29, 4)	(29, 20, 5)	nan
(42, 64, 7)	(64, 29, 4)	(29, 20, 4)	nan
(42, 64, 7)	(64, 29, 6)	(29, 20, 5)	nan
(42, 64, 7)	(64, 29, 6)	(29, 20, 5)	nan
(42, 64, 7)	(64, 29, 6)	(29, 20, 4)	nan
(42, 64, 7)	(64, 83, 7)	(83, 20, 5)	nan
(42, 64, 7)	(64, 83, 7)	(83, 20, 2)	nan
(42, 64, 7)	(64, 37, 3)	(37, 20, 5)	nan
(42, 64, 7)	(64, 37, 3)	(37, 20, 5)	nan
(42, 64, 7)	(64, 60, 3)	(60, 20, 5)	nan
(42, 64, 7)	(64, 36, 7)	(36, 20, 5)	nan
(42, 64, 7)	(64, 36, 7)	(36, 20, 5)	nan
(42, 64, 7)	(64, 36, 7)	(36, 20, 1)	nan
(42, 64, 7)	(64, 36, 7)	(36, 20, 0)	nan
(42, 64, 7)	(64, 36, 4)	(36, 20, 5)	nan
(42, 64, 7)	(64, 36, 4)	(36, 20, 5)	nan
(42, 64, 7)	(64, 36, 4)	(36, 20, 1)	nan
(42, 64, 7)	(64, 36, 4)	(36, 20, 0)	nan
(42, 64, 7)	(64, 74, 7)	(74, 20, 5)	nan
(42, 64, 7)	(64, 74, 7)	(74, 20, 2)	nan
(42, 64, 7)	(64, 52, 7)	(52, 20, 5)	nan
(42, 64, 7)	(64, 52, 7)	(52, 20, 5)	nan
(42, 64, 7)	(64, 52, 7)	(52, 20, 7)	nan
(42, 64, 7)	(64, 52, 7)	(52, 20, 1)	nan
(42, 64, 7)	(64, 51, 7)	(51, 20, 5)	nan
(42, 64, 7)	(64, 51, 7)	(51, 20, 0)	nan
(42, 29, 7)	(29, 20, 5)	nan
(42, 29, 7)	(29, 20, 5)	nan
(42, 29, 7)	(29, 20, 4)	nan
(42, 29, 7)	(29, 35, 1)	(35, 20, 5)	nan
(42, 29, 7)	(29, 35, 1)	(35, 20, 7)	nan
(42, 29, 7)	(29, 52, 7)	(52, 20, 5)	nan
(42, 29, 7)	(29, 52, 7)	(52, 20, 5)	nan
(42, 29, 7)	(29, 52, 7)	(52, 20, 7)	nan
(42, 29, 7)	(29, 52, 7)	(52, 20, 1)	nan
(42, 29, 7)	(29, 76, 3)	(76, 20, 5)	nan
(42, 29, 7)	(29, 86, 1)	(86, 20, 5)	nan
(42, 29, 7)	(29, 86, 1)	(86, 20, 5)	nan
(42, 72, 0)	(72, 20, 5)	nan
