(42, 28, 6)	nan
(42, 64, 7)	(64, 29, 8)	(29, 28, 7)	nan
(42, 64, 7)	(64, 29, 8)	(29, 28, 3)	nan
(42, 64, 7)	(64, 29, 8)	(29, 28, 7)	nan
(42, 64, 7)	(64, 29, 8)	(29, 28, 3)	nan
(42, 64, 7)	(64, 29, 4)	(29, 28, 7)	nan
(42, 64, 7)	(64, 29, 4)	(29, 28, 3)	nan
(42, 64, 7)	(64, 29, 6)	(29, 28, 7)	nan
(42, 64, 7)	(64, 29, 6)	(29, 28, 3)	nan
(42, 64, 7)	(64, 28, 7)	nan
(42, 64, 7)	(64, 28, 1)	nan
(42, 64, 7)	(64, 37, 3)	(37, 28, 7)	nan
(42, 64, 7)	(64, 37, 3)	(37, 28, 1)	nan
(42, 64, 7)	(64, 36, 7)	(36, 28, 7)	nan
(42, 64, 7)	(64, 36, 7)	(36, 28, 7)	nan
(42, 64, 7)	(64, 36, 7)	(36, 28, 5)	nan
(42, 64, 7)	(64, 36, 7)	(36, 28, 3)	nan
(42, 64, 7)	(64, 36, 4)	(36, 28, 7)	nan
(42, 64, 7)	(64, 36, 4)	(36, 28, 7)	nan
(42, 64, 7)	(64, 36, 4)	(36, 28, 5)	nan
(42, 64, 7)	(64, 36, 4)	(36, 28, 3)	nan
(42, 64, 7)	(64, 74, 7)	(74, 28, 7)	nan
(42, 64, 7)	(64, 74, 7)	(74, 28, 7)	nan
(42, 64, 7)	(64, 74, 7)	(74, 28, 8)	nan
(42, 64, 7)	(64, 74, 7)	(74, 28, 3)	nan
(42, 64, 7)	(64, 51, 7)	(51, 28, 7)	nan
(42, 64, 7)	(64, 51, 7)	(51, 28, 2)	nan
(42, 29, 7)	(29, 28, 7)	nan
(42, 29, 7)	(29, 28, 3)	nan
(42, 29, 7)	(29, 50, 5)	(50, 28, 7)	nan
(42, 29, 7)	(29, 50, 5)	(50, 28, 5)	nan
(42, 29, 7)	(29, 88, 0)	(88, 28, 7)	nan
(42, 29, 7)	(29, 88, 0)	(88, 28, 3)	nan
(42, 29, 7)	(29, 35, 1)	(35, 28, 7)	nan
(42, 29, 7)	(29, 35, 1)	(35, 28, 1)	nan
(42, 29, 7)	(29, 76, 3)	(76, 28, 7)	nan
(42, 29, 7)	(29, 76, 3)	(76, 28, 0)	nan
(42, 29, 7)	(29, 61, 7)	(61, 28, 7)	nan
(42, 29, 7)	(29, 61, 7)	(61, 28, 7)	nan
(42, 29, 7)	(29, 61, 7)	(61, 28, 4)	nan
(42, 29, 7)	(29, 61, 7)	(61, 28, 3)	nan
(42, 72, 0)	(72, 28, 7)	nan
(42, 72, 0)	(72, 28, 6)	nan
(42, 72, 0)	(72, 58, 7)	(58, 28, 7)	nan
(42, 72, 0)	(72, 58, 7)	(58, 28, 6)	nan
(42, 72, 0)	(72, 66, 1)	(66, 28, 7)	nan
(42, 72, 0)	(72, 66, 1)	(66, 28, 7)	nan
(42, 72, 0)	(72, 66, 1)	(66, 28, 5)	nan
(42, 72, 0)	(72, 66, 1)	(66, 28, 6)	nan
(42, 81, 0)	(81, 28, 7)	nan
