(42, 25, 7)	nan
(42, 64, 7)	(64, 25, 7)	nan
(42, 64, 7)	(64, 29, 8)	(29, 25, 7)	nan
(42, 64, 7)	(64, 29, 8)	(29, 25, 3)	nan
(42, 64, 7)	(64, 29, 8)	(29, 25, 7)	nan
(42, 64, 7)	(64, 29, 8)	(29, 25, 3)	nan
(42, 64, 7)	(64, 29, 4)	(29, 25, 7)	nan
(42, 64, 7)	(64, 29, 4)	(29, 25, 3)	nan
(42, 64, 7)	(64, 29, 6)	(29, 25, 7)	nan
(42, 64, 7)	(64, 29, 6)	(29, 25, 3)	nan
(42, 64, 7)	(64, 33, 0)	(33, 25, 5)	nan
(42, 64, 7)	(64, 30, 8)	(30, 25, 7)	nan
(42, 64, 7)	(64, 30, 8)	(30, 25, 2)	nan
(42, 64, 7)	(64, 30, 5)	(30, 25, 7)	nan
(42, 64, 7)	(64, 30, 5)	(30, 25, 2)	nan
(42, 64, 7)	(64, 83, 7)	(83, 25, 7)	nan
(42, 64, 7)	(64, 83, 7)	(83, 25, 1)	nan
(42, 64, 7)	(64, 36, 7)	(36, 25, 7)	nan
(42, 64, 7)	(64, 36, 4)	(36, 25, 7)	nan
(42, 64, 7)	(64, 74, 7)	(74, 25, 7)	nan
(42, 64, 7)	(64, 74, 7)	(74, 25, 0)	nan
(42, 64, 7)	(64, 52, 7)	(52, 25, 7)	nan
(42, 64, 7)	(64, 52, 7)	(52, 25, 0)	nan
(42, 29, 7)	(29, 25, 7)	nan
(42, 29, 7)	(29, 25, 3)	nan
(42, 29, 7)	(29, 50, 5)	(50, 25, 7)	nan
(42, 29, 7)	(29, 50, 5)	(50, 25, 0)	nan
(42, 29, 7)	(29, 52, 7)	(52, 25, 7)	nan
(42, 29, 7)	(29, 52, 7)	(52, 25, 0)	nan
(42, 29, 7)	(29, 76, 3)	(76, 25, 7)	nan
(42, 29, 7)	(29, 76, 3)	(76, 25, 7)	nan
(42, 29, 7)	(29, 76, 3)	(76, 25, 7)	nan
(42, 29, 7)	(29, 76, 3)	(76, 25, 7)	nan
(42, 29, 7)	(29, 76, 3)	(76, 25, 7)	nan
(42, 29, 7)	(29, 76, 3)	(76, 25, 7)	nan
(42, 29, 7)	(29, 76, 3)	(76, 25, 7)	nan
(42, 29, 7)	(29, 86, 1)	(86, 25, 7)	nan
(42, 29, 7)	(29, 86, 1)	(86, 25, 7)	nan
(42, 29, 7)	(29, 86, 1)	(86, 25, 1)	nan
(42, 29, 7)	(29, 61, 7)	(61, 25, 7)	nan
(42, 29, 7)	(29, 61, 7)	(61, 25, 7)	nan
(42, 29, 7)	(29, 61, 7)	(61, 25, 2)	nan
(42, 72, 0)	(72, 25, 7)	nan
(42, 72, 0)	(72, 25, 7)	nan
(42, 72, 0)	(72, 25, 4)	nan
(42, 72, 0)	(72, 58, 7)	(58, 25, 7)	nan
(42, 72, 0)	(72, 66, 1)	(66, 25, 7)	nan
(42, 72, 0)	(72, 66, 1)	(66, 25, 7)	nan
(42, 72, 0)	(72, 66, 1)	(66, 25, 6)	nan
(42, 81, 0)	(81, 29, 8)	(29, 25, 7)	nan
(42, 81, 0)	(81, 29, 8)	(29, 25, 3)	nan
