(42, 5, 3)	nan
(42, 5, 1)	nan
(42, 64, 7)	(64, 37, 3)	(37, 5, 0)	nan
(42, 64, 7)	(64, 5, 0)	nan
(42, 64, 7)	(64, 51, 7)	(51, 5, 0)	nan
(42, 29, 7)	(29, 50, 5)	(50, 5, 0)	nan
(42, 72, 0)	(72, 34, 8)	(34, 5, 0)	nan
(42, 72, 0)	(72, 34, 3)	(34, 5, 0)	nan
(42, 72, 0)	(72, 58, 7)	(58, 5, 0)	nan
(42, 72, 0)	(72, 5, 0)	nan
(42, 72, 0)	(72, 46, 5)	(46, 5, 0)	nan
(42, 81, 0)	(81, 5, 0)	nan
(42, 81, 0)	(81, 5, 0)	nan
(42, 81, 0)	(81, 69, 0)	(69, 5, 0)	nan
(42, 43, 0)	(43, 5, 0)	nan
(42, 43, 0)	(43, 5, 0)	nan
(42, 43, 0)	(43, 5, 4)	nan
(42, 43, 0)	(43, 70, 1)	(70, 5, 8)	nan
(42, 53, 0)	(53, 34, 3)	(34, 5, 0)	nan
(42, 53, 0)	(53, 56, 5)	(56, 5, 0)	nan
(42, 91, 0)	(91, 39, 3)	(39, 5, 0)	nan
(42, 91, 0)	(91, 39, 3)	(39, 5, 0)	nan
(42, 91, 0)	(91, 39, 3)	(39, 5, 7)	nan
(42, 91, 0)	(91, 39, 3)	(39, 5, 2)	nan
(42, 91, 0)	(91, 49, 7)	(49, 5, 0)	nan
(42, 91, 0)	(91, 49, 7)	(49, 5, 7)	nan
(42, 49, 0)	(49, 5, 0)	nan
(42, 49, 0)	(49, 5, 7)	nan
(42, 49, 0)	(49, 41, 2)	(41, 5, 0)	nan
(42, 49, 0)	(49, 58, 3)	(58, 5, 0)	nan
(42, 49, 0)	(49, 58, 2)	(58, 5, 0)	nan
(42, 49, 0)	(49, 70, 7)	(70, 5, 8)	nan
(42, 31, 5)	(31, 5, 0)	nan
(42, 31, 5)	(31, 69, 7)	(69, 5, 0)	nan
(42, 89, 1)	(89, 46, 7)	(46, 5, 0)	nan
(42, 32, 5)	(32, 51, 1)	(51, 5, 0)	nan
(42, 32, 5)	(32, 41, 3)	(41, 5, 0)	nan
