(42, 64, 7)	(64, 29, 8)	(29, 8, 1)	nan
(42, 64, 7)	(64, 29, 8)	(29, 8, 1)	nan
(42, 64, 7)	(64, 29, 4)	(29, 8, 1)	nan
(42, 64, 7)	(64, 29, 6)	(29, 8, 1)	nan
(42, 64, 7)	(64, 8, 1)	nan
(42, 64, 7)	(64, 8, 3)	nan
(42, 64, 7)	(64, 33, 0)	(33, 8, 1)	nan
(42, 64, 7)	(64, 33, 0)	(33, 8, 1)	nan
(42, 64, 7)	(64, 33, 0)	(33, 8, 3)	nan
(42, 64, 7)	(64, 33, 0)	(33, 8, 6)	nan
(42, 64, 7)	(64, 33, 0)	(33, 8, 7)	nan
(42, 64, 7)	(64, 83, 7)	(83, 8, 1)	nan
(42, 64, 7)	(64, 37, 3)	(37, 8, 1)	nan
(42, 64, 7)	(64, 37, 3)	(37, 8, 1)	nan
(42, 64, 7)	(64, 37, 3)	(37, 8, 1)	nan
(42, 64, 7)	(64, 37, 3)	(37, 8, 1)	nan
(42, 64, 7)	(64, 37, 3)	(37, 8, 1)	nan
(42, 64, 7)	(64, 37, 3)	(37, 8, 1)	nan
(42, 64, 7)	(64, 60, 3)	(60, 8, 1)	nan
(42, 64, 7)	(64, 60, 3)	(60, 8, 8)	nan
(42, 64, 7)	(64, 36, 7)	(36, 8, 1)	nan
(42, 64, 7)	(64, 36, 7)	(36, 8, 2)	nan
(42, 64, 7)	(64, 36, 4)	(36, 8, 1)	nan
(42, 64, 7)	(64, 36, 4)	(36, 8, 2)	nan
(42, 64, 7)	(64, 52, 7)	(52, 8, 1)	nan
(42, 64, 7)	(64, 52, 7)	(52, 8, 5)	nan
(42, 64, 7)	(64, 52, 7)	(52, 8, 3)	nan
(42, 29, 7)	(29, 8, 1)	nan
(42, 29, 7)	(29, 88, 0)	(88, 8, 1)	nan
(42, 29, 7)	(29, 88, 0)	(88, 8, 1)	nan
(42, 29, 7)	(29, 35, 1)	(35, 8, 1)	nan
(42, 29, 7)	(29, 35, 1)	(35, 8, 4)	nan
(42, 29, 7)	(29, 52, 7)	(52, 8, 1)	nan
(42, 29, 7)	(29, 52, 7)	(52, 8, 5)	nan
(42, 29, 7)	(29, 52, 7)	(52, 8, 3)	nan
(42, 29, 7)	(29, 76, 3)	(76, 8, 1)	nan
(42, 29, 7)	(29, 76, 3)	(76, 8, 1)	nan
(42, 29, 7)	(29, 61, 7)	(61, 8, 1)	nan
(42, 29, 7)	(29, 61, 7)	(61, 8, 1)	nan
(42, 29, 7)	(29, 61, 7)	(61, 8, 3)	nan
(42, 29, 7)	(29, 61, 7)	(61, 8, 0)	nan
(42, 72, 0)	(72, 8, 1)	nan
(42, 72, 0)	(72, 8, 7)	nan
(42, 72, 0)	(72, 8, 2)	nan
(42, 72, 0)	(72, 34, 8)	(34, 8, 1)	nan
(42, 72, 0)	(72, 34, 8)	(34, 8, 1)	nan
(42, 72, 0)	(72, 34, 8)	(34, 8, 2)	nan
(42, 72, 0)	(72, 34, 8)	(34, 8, 4)	nan
(42, 72, 0)	(72, 34, 3)	(34, 8, 1)	nan
(42, 72, 0)	(72, 34, 3)	(34, 8, 1)	nan
