(42, 64, 7)	(64, 60, 3)	(60, 9, 1)	nan
(42, 64, 7)	(64, 36, 7)	(36, 9, 1)	nan
(42, 64, 7)	(64, 36, 4)	(36, 9, 1)	nan
(42, 64, 7)	(64, 9, 1)	nan
(42, 64, 7)	(64, 51, 7)	(51, 9, 2)	nan
(42, 9, 1)	nan
(42, 29, 7)	(29, 50, 5)	(50, 9, 1)	nan
(42, 29, 7)	(29, 88, 0)	(88, 9, 1)	nan
(42, 29, 7)	(29, 88, 0)	(88, 9, 0)	nan
(42, 29, 7)	(29, 35, 1)	(35, 9, 1)	nan
(42, 29, 7)	(29, 35, 1)	(35, 9, 1)	nan
(42, 29, 7)	(29, 61, 7)	(61, 9, 1)	nan
(42, 72, 0)	(72, 9, 1)	nan
(42, 72, 0)	(72, 66, 1)	(66, 9, 1)	nan
(42, 72, 0)	(72, 66, 1)	(66, 9, 8)	nan
(42, 72, 0)	(72, 46, 5)	(46, 9, 1)	nan
(42, 81, 0)	(81, 9, 1)	nan
(42, 43, 0)	(43, 89, 0)	(89, 9, 1)	nan
(42, 43, 0)	(43, 89, 0)	(89, 9, 1)	nan
(42, 43, 0)	(43, 89, 7)	(89, 9, 1)	nan
(42, 43, 0)	(43, 89, 7)	(89, 9, 1)	nan
(42, 43, 0)	(43, 70, 1)	(70, 9, 1)	nan
(42, 53, 0)	(53, 9, 1)	nan
(42, 91, 0)	(91, 39, 3)	(39, 9, 1)	nan
(42, 91, 0)	(91, 49, 7)	(49, 9, 1)	nan
(42, 91, 0)	(91, 49, 7)	(49, 9, 1)	nan
(42, 91, 0)	(91, 80, 7)	(80, 9, 1)	nan
(42, 49, 0)	(49, 41, 2)	(41, 9, 1)	nan
(42, 49, 0)	(49, 41, 2)	(41, 9, 1)	nan
(42, 49, 0)	(49, 78, 7)	(78, 9, 1)	nan
(42, 49, 0)	(49, 9, 1)	nan
(42, 49, 0)	(49, 9, 1)	nan
(42, 49, 0)	(49, 92, 5)	(92, 9, 1)	nan
(42, 49, 0)	(49, 70, 7)	(70, 9, 1)	nan
(42, 31, 5)	(31, 36, 7)	(36, 9, 1)	nan
(42, 31, 5)	(31, 35, 8)	(35, 9, 1)	nan
(42, 31, 5)	(31, 35, 8)	(35, 9, 1)	nan
(42, 31, 5)	(31, 9, 1)	nan
(42, 89, 1)	(89, 9, 1)	nan
(42, 89, 1)	(89, 9, 1)	nan
(42, 89, 1)	(89, 46, 7)	(46, 9, 1)	nan
(42, 32, 5)	(32, 61, 1)	(61, 9, 1)	nan
(42, 32, 5)	(32, 51, 1)	(51, 9, 2)	nan
(42, 32, 5)	(32, 41, 3)	(41, 9, 1)	nan
(42, 32, 5)	(32, 41, 3)	(41, 9, 1)	nan
