(43, 30, 8)	(30, 17, 3)	nan
(43, 30, 8)	(30, 34, 8)	(34, 17, 3)	nan
(43, 30, 8)	(30, 34, 8)	(34, 17, 3)	nan
(43, 30, 8)	(30, 34, 8)	(34, 17, 0)	nan
(43, 32, 8)	(32, 29, 3)	(29, 17, 3)	nan
(43, 32, 8)	(32, 29, 3)	(29, 17, 3)	nan
(43, 32, 8)	(32, 29, 3)	(29, 17, 0)	nan
(43, 32, 8)	(32, 51, 1)	(51, 17, 3)	nan
(43, 55, 0)	(55, 17, 3)	nan
(43, 55, 0)	(55, 17, 1)	nan
(43, 55, 0)	(55, 89, 3)	(89, 17, 7)	nan
(43, 55, 0)	(55, 30, 8)	(30, 17, 3)	nan
(43, 55, 0)	(55, 44, 1)	(44, 17, 3)	nan
(43, 55, 0)	(55, 44, 1)	(44, 17, 3)	nan
(43, 55, 0)	(55, 81, 3)	(81, 17, 3)	nan
(43, 89, 0)	(89, 17, 7)	nan
(43, 89, 7)	(89, 17, 7)	nan
(43, 70, 1)	(70, 34, 8)	(34, 17, 3)	nan
(43, 70, 1)	(70, 34, 8)	(34, 17, 3)	nan
(43, 70, 1)	(70, 34, 8)	(34, 17, 0)	nan
(43, 70, 1)	(70, 34, 8)	(34, 17, 3)	nan
(43, 70, 1)	(70, 34, 8)	(34, 17, 3)	nan
(43, 70, 1)	(70, 34, 8)	(34, 17, 0)	nan
(43, 70, 1)	(70, 34, 7)	(34, 17, 3)	nan
(43, 70, 1)	(70, 34, 7)	(34, 17, 3)	nan
(43, 70, 1)	(70, 34, 7)	(34, 17, 0)	nan
(43, 70, 1)	(70, 51, 1)	(51, 17, 3)	nan
(43, 70, 1)	(70, 56, 7)	(56, 17, 3)	nan
(43, 70, 1)	(70, 56, 7)	(56, 17, 1)	nan
(43, 62, 5)	(62, 81, 7)	(81, 17, 3)	nan
(43, 62, 5)	(62, 89, 5)	(89, 17, 7)	nan
(43, 62, 5)	(62, 34, 8)	(34, 17, 3)	nan
(43, 62, 5)	(62, 34, 8)	(34, 17, 3)	nan
(43, 62, 5)	(62, 34, 8)	(34, 17, 0)	nan
(43, 62, 5)	(62, 56, 7)	(56, 17, 3)	nan
(43, 62, 5)	(62, 56, 7)	(56, 17, 1)	nan
(43, 63, 0)	(63, 33, 7)	(33, 17, 3)	nan
(43, 63, 0)	(63, 33, 8)	(33, 17, 3)	nan
(43, 63, 0)	(63, 33, 8)	(33, 17, 3)	nan
(43, 63, 0)	(63, 17, 3)	nan
(43, 63, 0)	(63, 57, 7)	(57, 17, 3)	nan
(43, 63, 0)	(63, 57, 7)	(57, 17, 3)	nan
(43, 63, 0)	(63, 57, 7)	(57, 17, 2)	nan
(43, 17, 8)	nan
