(43, 30, 8)	(30, 72, 4)	(72, 1, 0)	nan
(43, 30, 8)	(30, 60, 7)	(60, 1, 0)	nan
(43, 30, 8)	(30, 60, 0)	(60, 1, 0)	nan
(43, 30, 8)	(30, 75, 7)	(75, 1, 0)	nan
(43, 30, 8)	(30, 88, 5)	(88, 1, 0)	nan
(43, 30, 8)	(30, 85, 0)	(85, 1, 0)	nan
(43, 30, 8)	(30, 85, 0)	(85, 1, 0)	nan
(43, 30, 8)	(30, 85, 0)	(85, 1, 0)	nan
(43, 1, 0)	nan
(43, 1, 5)	nan
(43, 32, 8)	(32, 1, 0)	nan
(43, 32, 8)	(32, 29, 3)	(29, 1, 0)	nan
(43, 32, 8)	(32, 61, 1)	(61, 1, 0)	nan
(43, 32, 8)	(32, 61, 1)	(61, 1, 0)	nan
(43, 32, 8)	(32, 51, 1)	(51, 1, 0)	nan
(43, 32, 8)	(32, 41, 3)	(41, 1, 0)	nan
(43, 32, 8)	(32, 41, 3)	(41, 1, 7)	nan
(43, 32, 8)	(32, 40, 5)	(40, 1, 0)	nan
(43, 32, 8)	(32, 40, 5)	(40, 1, 0)	nan
(43, 32, 8)	(32, 40, 5)	(40, 1, 1)	nan
(43, 32, 8)	(32, 40, 5)	(40, 1, 1)	nan
(43, 32, 8)	(32, 40, 5)	(40, 1, 1)	nan
(43, 55, 0)	(55, 35, 8)	(35, 1, 0)	nan
(43, 55, 0)	(55, 35, 8)	(35, 1, 0)	nan
(43, 55, 0)	(55, 35, 3)	(35, 1, 0)	nan
(43, 55, 0)	(55, 35, 5)	(35, 1, 0)	nan
(43, 55, 0)	(55, 64, 7)	(64, 1, 0)	nan
(43, 55, 0)	(55, 64, 7)	(64, 1, 5)	nan
(43, 55, 0)	(55, 1, 0)	nan
(43, 55, 0)	(55, 1, 0)	nan
(43, 55, 0)	(55, 1, 0)	nan
(43, 55, 0)	(55, 65, 7)	(65, 1, 0)	nan
(43, 55, 0)	(55, 65, 7)	(65, 1, 0)	nan
(43, 55, 0)	(55, 65, 7)	(65, 1, 4)	nan
(43, 55, 0)	(55, 81, 3)	(81, 1, 0)	nan
(43, 55, 0)	(55, 81, 3)	(81, 1, 0)	nan
(43, 55, 0)	(55, 81, 3)	(81, 1, 4)	nan
(43, 55, 0)	(55, 81, 3)	(81, 1, 5)	nan
(43, 89, 0)	(89, 46, 7)	(46, 1, 0)	nan
(43, 89, 0)	(89, 46, 7)	(46, 1, 0)	nan
(43, 89, 0)	(89, 46, 7)	(46, 1, 3)	nan
(43, 89, 0)	(89, 46, 7)	(46, 1, 5)	nan
(43, 89, 0)	(89, 90, 1)	(90, 1, 0)	nan
(43, 89, 0)	(89, 90, 1)	(90, 1, 0)	nan
(43, 89, 7)	(89, 46, 7)	(46, 1, 0)	nan
(43, 89, 7)	(89, 46, 7)	(46, 1, 0)	nan
(43, 89, 7)	(89, 46, 7)	(46, 1, 3)	nan
(43, 89, 7)	(89, 46, 7)	(46, 1, 5)	nan
(43, 89, 7)	(89, 90, 1)	(90, 1, 0)	nan
(43, 89, 7)	(89, 90, 1)	(90, 1, 0)	nan
(43, 70, 1)	(70, 1, 0)	nan
