(43, 30, 8)	(30, 12, 3)	nan
(43, 30, 8)	(30, 34, 8)	(34, 12, 3)	nan
(43, 30, 8)	(30, 85, 0)	(85, 12, 3)	nan
(43, 32, 8)	(32, 12, 3)	nan
(43, 32, 8)	(32, 12, 4)	nan
(43, 32, 8)	(32, 29, 3)	(29, 12, 3)	nan
(43, 32, 8)	(32, 29, 3)	(29, 12, 4)	nan
(43, 32, 8)	(32, 86, 7)	(86, 12, 7)	nan
(43, 55, 0)	(55, 35, 8)	(35, 12, 3)	nan
(43, 55, 0)	(55, 35, 8)	(35, 12, 3)	nan
(43, 55, 0)	(55, 35, 8)	(35, 12, 4)	nan
(43, 55, 0)	(55, 35, 8)	(35, 12, 3)	nan
(43, 55, 0)	(55, 35, 8)	(35, 12, 3)	nan
(43, 55, 0)	(55, 35, 8)	(35, 12, 4)	nan
(43, 55, 0)	(55, 35, 3)	(35, 12, 3)	nan
(43, 55, 0)	(55, 35, 3)	(35, 12, 3)	nan
(43, 55, 0)	(55, 35, 3)	(35, 12, 4)	nan
(43, 55, 0)	(55, 35, 5)	(35, 12, 3)	nan
(43, 55, 0)	(55, 35, 5)	(35, 12, 3)	nan
(43, 55, 0)	(55, 35, 5)	(35, 12, 4)	nan
(43, 55, 0)	(55, 64, 7)	(64, 12, 3)	nan
(43, 55, 0)	(55, 64, 7)	(64, 12, 3)	nan
(43, 55, 0)	(55, 64, 7)	(64, 12, 5)	nan
(43, 55, 0)	(55, 64, 7)	(64, 12, 7)	nan
(43, 55, 0)	(55, 89, 3)	(89, 12, 0)	nan
(43, 55, 0)	(55, 30, 8)	(30, 12, 3)	nan
(43, 55, 0)	(55, 44, 1)	(44, 12, 3)	nan
(43, 55, 0)	(55, 65, 7)	(65, 12, 3)	nan
(43, 55, 0)	(55, 65, 7)	(65, 12, 4)	nan
(43, 55, 0)	(55, 81, 3)	(81, 12, 3)	nan
(43, 12, 0)	nan
(43, 89, 0)	(89, 12, 0)	nan
(43, 89, 7)	(89, 12, 0)	nan
(43, 70, 1)	(70, 34, 8)	(34, 12, 3)	nan
(43, 70, 1)	(70, 34, 8)	(34, 12, 3)	nan
(43, 70, 1)	(70, 34, 7)	(34, 12, 3)	nan
(43, 70, 1)	(70, 12, 3)	nan
(43, 70, 1)	(70, 56, 7)	(56, 12, 3)	nan
(43, 70, 1)	(70, 56, 7)	(56, 12, 8)	nan
(43, 62, 5)	(62, 35, 8)	(35, 12, 3)	nan
(43, 62, 5)	(62, 35, 8)	(35, 12, 3)	nan
(43, 62, 5)	(62, 35, 8)	(35, 12, 4)	nan
(43, 62, 5)	(62, 81, 7)	(81, 12, 3)	nan
(43, 62, 5)	(62, 65, 2)	(65, 12, 3)	nan
(43, 62, 5)	(62, 65, 2)	(65, 12, 4)	nan
(43, 62, 5)	(62, 89, 5)	(89, 12, 0)	nan
(43, 62, 5)	(62, 34, 8)	(34, 12, 3)	nan
(43, 62, 5)	(62, 56, 7)	(56, 12, 3)	nan
(43, 62, 5)	(62, 56, 7)	(56, 12, 8)	nan
(43, 62, 5)	(62, 32, 8)	(32, 12, 3)	nan
(43, 62, 5)	(62, 32, 8)	(32, 12, 4)	nan
