(43, 30, 8)	(30, 72, 4)	(72, 10, 2)	nan
(43, 30, 8)	(30, 60, 7)	(60, 10, 2)	nan
(43, 30, 8)	(30, 60, 7)	(60, 10, 2)	nan
(43, 30, 8)	(30, 60, 0)	(60, 10, 2)	nan
(43, 30, 8)	(30, 60, 0)	(60, 10, 2)	nan
(43, 30, 8)	(30, 34, 8)	(34, 10, 2)	nan
(43, 30, 8)	(30, 85, 0)	(85, 10, 2)	nan
(43, 32, 8)	(32, 29, 3)	(29, 10, 2)	nan
(43, 32, 8)	(32, 29, 3)	(29, 10, 2)	nan
(43, 32, 8)	(32, 29, 3)	(29, 10, 5)	nan
(43, 32, 8)	(32, 29, 3)	(29, 10, 4)	nan
(43, 32, 8)	(32, 61, 1)	(61, 10, 2)	nan
(43, 32, 8)	(32, 61, 1)	(61, 10, 2)	nan
(43, 32, 8)	(32, 10, 2)	nan
(43, 32, 8)	(32, 76, 7)	(76, 10, 2)	nan
(43, 32, 8)	(32, 41, 3)	(41, 10, 2)	nan
(43, 32, 8)	(32, 41, 3)	(41, 10, 2)	nan
(43, 32, 8)	(32, 41, 3)	(41, 10, 2)	nan
(43, 32, 8)	(32, 41, 3)	(41, 10, 2)	nan
(43, 55, 0)	(55, 35, 8)	(35, 10, 2)	nan
(43, 55, 0)	(55, 35, 8)	(35, 10, 5)	nan
(43, 55, 0)	(55, 35, 8)	(35, 10, 2)	nan
(43, 55, 0)	(55, 35, 8)	(35, 10, 5)	nan
(43, 55, 0)	(55, 35, 3)	(35, 10, 2)	nan
(43, 55, 0)	(55, 35, 3)	(35, 10, 5)	nan
(43, 55, 0)	(55, 35, 5)	(35, 10, 2)	nan
(43, 55, 0)	(55, 35, 5)	(35, 10, 5)	nan
(43, 55, 0)	(55, 10, 2)	nan
(43, 55, 0)	(55, 10, 4)	nan
(43, 55, 0)	(55, 89, 3)	(89, 10, 2)	nan
(43, 55, 0)	(55, 44, 1)	(44, 10, 1)	nan
(43, 55, 0)	(55, 44, 1)	(44, 10, 2)	nan
(43, 55, 0)	(55, 65, 7)	(65, 10, 2)	nan
(43, 55, 0)	(55, 68, 4)	(68, 10, 2)	nan
(43, 10, 2)	nan
(43, 89, 0)	(89, 10, 2)	nan
(43, 89, 0)	(89, 46, 7)	(46, 10, 2)	nan
(43, 89, 0)	(89, 46, 7)	(46, 10, 8)	nan
(43, 89, 7)	(89, 10, 2)	nan
(43, 89, 7)	(89, 46, 7)	(46, 10, 2)	nan
(43, 89, 7)	(89, 46, 7)	(46, 10, 8)	nan
(43, 70, 1)	(70, 34, 8)	(34, 10, 2)	nan
(43, 70, 1)	(70, 34, 8)	(34, 10, 2)	nan
(43, 70, 1)	(70, 34, 7)	(34, 10, 2)	nan
(43, 70, 1)	(70, 10, 2)	nan
(43, 70, 1)	(70, 56, 7)	(56, 10, 2)	nan
(43, 70, 1)	(70, 56, 7)	(56, 10, 2)	nan
(43, 70, 1)	(70, 56, 7)	(56, 10, 7)	nan
(43, 62, 5)	(62, 35, 8)	(35, 10, 2)	nan
