(43, 2, 8)	nan
(43, 30, 8)	(30, 2, 0)	nan
(43, 30, 8)	(30, 60, 7)	(60, 2, 0)	nan
(43, 30, 8)	(30, 60, 0)	(60, 2, 0)	nan
(43, 30, 8)	(30, 75, 7)	(75, 2, 0)	nan
(43, 30, 8)	(30, 75, 7)	(75, 2, 5)	nan
(43, 30, 8)	(30, 88, 5)	(88, 2, 0)	nan
(43, 30, 8)	(30, 88, 5)	(88, 2, 6)	nan
(43, 30, 8)	(30, 34, 8)	(34, 2, 0)	nan
(43, 30, 8)	(30, 34, 8)	(34, 2, 0)	nan
(43, 30, 8)	(30, 34, 8)	(34, 2, 0)	nan
(43, 32, 8)	(32, 29, 3)	(29, 2, 0)	nan
(43, 32, 8)	(32, 29, 3)	(29, 2, 0)	nan
(43, 32, 8)	(32, 29, 3)	(29, 2, 8)	nan
(43, 32, 8)	(32, 29, 3)	(29, 2, 7)	nan
(43, 32, 8)	(32, 86, 7)	(86, 2, 0)	nan
(43, 32, 8)	(32, 76, 7)	(76, 2, 0)	nan
(43, 32, 8)	(32, 76, 7)	(76, 2, 0)	nan
(43, 32, 8)	(32, 51, 1)	(51, 2, 7)	nan
(43, 32, 8)	(32, 51, 1)	(51, 2, 0)	nan
(43, 32, 8)	(32, 41, 3)	(41, 2, 0)	nan
(43, 32, 8)	(32, 2, 7)	nan
(43, 32, 8)	(32, 40, 5)	(40, 2, 0)	nan
(43, 55, 0)	(55, 89, 3)	(89, 2, 0)	nan
(43, 55, 0)	(55, 89, 3)	(89, 2, 4)	nan
(43, 55, 0)	(55, 30, 8)	(30, 2, 0)	nan
(43, 55, 0)	(55, 44, 1)	(44, 2, 0)	nan
(43, 55, 0)	(55, 2, 1)	nan
(43, 55, 0)	(55, 50, 7)	(50, 2, 0)	nan
(43, 55, 0)	(55, 65, 7)	(65, 2, 0)	nan
(43, 55, 0)	(55, 65, 7)	(65, 2, 0)	nan
(43, 55, 0)	(55, 65, 7)	(65, 2, 1)	nan
(43, 55, 0)	(55, 81, 3)	(81, 2, 0)	nan
(43, 55, 0)	(55, 68, 4)	(68, 2, 0)	nan
(43, 55, 0)	(55, 68, 4)	(68, 2, 0)	nan
(43, 89, 0)	(89, 2, 0)	nan
(43, 89, 0)	(89, 2, 4)	nan
(43, 89, 0)	(89, 46, 7)	(46, 2, 0)	nan
(43, 89, 0)	(89, 90, 1)	(90, 2, 0)	nan
(43, 89, 0)	(89, 90, 1)	(90, 2, 4)	nan
(43, 89, 7)	(89, 2, 0)	nan
(43, 89, 7)	(89, 2, 4)	nan
(43, 89, 7)	(89, 46, 7)	(46, 2, 0)	nan
(43, 89, 7)	(89, 90, 1)	(90, 2, 0)	nan
(43, 89, 7)	(89, 90, 1)	(90, 2, 4)	nan
(43, 70, 1)	(70, 34, 8)	(34, 2, 0)	nan
(43, 70, 1)	(70, 34, 8)	(34, 2, 0)	nan
(43, 70, 1)	(70, 34, 8)	(34, 2, 0)	nan
(43, 70, 1)	(70, 34, 8)	(34, 2, 0)	nan
(43, 70, 1)	(70, 34, 8)	(34, 2, 0)	nan
