(43, 22, 5)	nan
(43, 30, 8)	(30, 22, 5)	nan
(43, 30, 8)	(30, 22, 7)	nan
(43, 30, 8)	(30, 72, 4)	(72, 22, 7)	nan
(43, 30, 8)	(30, 72, 4)	(72, 22, 5)	nan
(43, 30, 8)	(30, 72, 4)	(72, 22, 5)	nan
(43, 30, 8)	(30, 75, 7)	(75, 22, 5)	nan
(43, 30, 8)	(30, 75, 7)	(75, 22, 5)	nan
(43, 32, 8)	(32, 22, 5)	nan
(43, 32, 8)	(32, 22, 5)	nan
(43, 32, 8)	(32, 22, 6)	nan
(43, 32, 8)	(32, 29, 3)	(29, 22, 5)	nan
(43, 32, 8)	(32, 29, 3)	(29, 22, 5)	nan
(43, 32, 8)	(32, 29, 3)	(29, 22, 5)	nan
(43, 32, 8)	(32, 29, 3)	(29, 22, 5)	nan
(43, 32, 8)	(32, 86, 7)	(86, 22, 5)	nan
(43, 32, 8)	(32, 61, 1)	(61, 22, 5)	nan
(43, 32, 8)	(32, 61, 1)	(61, 22, 7)	nan
(43, 32, 8)	(32, 76, 7)	(76, 22, 5)	nan
(43, 32, 8)	(32, 41, 3)	(41, 22, 5)	nan
(43, 32, 8)	(32, 41, 3)	(41, 22, 5)	nan
(43, 32, 8)	(32, 41, 3)	(41, 22, 3)	nan
(43, 32, 8)	(32, 41, 3)	(41, 22, 4)	nan
(43, 32, 8)	(32, 40, 5)	(40, 22, 5)	nan
(43, 32, 8)	(32, 40, 5)	(40, 22, 5)	nan
(43, 55, 0)	(55, 35, 8)	(35, 22, 5)	nan
(43, 55, 0)	(55, 35, 8)	(35, 22, 5)	nan
(43, 55, 0)	(55, 35, 8)	(35, 22, 3)	nan
(43, 55, 0)	(55, 35, 8)	(35, 22, 5)	nan
(43, 55, 0)	(55, 35, 8)	(35, 22, 5)	nan
(43, 55, 0)	(55, 35, 8)	(35, 22, 3)	nan
(43, 55, 0)	(55, 35, 3)	(35, 22, 5)	nan
(43, 55, 0)	(55, 35, 3)	(35, 22, 5)	nan
(43, 55, 0)	(55, 35, 3)	(35, 22, 3)	nan
(43, 55, 0)	(55, 35, 5)	(35, 22, 5)	nan
(43, 55, 0)	(55, 35, 5)	(35, 22, 5)	nan
(43, 55, 0)	(55, 35, 5)	(35, 22, 3)	nan
(43, 55, 0)	(55, 64, 7)	(64, 22, 5)	nan
(43, 55, 0)	(55, 30, 8)	(30, 22, 5)	nan
(43, 55, 0)	(55, 30, 8)	(30, 22, 7)	nan
(43, 55, 0)	(55, 50, 7)	(50, 22, 5)	nan
(43, 55, 0)	(55, 50, 7)	(50, 22, 5)	nan
(43, 55, 0)	(55, 50, 7)	(50, 22, 0)	nan
(43, 55, 0)	(55, 22, 5)	nan
(43, 55, 0)	(55, 81, 3)	(81, 22, 5)	nan
(43, 55, 0)	(55, 81, 3)	(81, 22, 5)	nan
(43, 55, 0)	(55, 68, 4)	(68, 22, 5)	nan
(43, 55, 0)	(55, 68, 4)	(68, 22, 5)	nan
(43, 55, 0)	(55, 68, 4)	(68, 22, 3)	nan
(43, 55, 0)	(55, 68, 4)	(68, 22, 1)	nan
(43, 89, 0)	(89, 46, 7)	(46, 22, 5)	nan
