(43, 28, 5)	nan
(43, 28, 6)	nan
(43, 30, 8)	(30, 72, 4)	(72, 28, 7)	nan
(43, 30, 8)	(30, 72, 4)	(72, 28, 6)	nan
(43, 30, 8)	(30, 88, 5)	(88, 28, 7)	nan
(43, 30, 8)	(30, 88, 5)	(88, 28, 3)	nan
(43, 30, 8)	(30, 85, 0)	(85, 28, 7)	nan
(43, 30, 8)	(30, 85, 0)	(85, 28, 2)	nan
(43, 32, 8)	(32, 28, 7)	nan
(43, 32, 8)	(32, 28, 7)	nan
(43, 32, 8)	(32, 28, 4)	nan
(43, 32, 8)	(32, 28, 3)	nan
(43, 32, 8)	(32, 28, 5)	nan
(43, 32, 8)	(32, 29, 3)	(29, 28, 7)	nan
(43, 32, 8)	(32, 29, 3)	(29, 28, 3)	nan
(43, 32, 8)	(32, 61, 1)	(61, 28, 7)	nan
(43, 32, 8)	(32, 61, 1)	(61, 28, 7)	nan
(43, 32, 8)	(32, 61, 1)	(61, 28, 4)	nan
(43, 32, 8)	(32, 61, 1)	(61, 28, 3)	nan
(43, 32, 8)	(32, 76, 7)	(76, 28, 7)	nan
(43, 32, 8)	(32, 76, 7)	(76, 28, 0)	nan
(43, 32, 8)	(32, 51, 1)	(51, 28, 7)	nan
(43, 32, 8)	(32, 51, 1)	(51, 28, 2)	nan
(43, 32, 8)	(32, 40, 5)	(40, 28, 7)	nan
(43, 32, 8)	(32, 40, 5)	(40, 28, 3)	nan
(43, 55, 0)	(55, 28, 7)	nan
(43, 55, 0)	(55, 28, 7)	nan
(43, 55, 0)	(55, 28, 0)	nan
(43, 55, 0)	(55, 28, 6)	nan
(43, 55, 0)	(55, 35, 8)	(35, 28, 7)	nan
(43, 55, 0)	(55, 35, 8)	(35, 28, 1)	nan
(43, 55, 0)	(55, 35, 8)	(35, 28, 7)	nan
(43, 55, 0)	(55, 35, 8)	(35, 28, 1)	nan
(43, 55, 0)	(55, 35, 3)	(35, 28, 7)	nan
(43, 55, 0)	(55, 35, 3)	(35, 28, 1)	nan
(43, 55, 0)	(55, 35, 5)	(35, 28, 7)	nan
(43, 55, 0)	(55, 35, 5)	(35, 28, 1)	nan
(43, 55, 0)	(55, 64, 7)	(64, 28, 7)	nan
(43, 55, 0)	(55, 64, 7)	(64, 28, 1)	nan
(43, 55, 0)	(55, 44, 1)	(44, 28, 7)	nan
(43, 55, 0)	(55, 44, 1)	(44, 28, 4)	nan
(43, 55, 0)	(55, 50, 7)	(50, 28, 7)	nan
(43, 55, 0)	(55, 50, 7)	(50, 28, 5)	nan
(43, 55, 0)	(55, 65, 7)	(65, 28, 7)	nan
(43, 55, 0)	(55, 65, 7)	(65, 28, 4)	nan
(43, 55, 0)	(55, 81, 3)	(81, 28, 7)	nan
(43, 55, 0)	(55, 81, 3)	(81, 28, 1)	nan
(43, 55, 0)	(55, 68, 4)	(68, 28, 7)	nan
(43, 55, 0)	(55, 68, 4)	(68, 28, 2)	nan
(43, 89, 0)	(89, 90, 1)	(90, 28, 7)	nan
