(43, 26, 1)	nan
(43, 26, 3)	nan
(43, 30, 8)	(30, 26, 7)	nan
(43, 30, 8)	(30, 26, 7)	nan
(43, 30, 8)	(30, 26, 4)	nan
(43, 30, 8)	(30, 26, 5)	nan
(43, 30, 8)	(30, 72, 4)	(72, 26, 7)	nan
(43, 30, 8)	(30, 60, 7)	(60, 26, 7)	nan
(43, 30, 8)	(30, 60, 7)	(60, 26, 5)	nan
(43, 30, 8)	(30, 60, 0)	(60, 26, 7)	nan
(43, 30, 8)	(30, 60, 0)	(60, 26, 5)	nan
(43, 30, 8)	(30, 75, 7)	(75, 26, 7)	nan
(43, 30, 8)	(30, 75, 7)	(75, 26, 8)	nan
(43, 30, 8)	(30, 88, 5)	(88, 26, 7)	nan
(43, 30, 8)	(30, 88, 5)	(88, 26, 7)	nan
(43, 30, 8)	(30, 88, 5)	(88, 26, 8)	nan
(43, 30, 8)	(30, 88, 5)	(88, 26, 2)	nan
(43, 30, 8)	(30, 34, 8)	(34, 26, 7)	nan
(43, 30, 8)	(30, 34, 8)	(34, 26, 5)	nan
(43, 30, 8)	(30, 85, 0)	(85, 26, 7)	nan
(43, 30, 8)	(30, 85, 0)	(85, 26, 7)	nan
(43, 30, 8)	(30, 85, 0)	(85, 26, 7)	nan
(43, 30, 8)	(30, 85, 0)	(85, 26, 7)	nan
(43, 32, 8)	(32, 26, 7)	nan
(43, 32, 8)	(32, 26, 8)	nan
(43, 32, 8)	(32, 29, 3)	(29, 26, 7)	nan
(43, 32, 8)	(32, 29, 3)	(29, 26, 2)	nan
(43, 32, 8)	(32, 86, 7)	(86, 26, 7)	nan
(43, 32, 8)	(32, 61, 1)	(61, 26, 7)	nan
(43, 32, 8)	(32, 61, 1)	(61, 26, 8)	nan
(43, 32, 8)	(32, 76, 7)	(76, 26, 7)	nan
(43, 32, 8)	(32, 76, 7)	(76, 26, 7)	nan
(43, 32, 8)	(32, 76, 7)	(76, 26, 7)	nan
(43, 32, 8)	(32, 76, 7)	(76, 26, 7)	nan
(43, 32, 8)	(32, 76, 7)	(76, 26, 7)	nan
(43, 32, 8)	(32, 41, 3)	(41, 26, 7)	nan
(43, 55, 0)	(55, 26, 7)	nan
(43, 55, 0)	(55, 26, 7)	nan
(43, 55, 0)	(55, 26, 3)	nan
(43, 55, 0)	(55, 35, 8)	(35, 26, 7)	nan
(43, 55, 0)	(55, 35, 8)	(35, 26, 7)	nan
(43, 55, 0)	(55, 35, 3)	(35, 26, 7)	nan
(43, 55, 0)	(55, 35, 5)	(35, 26, 7)	nan
(43, 55, 0)	(55, 64, 7)	(64, 26, 7)	nan
(43, 55, 0)	(55, 64, 7)	(64, 26, 7)	nan
(43, 55, 0)	(55, 64, 7)	(64, 26, 2)	nan
(43, 55, 0)	(55, 89, 3)	(89, 26, 7)	nan
(43, 55, 0)	(55, 89, 3)	(89, 26, 5)	nan
(43, 55, 0)	(55, 30, 8)	(30, 26, 7)	nan
