(43, 30, 8)	(30, 3, 0)	nan
(43, 30, 8)	(30, 3, 3)	nan
(43, 30, 8)	(30, 60, 7)	(60, 3, 0)	nan
(43, 30, 8)	(30, 60, 0)	(60, 3, 0)	nan
(43, 30, 8)	(30, 88, 5)	(88, 3, 0)	nan
(43, 30, 8)	(30, 88, 5)	(88, 3, 0)	nan
(43, 30, 8)	(30, 88, 5)	(88, 3, 3)	nan
(43, 30, 8)	(30, 34, 8)	(34, 3, 0)	nan
(43, 32, 8)	(32, 29, 3)	(29, 3, 0)	nan
(43, 32, 8)	(32, 3, 0)	nan
(43, 32, 8)	(32, 3, 0)	nan
(43, 32, 8)	(32, 3, 0)	nan
(43, 32, 8)	(32, 61, 1)	(61, 3, 0)	nan
(43, 32, 8)	(32, 61, 1)	(61, 3, 0)	nan
(43, 32, 8)	(32, 76, 7)	(76, 3, 0)	nan
(43, 32, 8)	(32, 51, 1)	(51, 3, 0)	nan
(43, 32, 8)	(32, 51, 1)	(51, 3, 0)	nan
(43, 32, 8)	(32, 41, 3)	(41, 3, 0)	nan
(43, 32, 8)	(32, 41, 3)	(41, 3, 0)	nan
(43, 32, 8)	(32, 41, 3)	(41, 3, 3)	nan
(43, 55, 0)	(55, 35, 8)	(35, 3, 0)	nan
(43, 55, 0)	(55, 35, 8)	(35, 3, 0)	nan
(43, 55, 0)	(55, 35, 3)	(35, 3, 0)	nan
(43, 55, 0)	(55, 35, 5)	(35, 3, 0)	nan
(43, 55, 0)	(55, 89, 3)	(89, 3, 0)	nan
(43, 55, 0)	(55, 89, 3)	(89, 3, 7)	nan
(43, 55, 0)	(55, 30, 8)	(30, 3, 0)	nan
(43, 55, 0)	(55, 30, 8)	(30, 3, 3)	nan
(43, 55, 0)	(55, 44, 1)	(44, 3, 0)	nan
(43, 55, 0)	(55, 65, 7)	(65, 3, 0)	nan
(43, 55, 0)	(55, 65, 7)	(65, 3, 0)	nan
(43, 55, 0)	(55, 65, 7)	(65, 3, 7)	nan
(43, 55, 0)	(55, 81, 3)	(81, 3, 0)	nan
(43, 55, 0)	(55, 81, 3)	(81, 3, 7)	nan
(43, 55, 0)	(55, 68, 4)	(68, 3, 5)	nan
(43, 89, 0)	(89, 3, 0)	nan
(43, 89, 0)	(89, 3, 7)	nan
(43, 89, 0)	(89, 46, 7)	(46, 3, 0)	nan
(43, 89, 0)	(89, 46, 7)	(46, 3, 6)	nan
(43, 89, 0)	(89, 90, 1)	(90, 3, 0)	nan
(43, 89, 0)	(89, 90, 1)	(90, 3, 7)	nan
(43, 89, 7)	(89, 3, 0)	nan
(43, 89, 7)	(89, 3, 7)	nan
(43, 89, 7)	(89, 46, 7)	(46, 3, 0)	nan
(43, 89, 7)	(89, 46, 7)	(46, 3, 6)	nan
(43, 89, 7)	(89, 90, 1)	(90, 3, 0)	nan
(43, 89, 7)	(89, 90, 1)	(90, 3, 7)	nan
(43, 70, 1)	(70, 34, 8)	(34, 3, 0)	nan
(43, 70, 1)	(70, 34, 8)	(34, 3, 0)	nan
(43, 70, 1)	(70, 34, 7)	(34, 3, 0)	nan
