(43, 30, 8)	(30, 72, 4)	(72, 34, 8)	nan
(43, 30, 8)	(30, 72, 4)	(72, 34, 3)	nan
(43, 30, 8)	(30, 60, 7)	(60, 34, 6)	nan
(43, 30, 8)	(30, 60, 0)	(60, 34, 6)	nan
(43, 30, 8)	(30, 75, 7)	(75, 34, 8)	nan
(43, 30, 8)	(30, 34, 8)	nan
(43, 32, 8)	(32, 61, 1)	(61, 34, 8)	nan
(43, 32, 8)	(32, 41, 3)	(41, 34, 8)	nan
(43, 55, 0)	(55, 30, 8)	(30, 34, 8)	nan
(43, 55, 0)	(55, 50, 7)	(50, 34, 8)	nan
(43, 70, 1)	(70, 34, 8)	nan
(43, 70, 1)	(70, 34, 8)	nan
(43, 70, 1)	(70, 34, 7)	nan
(43, 62, 5)	(62, 34, 8)	nan
(43, 63, 0)	(63, 48, 1)	(48, 34, 0)	nan
