(43, 4, 5)	nan
(43, 30, 8)	(30, 4, 0)	nan
(43, 30, 8)	(30, 4, 7)	nan
(43, 30, 8)	(30, 75, 7)	(75, 4, 5)	nan
(43, 30, 8)	(30, 75, 7)	(75, 4, 7)	nan
(43, 30, 8)	(30, 88, 5)	(88, 4, 0)	nan
(43, 32, 8)	(32, 29, 3)	(29, 4, 0)	nan
(43, 32, 8)	(32, 61, 1)	(61, 4, 0)	nan
(43, 32, 8)	(32, 41, 3)	(41, 4, 0)	nan
(43, 32, 8)	(32, 41, 3)	(41, 4, 0)	nan
(43, 32, 8)	(32, 41, 3)	(41, 4, 2)	nan
(43, 32, 8)	(32, 40, 5)	(40, 4, 0)	nan
(43, 32, 8)	(32, 40, 5)	(40, 4, 7)	nan
(43, 55, 0)	(55, 30, 8)	(30, 4, 0)	nan
(43, 55, 0)	(55, 30, 8)	(30, 4, 7)	nan
(43, 55, 0)	(55, 44, 1)	(44, 4, 0)	nan
(43, 89, 0)	(89, 46, 7)	(46, 4, 0)	nan
(43, 89, 0)	(89, 46, 7)	(46, 4, 0)	nan
(43, 89, 0)	(89, 46, 7)	(46, 4, 5)	nan
(43, 89, 0)	(89, 46, 7)	(46, 4, 4)	nan
(43, 89, 0)	(89, 90, 1)	(90, 4, 0)	nan
(43, 89, 0)	(89, 90, 1)	(90, 4, 6)	nan
(43, 89, 7)	(89, 46, 7)	(46, 4, 0)	nan
(43, 89, 7)	(89, 46, 7)	(46, 4, 0)	nan
(43, 89, 7)	(89, 46, 7)	(46, 4, 5)	nan
(43, 89, 7)	(89, 46, 7)	(46, 4, 4)	nan
(43, 89, 7)	(89, 90, 1)	(90, 4, 0)	nan
(43, 89, 7)	(89, 90, 1)	(90, 4, 6)	nan
(43, 62, 5)	(62, 4, 0)	nan
(43, 62, 5)	(62, 4, 0)	nan
(43, 62, 5)	(62, 88, 5)	(88, 4, 0)	nan
(43, 62, 5)	(62, 31, 7)	(31, 4, 0)	nan
(43, 63, 0)	(63, 4, 0)	nan
(43, 63, 0)	(63, 33, 7)	(33, 4, 0)	nan
(43, 63, 0)	(63, 33, 8)	(33, 4, 0)	nan
(43, 63, 0)	(63, 33, 8)	(33, 4, 0)	nan
(43, 63, 0)	(63, 48, 1)	(48, 4, 0)	nan
(43, 63, 0)	(63, 48, 1)	(48, 4, 5)	nan
(43, 63, 0)	(63, 57, 7)	(57, 4, 0)	nan
(43, 63, 0)	(63, 57, 7)	(57, 4, 0)	nan
