(44, 30, 8)	(30, 72, 4)	(72, 10, 2)	nan
(44, 30, 8)	(30, 60, 7)	(60, 10, 2)	nan
(44, 30, 8)	(30, 60, 7)	(60, 10, 2)	nan
(44, 30, 8)	(30, 60, 0)	(60, 10, 2)	nan
(44, 30, 8)	(30, 60, 0)	(60, 10, 2)	nan
(44, 30, 8)	(30, 34, 8)	(34, 10, 2)	nan
(44, 30, 8)	(30, 85, 0)	(85, 10, 2)	nan
(44, 29, 8)	(29, 10, 2)	nan
(44, 29, 8)	(29, 10, 2)	nan
(44, 29, 8)	(29, 10, 5)	nan
(44, 29, 8)	(29, 10, 4)	nan
(44, 29, 8)	(29, 35, 1)	(35, 10, 2)	nan
(44, 29, 8)	(29, 35, 1)	(35, 10, 5)	nan
(44, 29, 8)	(29, 52, 7)	(52, 10, 2)	nan
(44, 29, 8)	(29, 52, 7)	(52, 10, 2)	nan
(44, 29, 8)	(29, 52, 7)	(52, 10, 2)	nan
(44, 29, 8)	(29, 76, 3)	(76, 10, 2)	nan
(44, 29, 8)	(29, 61, 7)	(61, 10, 2)	nan
(44, 29, 8)	(29, 61, 7)	(61, 10, 2)	nan
(44, 85, 0)	(85, 33, 8)	(33, 10, 2)	nan
(44, 85, 0)	(85, 33, 4)	(33, 10, 2)	nan
(44, 85, 0)	(85, 10, 2)	nan
(44, 85, 0)	(85, 35, 1)	(35, 10, 2)	nan
(44, 85, 0)	(85, 35, 1)	(35, 10, 5)	nan
(44, 71, 0)	(71, 34, 8)	(34, 10, 2)	nan
(44, 71, 0)	(71, 34, 8)	(34, 10, 2)	nan
(44, 71, 0)	(71, 34, 1)	(34, 10, 2)	nan
(44, 71, 0)	(71, 34, 1)	(34, 10, 2)	nan
(44, 71, 0)	(71, 74, 7)	(74, 10, 2)	nan
(44, 71, 0)	(71, 74, 7)	(74, 10, 7)	nan
(44, 71, 0)	(71, 10, 2)	nan
(44, 71, 0)	(71, 31, 7)	(31, 10, 2)	nan
(44, 10, 1)	nan
(44, 10, 2)	nan
(44, 63, 0)	(63, 35, 8)	(35, 10, 2)	nan
(44, 63, 0)	(63, 35, 8)	(35, 10, 5)	nan
(44, 63, 0)	(63, 35, 8)	(35, 10, 2)	nan
(44, 63, 0)	(63, 35, 8)	(35, 10, 5)	nan
(44, 63, 0)	(63, 35, 7)	(35, 10, 2)	nan
(44, 63, 0)	(63, 35, 7)	(35, 10, 5)	nan
(44, 63, 0)	(63, 35, 3)	(35, 10, 2)	nan
(44, 63, 0)	(63, 35, 3)	(35, 10, 5)	nan
(44, 63, 0)	(63, 85, 3)	(85, 10, 2)	nan
(44, 63, 0)	(63, 10, 2)	nan
(44, 63, 0)	(63, 10, 2)	nan
(44, 63, 0)	(63, 33, 7)	(33, 10, 2)	nan
(44, 63, 0)	(63, 33, 8)	(33, 10, 2)	nan
(44, 63, 0)	(63, 33, 8)	(33, 10, 2)	nan
(44, 63, 0)	(63, 48, 1)	(48, 10, 2)	nan
(44, 63, 0)	(63, 48, 1)	(48, 10, 2)	nan
(44, 63, 0)	(63, 48, 1)	(48, 10, 8)	nan
