(44, 30, 8)	(30, 11, 2)	nan
(44, 30, 8)	(30, 72, 4)	(72, 11, 2)	nan
(44, 30, 8)	(30, 60, 7)	(60, 11, 2)	nan
(44, 30, 8)	(30, 60, 0)	(60, 11, 2)	nan
(44, 30, 8)	(30, 75, 7)	(75, 11, 2)	nan
(44, 30, 8)	(30, 75, 7)	(75, 11, 3)	nan
(44, 30, 8)	(30, 88, 5)	(88, 11, 2)	nan
(44, 30, 8)	(30, 88, 5)	(88, 11, 1)	nan
(44, 30, 8)	(30, 34, 8)	(34, 11, 2)	nan
(44, 30, 8)	(30, 34, 8)	(34, 11, 8)	nan
(44, 30, 8)	(30, 85, 0)	(85, 11, 2)	nan
(44, 30, 8)	(30, 85, 0)	(85, 11, 5)	nan
(44, 11, 2)	nan
(44, 11, 6)	nan
(44, 11, 4)	nan
(44, 29, 8)	(29, 11, 2)	nan
(44, 29, 8)	(29, 11, 2)	nan
(44, 29, 8)	(29, 11, 7)	nan
(44, 29, 8)	(29, 88, 0)	(88, 11, 2)	nan
(44, 29, 8)	(29, 88, 0)	(88, 11, 1)	nan
(44, 29, 8)	(29, 35, 1)	(35, 11, 2)	nan
(44, 29, 8)	(29, 35, 1)	(35, 11, 8)	nan
(44, 29, 8)	(29, 52, 7)	(52, 11, 2)	nan
(44, 29, 8)	(29, 52, 7)	(52, 11, 2)	nan
(44, 29, 8)	(29, 52, 7)	(52, 11, 6)	nan
(44, 29, 8)	(29, 76, 3)	(76, 11, 2)	nan
(44, 29, 8)	(29, 76, 3)	(76, 11, 7)	nan
(44, 29, 8)	(29, 86, 1)	(86, 11, 2)	nan
(44, 29, 8)	(29, 86, 1)	(86, 11, 2)	nan
(44, 29, 8)	(29, 86, 1)	(86, 11, 5)	nan
(44, 29, 8)	(29, 86, 1)	(86, 11, 5)	nan
(44, 29, 8)	(29, 61, 7)	(61, 11, 2)	nan
(44, 29, 8)	(29, 61, 7)	(61, 11, 2)	nan
(44, 29, 8)	(29, 61, 7)	(61, 11, 5)	nan
(44, 85, 0)	(85, 33, 8)	(33, 11, 2)	nan
(44, 85, 0)	(85, 33, 4)	(33, 11, 2)	nan
(44, 85, 0)	(85, 11, 2)	nan
(44, 85, 0)	(85, 11, 5)	nan
(44, 85, 0)	(85, 83, 3)	(83, 11, 2)	nan
(44, 85, 0)	(85, 83, 3)	(83, 11, 2)	nan
(44, 85, 0)	(85, 83, 3)	(83, 11, 2)	nan
(44, 85, 0)	(85, 83, 3)	(83, 11, 2)	nan
(44, 85, 0)	(85, 35, 1)	(35, 11, 2)	nan
(44, 85, 0)	(85, 35, 1)	(35, 11, 8)	nan
(44, 85, 0)	(85, 37, 3)	(37, 11, 2)	nan
(44, 85, 0)	(85, 37, 3)	(37, 11, 2)	nan
(44, 85, 0)	(85, 37, 3)	(37, 11, 2)	nan
(44, 85, 0)	(85, 37, 3)	(37, 11, 2)	nan
(44, 85, 0)	(85, 37, 3)	(37, 11, 2)	nan
(44, 71, 0)	(71, 34, 8)	(34, 11, 2)	nan
