(44, 30, 8)	(30, 26, 7)	nan
(44, 30, 8)	(30, 26, 7)	nan
(44, 30, 8)	(30, 26, 4)	nan
(44, 30, 8)	(30, 26, 5)	nan
(44, 30, 8)	(30, 72, 4)	(72, 26, 7)	nan
(44, 30, 8)	(30, 60, 7)	(60, 26, 7)	nan
(44, 30, 8)	(30, 60, 7)	(60, 26, 5)	nan
(44, 30, 8)	(30, 60, 0)	(60, 26, 7)	nan
(44, 30, 8)	(30, 60, 0)	(60, 26, 5)	nan
(44, 30, 8)	(30, 75, 7)	(75, 26, 7)	nan
(44, 30, 8)	(30, 75, 7)	(75, 26, 8)	nan
(44, 30, 8)	(30, 88, 5)	(88, 26, 7)	nan
(44, 30, 8)	(30, 88, 5)	(88, 26, 7)	nan
(44, 30, 8)	(30, 88, 5)	(88, 26, 8)	nan
(44, 30, 8)	(30, 88, 5)	(88, 26, 2)	nan
(44, 30, 8)	(30, 34, 8)	(34, 26, 7)	nan
(44, 30, 8)	(30, 34, 8)	(34, 26, 5)	nan
(44, 30, 8)	(30, 85, 0)	(85, 26, 7)	nan
(44, 30, 8)	(30, 85, 0)	(85, 26, 7)	nan
(44, 30, 8)	(30, 85, 0)	(85, 26, 7)	nan
(44, 30, 8)	(30, 85, 0)	(85, 26, 7)	nan
(44, 26, 7)	nan
(44, 26, 4)	nan
(44, 29, 8)	(29, 26, 7)	nan
(44, 29, 8)	(29, 26, 2)	nan
(44, 29, 8)	(29, 88, 0)	(88, 26, 7)	nan
(44, 29, 8)	(29, 88, 0)	(88, 26, 7)	nan
(44, 29, 8)	(29, 88, 0)	(88, 26, 8)	nan
(44, 29, 8)	(29, 88, 0)	(88, 26, 2)	nan
(44, 29, 8)	(29, 35, 1)	(35, 26, 7)	nan
(44, 29, 8)	(29, 76, 3)	(76, 26, 7)	nan
(44, 29, 8)	(29, 76, 3)	(76, 26, 7)	nan
(44, 29, 8)	(29, 76, 3)	(76, 26, 7)	nan
(44, 29, 8)	(29, 76, 3)	(76, 26, 7)	nan
(44, 29, 8)	(29, 76, 3)	(76, 26, 7)	nan
(44, 29, 8)	(29, 86, 1)	(86, 26, 7)	nan
(44, 29, 8)	(29, 61, 7)	(61, 26, 7)	nan
(44, 29, 8)	(29, 61, 7)	(61, 26, 8)	nan
(44, 85, 0)	(85, 33, 8)	(33, 26, 7)	nan
(44, 85, 0)	(85, 33, 8)	(33, 26, 7)	nan
(44, 85, 0)	(85, 33, 8)	(33, 26, 0)	nan
(44, 85, 0)	(85, 33, 8)	(33, 26, 4)	nan
(44, 85, 0)	(85, 33, 4)	(33, 26, 7)	nan
(44, 85, 0)	(85, 33, 4)	(33, 26, 7)	nan
(44, 85, 0)	(85, 33, 4)	(33, 26, 0)	nan
(44, 85, 0)	(85, 33, 4)	(33, 26, 4)	nan
(44, 85, 0)	(85, 26, 7)	nan
(44, 85, 0)	(85, 26, 7)	nan
(44, 85, 0)	(85, 26, 7)	nan
(44, 85, 0)	(85, 26, 7)	nan
(44, 85, 0)	(85, 83, 3)	(83, 26, 7)	nan
