(44, 30, 8)	(30, 25, 7)	nan
(44, 30, 8)	(30, 25, 2)	nan
(44, 30, 8)	(30, 72, 4)	(72, 25, 7)	nan
(44, 30, 8)	(30, 72, 4)	(72, 25, 7)	nan
(44, 30, 8)	(30, 72, 4)	(72, 25, 4)	nan
(44, 30, 8)	(30, 75, 7)	(75, 25, 7)	nan
(44, 30, 8)	(30, 85, 0)	(85, 25, 7)	nan
(44, 30, 8)	(30, 85, 0)	(85, 25, 7)	nan
(44, 30, 8)	(30, 85, 0)	(85, 25, 7)	nan
(44, 30, 8)	(30, 85, 0)	(85, 25, 7)	nan
(44, 30, 8)	(30, 85, 0)	(85, 25, 7)	nan
(44, 30, 8)	(30, 85, 0)	(85, 25, 7)	nan
(44, 30, 8)	(30, 85, 0)	(85, 25, 7)	nan
(44, 30, 8)	(30, 85, 0)	(85, 25, 7)	nan
(44, 30, 8)	(30, 85, 0)	(85, 25, 7)	nan
(44, 30, 8)	(30, 85, 0)	(85, 25, 7)	nan
(44, 25, 7)	nan
(44, 25, 4)	nan
(44, 29, 8)	(29, 25, 7)	nan
(44, 29, 8)	(29, 25, 3)	nan
(44, 29, 8)	(29, 50, 5)	(50, 25, 7)	nan
(44, 29, 8)	(29, 50, 5)	(50, 25, 0)	nan
(44, 29, 8)	(29, 52, 7)	(52, 25, 7)	nan
(44, 29, 8)	(29, 52, 7)	(52, 25, 0)	nan
(44, 29, 8)	(29, 76, 3)	(76, 25, 7)	nan
(44, 29, 8)	(29, 76, 3)	(76, 25, 7)	nan
(44, 29, 8)	(29, 76, 3)	(76, 25, 7)	nan
(44, 29, 8)	(29, 76, 3)	(76, 25, 7)	nan
(44, 29, 8)	(29, 76, 3)	(76, 25, 7)	nan
(44, 29, 8)	(29, 76, 3)	(76, 25, 7)	nan
(44, 29, 8)	(29, 76, 3)	(76, 25, 7)	nan
(44, 29, 8)	(29, 86, 1)	(86, 25, 7)	nan
(44, 29, 8)	(29, 86, 1)	(86, 25, 7)	nan
(44, 29, 8)	(29, 86, 1)	(86, 25, 1)	nan
(44, 29, 8)	(29, 61, 7)	(61, 25, 7)	nan
(44, 29, 8)	(29, 61, 7)	(61, 25, 7)	nan
(44, 29, 8)	(29, 61, 7)	(61, 25, 2)	nan
(44, 85, 0)	(85, 33, 8)	(33, 25, 5)	nan
(44, 85, 0)	(85, 33, 4)	(33, 25, 5)	nan
(44, 85, 0)	(85, 25, 7)	nan
(44, 85, 0)	(85, 25, 7)	nan
(44, 85, 0)	(85, 25, 7)	nan
(44, 85, 0)	(85, 25, 7)	nan
(44, 85, 0)	(85, 25, 7)	nan
(44, 85, 0)	(85, 25, 7)	nan
(44, 85, 0)	(85, 25, 7)	nan
(44, 85, 0)	(85, 25, 7)	nan
(44, 85, 0)	(85, 25, 7)	nan
(44, 85, 0)	(85, 25, 7)	nan
(44, 85, 0)	(85, 83, 3)	(83, 25, 7)	nan
(44, 85, 0)	(85, 83, 3)	(83, 25, 1)	nan
