(44, 30, 8)	(30, 27, 7)	nan
(44, 30, 8)	(30, 60, 7)	(60, 27, 3)	nan
(44, 30, 8)	(30, 60, 0)	(60, 27, 3)	nan
(44, 30, 8)	(30, 88, 5)	(88, 27, 7)	nan
(44, 30, 8)	(30, 88, 5)	(88, 27, 7)	nan
(44, 30, 8)	(30, 88, 5)	(88, 27, 5)	nan
(44, 30, 8)	(30, 88, 5)	(88, 27, 3)	nan
(44, 30, 8)	(30, 34, 8)	(34, 27, 7)	nan
(44, 30, 8)	(30, 34, 8)	(34, 27, 7)	nan
(44, 30, 8)	(30, 85, 0)	(85, 27, 7)	nan
(44, 30, 8)	(30, 85, 0)	(85, 27, 7)	nan
(44, 30, 8)	(30, 85, 0)	(85, 27, 2)	nan
(44, 30, 8)	(30, 85, 0)	(85, 27, 2)	nan
(44, 27, 7)	nan
(44, 27, 5)	nan
(44, 29, 8)	(29, 27, 7)	nan
(44, 29, 8)	(29, 27, 5)	nan
(44, 29, 8)	(29, 50, 5)	(50, 27, 7)	nan
(44, 29, 8)	(29, 50, 5)	(50, 27, 2)	nan
(44, 29, 8)	(29, 88, 0)	(88, 27, 7)	nan
(44, 29, 8)	(29, 88, 0)	(88, 27, 7)	nan
(44, 29, 8)	(29, 88, 0)	(88, 27, 5)	nan
(44, 29, 8)	(29, 88, 0)	(88, 27, 3)	nan
(44, 29, 8)	(29, 35, 1)	(35, 27, 7)	nan
(44, 29, 8)	(29, 52, 7)	(52, 27, 7)	nan
(44, 29, 8)	(29, 52, 7)	(52, 27, 1)	nan
(44, 29, 8)	(29, 76, 3)	(76, 27, 7)	nan
(44, 29, 8)	(29, 76, 3)	(76, 27, 7)	nan
(44, 29, 8)	(29, 76, 3)	(76, 27, 7)	nan
(44, 29, 8)	(29, 76, 3)	(76, 27, 7)	nan
(44, 29, 8)	(29, 76, 3)	(76, 27, 7)	nan
(44, 29, 8)	(29, 76, 3)	(76, 27, 7)	nan
(44, 29, 8)	(29, 76, 3)	(76, 27, 7)	nan
(44, 29, 8)	(29, 76, 3)	(76, 27, 7)	nan
(44, 29, 8)	(29, 76, 3)	(76, 27, 7)	nan
(44, 29, 8)	(29, 76, 3)	(76, 27, 7)	nan
(44, 29, 8)	(29, 76, 3)	(76, 27, 7)	nan
(44, 29, 8)	(29, 76, 3)	(76, 27, 7)	nan
(44, 29, 8)	(29, 86, 1)	(86, 27, 7)	nan
(44, 29, 8)	(29, 61, 7)	(61, 27, 7)	nan
(44, 29, 8)	(29, 61, 7)	(61, 27, 8)	nan
(44, 85, 0)	(85, 33, 8)	(33, 27, 7)	nan
(44, 85, 0)	(85, 33, 8)	(33, 27, 0)	nan
(44, 85, 0)	(85, 33, 4)	(33, 27, 7)	nan
(44, 85, 0)	(85, 33, 4)	(33, 27, 0)	nan
(44, 85, 0)	(85, 27, 7)	nan
(44, 85, 0)	(85, 27, 7)	nan
(44, 85, 0)	(85, 27, 2)	nan
(44, 85, 0)	(85, 27, 2)	nan
(44, 85, 0)	(85, 35, 1)	(35, 27, 7)	nan
(44, 71, 0)	(71, 34, 8)	(34, 27, 7)	nan
