(44, 28, 4)	nan
(44, 30, 8)	(30, 72, 4)	(72, 28, 7)	nan
(44, 30, 8)	(30, 72, 4)	(72, 28, 6)	nan
(44, 30, 8)	(30, 88, 5)	(88, 28, 7)	nan
(44, 30, 8)	(30, 88, 5)	(88, 28, 3)	nan
(44, 30, 8)	(30, 85, 0)	(85, 28, 7)	nan
(44, 30, 8)	(30, 85, 0)	(85, 28, 2)	nan
(44, 29, 8)	(29, 28, 7)	nan
(44, 29, 8)	(29, 28, 3)	nan
(44, 29, 8)	(29, 50, 5)	(50, 28, 7)	nan
(44, 29, 8)	(29, 50, 5)	(50, 28, 5)	nan
(44, 29, 8)	(29, 88, 0)	(88, 28, 7)	nan
(44, 29, 8)	(29, 88, 0)	(88, 28, 3)	nan
(44, 29, 8)	(29, 35, 1)	(35, 28, 7)	nan
(44, 29, 8)	(29, 35, 1)	(35, 28, 1)	nan
(44, 29, 8)	(29, 76, 3)	(76, 28, 7)	nan
(44, 29, 8)	(29, 76, 3)	(76, 28, 0)	nan
(44, 29, 8)	(29, 61, 7)	(61, 28, 7)	nan
(44, 29, 8)	(29, 61, 7)	(61, 28, 7)	nan
(44, 29, 8)	(29, 61, 7)	(61, 28, 4)	nan
(44, 29, 8)	(29, 61, 7)	(61, 28, 3)	nan
(44, 85, 0)	(85, 28, 7)	nan
(44, 85, 0)	(85, 28, 2)	nan
(44, 85, 0)	(85, 35, 1)	(35, 28, 7)	nan
(44, 85, 0)	(85, 35, 1)	(35, 28, 1)	nan
(44, 85, 0)	(85, 37, 3)	(37, 28, 7)	nan
(44, 85, 0)	(85, 37, 3)	(37, 28, 1)	nan
(44, 71, 0)	(71, 28, 7)	nan
(44, 71, 0)	(71, 28, 7)	nan
(44, 71, 0)	(71, 28, 4)	nan
(44, 71, 0)	(71, 28, 1)	nan
(44, 71, 0)	(71, 74, 7)	(74, 28, 7)	nan
(44, 71, 0)	(71, 74, 7)	(74, 28, 7)	nan
(44, 71, 0)	(71, 74, 7)	(74, 28, 8)	nan
(44, 71, 0)	(71, 74, 7)	(74, 28, 3)	nan
(44, 71, 0)	(71, 31, 7)	(31, 28, 7)	nan
(44, 71, 0)	(71, 31, 7)	(31, 28, 6)	nan
(44, 63, 0)	(63, 35, 8)	(35, 28, 7)	nan
(44, 63, 0)	(63, 35, 8)	(35, 28, 1)	nan
(44, 63, 0)	(63, 35, 8)	(35, 28, 7)	nan
(44, 63, 0)	(63, 35, 8)	(35, 28, 1)	nan
(44, 63, 0)	(63, 35, 7)	(35, 28, 7)	nan
(44, 63, 0)	(63, 35, 7)	(35, 28, 1)	nan
(44, 63, 0)	(63, 35, 3)	(35, 28, 7)	nan
(44, 63, 0)	(63, 35, 3)	(35, 28, 1)	nan
(44, 63, 0)	(63, 28, 7)	nan
(44, 63, 0)	(63, 28, 4)	nan
(44, 63, 0)	(63, 85, 3)	(85, 28, 7)	nan
(44, 63, 0)	(63, 85, 3)	(85, 28, 2)	nan
(44, 63, 0)	(63, 48, 1)	(48, 28, 7)	nan
