(44, 30, 8)	(30, 3, 0)	nan
(44, 30, 8)	(30, 3, 3)	nan
(44, 30, 8)	(30, 60, 7)	(60, 3, 0)	nan
(44, 30, 8)	(30, 60, 0)	(60, 3, 0)	nan
(44, 30, 8)	(30, 88, 5)	(88, 3, 0)	nan
(44, 30, 8)	(30, 88, 5)	(88, 3, 0)	nan
(44, 30, 8)	(30, 88, 5)	(88, 3, 3)	nan
(44, 30, 8)	(30, 34, 8)	(34, 3, 0)	nan
(44, 3, 0)	nan
(44, 29, 8)	(29, 3, 0)	nan
(44, 29, 8)	(29, 88, 0)	(88, 3, 0)	nan
(44, 29, 8)	(29, 88, 0)	(88, 3, 0)	nan
(44, 29, 8)	(29, 88, 0)	(88, 3, 3)	nan
(44, 29, 8)	(29, 35, 1)	(35, 3, 0)	nan
(44, 29, 8)	(29, 52, 7)	(52, 3, 1)	nan
(44, 29, 8)	(29, 76, 3)	(76, 3, 0)	nan
(44, 29, 8)	(29, 61, 7)	(61, 3, 0)	nan
(44, 29, 8)	(29, 61, 7)	(61, 3, 0)	nan
(44, 85, 0)	(85, 83, 3)	(83, 3, 0)	nan
(44, 85, 0)	(85, 35, 1)	(35, 3, 0)	nan
(44, 85, 0)	(85, 37, 3)	(37, 3, 0)	nan
(44, 71, 0)	(71, 34, 8)	(34, 3, 0)	nan
(44, 71, 0)	(71, 34, 8)	(34, 3, 0)	nan
(44, 71, 0)	(71, 34, 1)	(34, 3, 0)	nan
(44, 71, 0)	(71, 34, 1)	(34, 3, 0)	nan
(44, 71, 0)	(71, 83, 8)	(83, 3, 0)	nan
(44, 71, 0)	(71, 74, 7)	(74, 3, 0)	nan
(44, 71, 0)	(71, 3, 0)	nan
(44, 63, 0)	(63, 35, 8)	(35, 3, 0)	nan
(44, 63, 0)	(63, 35, 8)	(35, 3, 0)	nan
(44, 63, 0)	(63, 35, 7)	(35, 3, 0)	nan
(44, 63, 0)	(63, 35, 3)	(35, 3, 0)	nan
(44, 63, 0)	(63, 3, 0)	nan
(44, 63, 0)	(63, 48, 1)	(48, 3, 0)	nan
(44, 63, 0)	(63, 48, 1)	(48, 3, 8)	nan
(44, 63, 0)	(63, 74, 7)	(74, 3, 0)	nan
(44, 74, 7)	(74, 76, 5)	(76, 3, 0)	nan
(44, 74, 7)	(74, 90, 1)	(90, 3, 0)	nan
(44, 74, 7)	(74, 90, 1)	(90, 3, 7)	nan
(44, 74, 7)	(74, 35, 7)	(35, 3, 0)	nan
(44, 74, 7)	(74, 51, 7)	(51, 3, 0)	nan
(44, 74, 7)	(74, 51, 7)	(51, 3, 0)	nan
(44, 74, 7)	(74, 29, 8)	(29, 3, 0)	nan
(44, 74, 7)	(74, 3, 0)	nan
