(44, 30, 8)	(30, 4, 0)	nan
(44, 30, 8)	(30, 4, 7)	nan
(44, 30, 8)	(30, 75, 7)	(75, 4, 5)	nan
(44, 30, 8)	(30, 75, 7)	(75, 4, 7)	nan
(44, 30, 8)	(30, 88, 5)	(88, 4, 0)	nan
(44, 4, 0)	nan
(44, 29, 8)	(29, 88, 0)	(88, 4, 0)	nan
(44, 29, 8)	(29, 61, 7)	(61, 4, 0)	nan
(44, 29, 8)	(29, 4, 0)	nan
(44, 85, 0)	(85, 33, 8)	(33, 4, 0)	nan
(44, 85, 0)	(85, 33, 4)	(33, 4, 0)	nan
(44, 71, 0)	(71, 31, 7)	(31, 4, 0)	nan
(44, 71, 0)	(71, 4, 0)	nan
(44, 63, 0)	(63, 4, 0)	nan
(44, 63, 0)	(63, 33, 7)	(33, 4, 0)	nan
(44, 63, 0)	(63, 33, 8)	(33, 4, 0)	nan
(44, 63, 0)	(63, 33, 8)	(33, 4, 0)	nan
(44, 63, 0)	(63, 48, 1)	(48, 4, 0)	nan
(44, 63, 0)	(63, 48, 1)	(48, 4, 5)	nan
(44, 63, 0)	(63, 57, 7)	(57, 4, 0)	nan
(44, 63, 0)	(63, 57, 7)	(57, 4, 0)	nan
(44, 74, 7)	(74, 33, 8)	(33, 4, 0)	nan
(44, 74, 7)	(74, 33, 7)	(33, 4, 0)	nan
(44, 74, 7)	(74, 90, 1)	(90, 4, 0)	nan
(44, 74, 7)	(74, 90, 1)	(90, 4, 6)	nan
(44, 74, 7)	(74, 29, 8)	(29, 4, 0)	nan
