(44, 30, 8)	(30, 7, 1)	nan
(44, 30, 8)	(30, 7, 4)	nan
(44, 30, 8)	(30, 72, 4)	(72, 7, 1)	nan
(44, 30, 8)	(30, 72, 4)	(72, 7, 8)	nan
(44, 30, 8)	(30, 60, 7)	(60, 7, 1)	nan
(44, 30, 8)	(30, 60, 7)	(60, 7, 6)	nan
(44, 30, 8)	(30, 60, 0)	(60, 7, 1)	nan
(44, 30, 8)	(30, 60, 0)	(60, 7, 6)	nan
(44, 30, 8)	(30, 75, 7)	(75, 7, 1)	nan
(44, 30, 8)	(30, 75, 7)	(75, 7, 5)	nan
(44, 30, 8)	(30, 34, 8)	(34, 7, 1)	nan
(44, 30, 8)	(30, 34, 8)	(34, 7, 3)	nan
(44, 30, 8)	(30, 85, 0)	(85, 7, 1)	nan
(44, 30, 8)	(30, 85, 0)	(85, 7, 6)	nan
(44, 7, 1)	nan
(44, 7, 5)	nan
(44, 29, 8)	(29, 35, 1)	(35, 7, 1)	nan
(44, 29, 8)	(29, 35, 1)	(35, 7, 0)	nan
(44, 29, 8)	(29, 52, 7)	(52, 7, 1)	nan
(44, 29, 8)	(29, 52, 7)	(52, 7, 0)	nan
(44, 29, 8)	(29, 76, 3)	(76, 7, 1)	nan
(44, 29, 8)	(29, 76, 3)	(76, 7, 0)	nan
(44, 29, 8)	(29, 86, 1)	(86, 7, 8)	nan
(44, 85, 0)	(85, 7, 1)	nan
(44, 85, 0)	(85, 7, 6)	nan
(44, 85, 0)	(85, 83, 3)	(83, 7, 1)	nan
(44, 85, 0)	(85, 83, 3)	(83, 7, 3)	nan
(44, 85, 0)	(85, 35, 1)	(35, 7, 1)	nan
(44, 85, 0)	(85, 35, 1)	(35, 7, 0)	nan
(44, 85, 0)	(85, 37, 3)	(37, 7, 1)	nan
(44, 85, 0)	(85, 37, 3)	(37, 7, 1)	nan
(44, 71, 0)	(71, 34, 8)	(34, 7, 1)	nan
(44, 71, 0)	(71, 34, 8)	(34, 7, 3)	nan
(44, 71, 0)	(71, 34, 8)	(34, 7, 1)	nan
(44, 71, 0)	(71, 34, 8)	(34, 7, 3)	nan
(44, 71, 0)	(71, 34, 1)	(34, 7, 1)	nan
(44, 71, 0)	(71, 34, 1)	(34, 7, 3)	nan
(44, 71, 0)	(71, 34, 1)	(34, 7, 1)	nan
(44, 71, 0)	(71, 34, 1)	(34, 7, 3)	nan
(44, 71, 0)	(71, 7, 1)	nan
(44, 71, 0)	(71, 7, 6)	nan
(44, 71, 0)	(71, 83, 8)	(83, 7, 1)	nan
(44, 71, 0)	(71, 83, 8)	(83, 7, 3)	nan
(44, 71, 0)	(71, 74, 7)	(74, 7, 1)	nan
(44, 63, 0)	(63, 35, 8)	(35, 7, 1)	nan
(44, 63, 0)	(63, 35, 8)	(35, 7, 0)	nan
(44, 63, 0)	(63, 35, 8)	(35, 7, 1)	nan
(44, 63, 0)	(63, 35, 8)	(35, 7, 0)	nan
(44, 63, 0)	(63, 35, 7)	(35, 7, 1)	nan
(44, 63, 0)	(63, 35, 7)	(35, 7, 0)	nan
(44, 63, 0)	(63, 35, 3)	(35, 7, 1)	nan
