(45, 59, 1)	(59, 14, 3)	nan
(45, 59, 1)	(59, 47, 5)	(47, 14, 2)	nan
(45, 59, 1)	(59, 47, 2)	(47, 14, 2)	nan
(45, 59, 1)	(59, 81, 3)	(81, 14, 3)	nan
(45, 59, 1)	(59, 81, 3)	(81, 14, 3)	nan
(45, 59, 1)	(59, 46, 7)	(46, 14, 3)	nan
(45, 59, 1)	(59, 46, 7)	(46, 14, 1)	nan
(45, 59, 1)	(59, 46, 7)	(46, 14, 3)	nan
(45, 59, 1)	(59, 46, 7)	(46, 14, 1)	nan
(45, 59, 1)	(59, 46, 1)	(46, 14, 3)	nan
(45, 59, 1)	(59, 46, 1)	(46, 14, 1)	nan
(45, 59, 1)	(59, 33, 8)	(33, 14, 3)	nan
(45, 59, 1)	(59, 33, 8)	(33, 14, 2)	nan
(45, 59, 1)	(59, 66, 7)	(66, 14, 3)	nan
(45, 33, 8)	(33, 14, 3)	nan
(45, 33, 8)	(33, 14, 2)	nan
(45, 33, 8)	(33, 54, 2)	(54, 14, 3)	nan
(45, 33, 8)	(33, 50, 3)	(50, 14, 3)	nan
(45, 76, 7)	(76, 32, 8)	(32, 14, 3)	nan
(45, 76, 7)	(76, 32, 8)	(32, 14, 3)	nan
(45, 76, 7)	(76, 32, 0)	(32, 14, 3)	nan
(45, 83, 1)	(83, 14, 3)	nan
(45, 83, 1)	(83, 78, 0)	(78, 14, 7)	nan
(45, 69, 5)	(69, 33, 8)	(33, 14, 3)	nan
(45, 69, 5)	(69, 33, 8)	(33, 14, 2)	nan
(45, 69, 5)	(69, 53, 3)	(53, 14, 3)	nan
(45, 69, 5)	(69, 53, 3)	(53, 14, 3)	nan
(45, 69, 5)	(69, 53, 3)	(53, 14, 5)	nan
(45, 69, 5)	(69, 73, 2)	(73, 14, 3)	nan
(45, 69, 5)	(69, 52, 3)	(52, 14, 3)	nan
(45, 37, 0)	(37, 60, 7)	(60, 14, 5)	nan
(45, 37, 0)	(37, 64, 8)	(64, 14, 3)	nan
(45, 37, 0)	(37, 64, 8)	(64, 14, 3)	nan
(45, 37, 0)	(37, 64, 8)	(64, 14, 3)	nan
(45, 37, 0)	(37, 32, 8)	(32, 14, 3)	nan
(45, 53, 0)	(53, 14, 3)	nan
(45, 53, 0)	(53, 14, 3)	nan
(45, 53, 0)	(53, 14, 5)	nan
(45, 53, 0)	(53, 57, 2)	(57, 14, 3)	nan
(45, 62, 1)	(62, 81, 7)	(81, 14, 3)	nan
(45, 62, 1)	(62, 81, 7)	(81, 14, 3)	nan
(45, 62, 1)	(62, 88, 5)	(88, 14, 0)	nan
(45, 62, 1)	(62, 32, 8)	(32, 14, 3)	nan
(45, 46, 0)	(46, 14, 3)	nan
(45, 46, 0)	(46, 14, 1)	nan
(45, 46, 0)	(46, 50, 2)	(50, 14, 3)	nan
(45, 46, 0)	(46, 54, 5)	(54, 14, 3)	nan
(45, 46, 0)	(46, 53, 0)	(53, 14, 3)	nan
(45, 46, 0)	(46, 53, 0)	(53, 14, 3)	nan
(45, 46, 0)	(46, 53, 0)	(53, 14, 5)	nan
(45, 46, 0)	(46, 64, 1)	(64, 14, 3)	nan
