(45, 25, 4)	nan
(45, 25, 5)	nan
(45, 59, 1)	(59, 25, 7)	nan
(45, 59, 1)	(59, 25, 7)	nan
(45, 59, 1)	(59, 25, 6)	nan
(45, 59, 1)	(59, 29, 3)	(29, 25, 7)	nan
(45, 59, 1)	(59, 29, 3)	(29, 25, 3)	nan
(45, 59, 1)	(59, 77, 3)	(77, 25, 7)	nan
(45, 59, 1)	(59, 47, 5)	(47, 25, 7)	nan
(45, 59, 1)	(59, 47, 5)	(47, 25, 1)	nan
(45, 59, 1)	(59, 47, 2)	(47, 25, 7)	nan
(45, 59, 1)	(59, 47, 2)	(47, 25, 1)	nan
(45, 59, 1)	(59, 33, 8)	(33, 25, 5)	nan
(45, 59, 1)	(59, 66, 7)	(66, 25, 7)	nan
(45, 59, 1)	(59, 66, 7)	(66, 25, 7)	nan
(45, 59, 1)	(59, 66, 7)	(66, 25, 6)	nan
(45, 33, 8)	(33, 54, 2)	(54, 25, 4)	nan
(45, 33, 8)	(33, 50, 3)	(50, 25, 7)	nan
(45, 33, 8)	(33, 50, 3)	(50, 25, 0)	nan
(45, 33, 8)	(33, 74, 0)	(74, 25, 7)	nan
(45, 33, 8)	(33, 74, 0)	(74, 25, 0)	nan
(45, 33, 8)	(33, 25, 5)	nan
(45, 33, 8)	(33, 41, 1)	(41, 25, 7)	nan
(45, 33, 8)	(33, 84, 0)	(84, 25, 7)	nan
(45, 33, 8)	(33, 29, 2)	(29, 25, 7)	nan
(45, 33, 8)	(33, 29, 2)	(29, 25, 3)	nan
(45, 76, 7)	(76, 32, 8)	(32, 25, 7)	nan
(45, 76, 7)	(76, 32, 8)	(32, 25, 7)	nan
(45, 76, 7)	(76, 32, 8)	(32, 25, 6)	nan
(45, 76, 7)	(76, 32, 8)	(32, 25, 0)	nan
(45, 76, 7)	(76, 32, 8)	(32, 25, 7)	nan
(45, 76, 7)	(76, 32, 8)	(32, 25, 7)	nan
(45, 76, 7)	(76, 32, 8)	(32, 25, 6)	nan
(45, 76, 7)	(76, 32, 8)	(32, 25, 0)	nan
(45, 76, 7)	(76, 32, 0)	(32, 25, 7)	nan
(45, 76, 7)	(76, 32, 0)	(32, 25, 7)	nan
(45, 76, 7)	(76, 32, 0)	(32, 25, 6)	nan
(45, 76, 7)	(76, 32, 0)	(32, 25, 0)	nan
(45, 76, 7)	(76, 25, 7)	nan
(45, 76, 7)	(76, 25, 7)	nan
(45, 76, 7)	(76, 25, 7)	nan
(45, 76, 7)	(76, 25, 7)	nan
(45, 76, 7)	(76, 25, 7)	nan
(45, 76, 7)	(76, 25, 7)	nan
(45, 76, 7)	(76, 25, 7)	nan
(45, 76, 7)	(76, 40, 1)	(40, 25, 7)	nan
(45, 76, 7)	(76, 40, 1)	(40, 25, 5)	nan
(45, 61, 1)	(61, 25, 7)	nan
(45, 61, 1)	(61, 25, 7)	nan
