(45, 2, 6)	nan
(45, 59, 1)	(59, 29, 3)	(29, 2, 0)	nan
(45, 59, 1)	(59, 29, 3)	(29, 2, 0)	nan
(45, 59, 1)	(59, 29, 3)	(29, 2, 8)	nan
(45, 59, 1)	(59, 29, 3)	(29, 2, 7)	nan
(45, 59, 1)	(59, 77, 3)	(77, 2, 0)	nan
(45, 59, 1)	(59, 47, 5)	(47, 2, 0)	nan
(45, 59, 1)	(59, 47, 2)	(47, 2, 0)	nan
(45, 59, 1)	(59, 81, 3)	(81, 2, 0)	nan
(45, 59, 1)	(59, 2, 7)	nan
(45, 59, 1)	(59, 46, 7)	(46, 2, 0)	nan
(45, 59, 1)	(59, 46, 7)	(46, 2, 0)	nan
(45, 59, 1)	(59, 46, 1)	(46, 2, 0)	nan
(45, 59, 1)	(59, 33, 8)	(33, 2, 0)	nan
(45, 59, 1)	(59, 33, 8)	(33, 2, 3)	nan
(45, 33, 8)	(33, 2, 0)	nan
(45, 33, 8)	(33, 2, 3)	nan
(45, 33, 8)	(33, 50, 3)	(50, 2, 0)	nan
(45, 33, 8)	(33, 74, 0)	(74, 2, 0)	nan
(45, 33, 8)	(33, 74, 0)	(74, 2, 0)	nan
(45, 33, 8)	(33, 87, 3)	(87, 2, 0)	nan
(45, 33, 8)	(33, 41, 1)	(41, 2, 0)	nan
(45, 33, 8)	(33, 84, 0)	(84, 2, 0)	nan
(45, 33, 8)	(33, 84, 0)	(84, 2, 6)	nan
(45, 33, 8)	(33, 29, 2)	(29, 2, 0)	nan
(45, 33, 8)	(33, 29, 2)	(29, 2, 0)	nan
(45, 33, 8)	(33, 29, 2)	(29, 2, 8)	nan
(45, 33, 8)	(33, 29, 2)	(29, 2, 7)	nan
(45, 76, 7)	(76, 32, 8)	(32, 2, 7)	nan
(45, 76, 7)	(76, 32, 8)	(32, 2, 7)	nan
(45, 76, 7)	(76, 32, 0)	(32, 2, 7)	nan
(45, 76, 7)	(76, 2, 0)	nan
(45, 76, 7)	(76, 2, 0)	nan
(45, 76, 7)	(76, 37, 8)	(37, 2, 0)	nan
(45, 76, 7)	(76, 40, 1)	(40, 2, 0)	nan
(45, 61, 1)	(61, 34, 8)	(34, 2, 0)	nan
(45, 61, 1)	(61, 34, 8)	(34, 2, 0)	nan
(45, 61, 1)	(61, 34, 8)	(34, 2, 0)	nan
(45, 61, 1)	(61, 36, 3)	(36, 2, 0)	nan
(45, 61, 1)	(61, 36, 3)	(36, 2, 0)	nan
(45, 61, 1)	(61, 36, 3)	(36, 2, 3)	nan
(45, 61, 1)	(61, 36, 3)	(36, 2, 6)	nan
(45, 61, 1)	(61, 36, 1)	(36, 2, 0)	nan
(45, 61, 1)	(61, 36, 1)	(36, 2, 0)	nan
(45, 61, 1)	(61, 36, 1)	(36, 2, 3)	nan
(45, 61, 1)	(61, 36, 1)	(36, 2, 6)	nan
(45, 61, 1)	(61, 43, 5)	(43, 2, 0)	nan
(45, 61, 1)	(61, 43, 5)	(43, 2, 8)	nan
