(45, 26, 6)	nan
(45, 26, 4)	nan
(45, 59, 1)	(59, 26, 7)	nan
(45, 59, 1)	(59, 26, 7)	nan
(45, 59, 1)	(59, 26, 6)	nan
(45, 59, 1)	(59, 26, 0)	nan
(45, 59, 1)	(59, 29, 3)	(29, 26, 7)	nan
(45, 59, 1)	(59, 29, 3)	(29, 26, 2)	nan
(45, 59, 1)	(59, 77, 3)	(77, 26, 7)	nan
(45, 59, 1)	(59, 77, 3)	(77, 26, 7)	nan
(45, 59, 1)	(59, 77, 3)	(77, 26, 8)	nan
(45, 59, 1)	(59, 77, 3)	(77, 26, 8)	nan
(45, 59, 1)	(59, 46, 7)	(46, 26, 7)	nan
(45, 59, 1)	(59, 46, 7)	(46, 26, 3)	nan
(45, 59, 1)	(59, 46, 7)	(46, 26, 7)	nan
(45, 59, 1)	(59, 46, 7)	(46, 26, 3)	nan
(45, 59, 1)	(59, 46, 1)	(46, 26, 7)	nan
(45, 59, 1)	(59, 46, 1)	(46, 26, 3)	nan
(45, 59, 1)	(59, 33, 8)	(33, 26, 7)	nan
(45, 59, 1)	(59, 33, 8)	(33, 26, 7)	nan
(45, 59, 1)	(59, 33, 8)	(33, 26, 0)	nan
(45, 59, 1)	(59, 33, 8)	(33, 26, 4)	nan
(45, 59, 1)	(59, 66, 7)	(66, 26, 7)	nan
(45, 59, 1)	(59, 66, 7)	(66, 26, 7)	nan
(45, 59, 1)	(59, 66, 7)	(66, 26, 7)	nan
(45, 59, 1)	(59, 66, 7)	(66, 26, 7)	nan
(45, 33, 8)	(33, 26, 7)	nan
(45, 33, 8)	(33, 26, 7)	nan
(45, 33, 8)	(33, 26, 0)	nan
(45, 33, 8)	(33, 26, 4)	nan
(45, 33, 8)	(33, 54, 2)	(54, 26, 7)	nan
(45, 33, 8)	(33, 54, 2)	(54, 26, 7)	nan
(45, 33, 8)	(33, 54, 2)	(54, 26, 3)	nan
(45, 33, 8)	(33, 54, 2)	(54, 26, 4)	nan
(45, 33, 8)	(33, 74, 0)	(74, 26, 7)	nan
(45, 33, 8)	(33, 74, 0)	(74, 26, 0)	nan
(45, 33, 8)	(33, 87, 3)	(87, 26, 7)	nan
(45, 33, 8)	(33, 87, 3)	(87, 26, 0)	nan
(45, 33, 8)	(33, 41, 1)	(41, 26, 7)	nan
(45, 33, 8)	(33, 29, 2)	(29, 26, 7)	nan
(45, 33, 8)	(33, 29, 2)	(29, 26, 2)	nan
(45, 76, 7)	(76, 32, 8)	(32, 26, 7)	nan
(45, 76, 7)	(76, 32, 8)	(32, 26, 8)	nan
(45, 76, 7)	(76, 32, 8)	(32, 26, 7)	nan
(45, 76, 7)	(76, 32, 8)	(32, 26, 8)	nan
(45, 76, 7)	(76, 32, 0)	(32, 26, 7)	nan
(45, 76, 7)	(76, 32, 0)	(32, 26, 8)	nan
(45, 76, 7)	(76, 26, 7)	nan
(45, 76, 7)	(76, 26, 7)	nan
