(45, 8, 3)	nan
(45, 59, 1)	(59, 29, 3)	(29, 8, 1)	nan
(45, 59, 1)	(59, 77, 3)	(77, 8, 1)	nan
(45, 59, 1)	(59, 77, 3)	(77, 8, 1)	nan
(45, 59, 1)	(59, 77, 3)	(77, 8, 1)	nan
(45, 59, 1)	(59, 77, 3)	(77, 8, 1)	nan
(45, 59, 1)	(59, 47, 5)	(47, 8, 1)	nan
(45, 59, 1)	(59, 47, 5)	(47, 8, 3)	nan
(45, 59, 1)	(59, 47, 2)	(47, 8, 1)	nan
(45, 59, 1)	(59, 47, 2)	(47, 8, 3)	nan
(45, 59, 1)	(59, 81, 3)	(81, 8, 1)	nan
(45, 59, 1)	(59, 81, 3)	(81, 8, 1)	nan
(45, 59, 1)	(59, 81, 3)	(81, 8, 1)	nan
(45, 59, 1)	(59, 81, 3)	(81, 8, 1)	nan
(45, 59, 1)	(59, 81, 3)	(81, 8, 1)	nan
(45, 59, 1)	(59, 46, 7)	(46, 8, 1)	nan
(45, 59, 1)	(59, 46, 7)	(46, 8, 7)	nan
(45, 59, 1)	(59, 46, 7)	(46, 8, 1)	nan
(45, 59, 1)	(59, 46, 7)	(46, 8, 7)	nan
(45, 59, 1)	(59, 46, 1)	(46, 8, 1)	nan
(45, 59, 1)	(59, 46, 1)	(46, 8, 7)	nan
(45, 59, 1)	(59, 33, 8)	(33, 8, 1)	nan
(45, 59, 1)	(59, 33, 8)	(33, 8, 1)	nan
(45, 59, 1)	(59, 33, 8)	(33, 8, 3)	nan
(45, 59, 1)	(59, 33, 8)	(33, 8, 6)	nan
(45, 59, 1)	(59, 33, 8)	(33, 8, 7)	nan
(45, 59, 1)	(59, 66, 7)	(66, 8, 1)	nan
(45, 59, 1)	(59, 66, 7)	(66, 8, 1)	nan
(45, 59, 1)	(59, 66, 7)	(66, 8, 1)	nan
(45, 59, 1)	(59, 66, 7)	(66, 8, 1)	nan
(45, 59, 1)	(59, 66, 7)	(66, 8, 1)	nan
(45, 59, 1)	(59, 66, 7)	(66, 8, 1)	nan
(45, 33, 8)	(33, 8, 1)	nan
(45, 33, 8)	(33, 8, 1)	nan
(45, 33, 8)	(33, 8, 3)	nan
(45, 33, 8)	(33, 8, 6)	nan
(45, 33, 8)	(33, 8, 7)	nan
(45, 33, 8)	(33, 54, 2)	(54, 8, 1)	nan
(45, 33, 8)	(33, 54, 2)	(54, 8, 1)	nan
(45, 33, 8)	(33, 54, 2)	(54, 8, 4)	nan
(45, 33, 8)	(33, 54, 2)	(54, 8, 0)	nan
(45, 33, 8)	(33, 87, 3)	(87, 8, 1)	nan
(45, 33, 8)	(33, 87, 3)	(87, 8, 1)	nan
(45, 33, 8)	(33, 87, 3)	(87, 8, 1)	nan
(45, 33, 8)	(33, 87, 3)	(87, 8, 1)	nan
(45, 33, 8)	(33, 87, 3)	(87, 8, 1)	nan
(45, 33, 8)	(33, 41, 1)	(41, 8, 1)	nan
(45, 33, 8)	(33, 41, 1)	(41, 8, 5)	nan
