(46, 30, 8)	(30, 19, 4)	nan
(46, 30, 8)	(30, 72, 4)	(72, 19, 4)	nan
(46, 30, 8)	(30, 72, 4)	(72, 19, 4)	nan
(46, 30, 8)	(30, 72, 4)	(72, 19, 0)	nan
(46, 30, 8)	(30, 72, 4)	(72, 19, 5)	nan
(46, 30, 8)	(30, 72, 4)	(72, 19, 1)	nan
(46, 30, 8)	(30, 60, 7)	(60, 19, 4)	nan
(46, 30, 8)	(30, 60, 7)	(60, 19, 4)	nan
(46, 30, 8)	(30, 60, 0)	(60, 19, 4)	nan
(46, 30, 8)	(30, 60, 0)	(60, 19, 4)	nan
(46, 30, 8)	(30, 75, 7)	(75, 19, 4)	nan
(46, 30, 8)	(30, 75, 7)	(75, 19, 7)	nan
(46, 30, 8)	(30, 88, 5)	(88, 19, 4)	nan
(46, 30, 8)	(30, 88, 5)	(88, 19, 0)	nan
(46, 30, 8)	(30, 34, 8)	(34, 19, 4)	nan
(46, 30, 8)	(30, 34, 8)	(34, 19, 3)	nan
(46, 19, 4)	nan
(46, 19, 1)	nan
(46, 50, 2)	(50, 32, 8)	(32, 19, 4)	nan
(46, 50, 2)	(50, 32, 8)	(32, 19, 3)	nan
(46, 50, 2)	(50, 32, 1)	(32, 19, 4)	nan
(46, 50, 2)	(50, 32, 1)	(32, 19, 3)	nan
(46, 50, 2)	(50, 36, 5)	(36, 19, 4)	nan
(46, 50, 2)	(50, 36, 5)	(36, 19, 8)	nan
(46, 50, 2)	(50, 36, 5)	(36, 19, 5)	nan
(46, 50, 2)	(50, 36, 5)	(36, 19, 5)	nan
(46, 50, 2)	(50, 30, 8)	(30, 19, 4)	nan
(46, 50, 2)	(50, 61, 5)	(61, 19, 1)	nan
(46, 50, 2)	(50, 61, 5)	(61, 19, 4)	nan
(46, 50, 2)	(50, 34, 8)	(34, 19, 4)	nan
(46, 50, 2)	(50, 34, 8)	(34, 19, 3)	nan
(46, 50, 2)	(50, 31, 7)	(31, 19, 4)	nan
(46, 50, 2)	(50, 31, 7)	(31, 19, 2)	nan
(46, 50, 2)	(50, 57, 3)	(57, 19, 4)	nan
(46, 50, 2)	(50, 57, 3)	(57, 19, 0)	nan
(46, 50, 2)	(50, 78, 8)	(78, 19, 4)	nan
(46, 50, 2)	(50, 78, 8)	(78, 19, 4)	nan
(46, 50, 2)	(50, 78, 8)	(78, 19, 4)	nan
(46, 74, 0)	(74, 19, 4)	nan
(46, 74, 0)	(74, 19, 4)	nan
(46, 74, 0)	(74, 19, 0)	nan
(46, 74, 0)	(74, 19, 5)	nan
(46, 74, 0)	(74, 19, 1)	nan
(46, 74, 0)	(74, 19, 7)	nan
(46, 74, 0)	(74, 76, 5)	(76, 19, 4)	nan
(46, 74, 0)	(74, 76, 5)	(76, 19, 4)	nan
(46, 74, 0)	(74, 76, 5)	(76, 19, 6)	nan
(46, 74, 0)	(74, 76, 5)	(76, 19, 6)	nan
(46, 74, 0)	(74, 90, 1)	(90, 19, 4)	nan
(46, 74, 0)	(74, 90, 1)	(90, 19, 0)	nan
(46, 74, 0)	(74, 90, 1)	(90, 19, 8)	nan
