(46, 10, 8)	nan
(46, 30, 8)	(30, 72, 4)	(72, 10, 2)	nan
(46, 30, 8)	(30, 60, 7)	(60, 10, 2)	nan
(46, 30, 8)	(30, 60, 7)	(60, 10, 2)	nan
(46, 30, 8)	(30, 60, 0)	(60, 10, 2)	nan
(46, 30, 8)	(30, 60, 0)	(60, 10, 2)	nan
(46, 30, 8)	(30, 34, 8)	(34, 10, 2)	nan
(46, 30, 8)	(30, 85, 0)	(85, 10, 2)	nan
(46, 50, 2)	(50, 32, 8)	(32, 10, 2)	nan
(46, 50, 2)	(50, 32, 1)	(32, 10, 2)	nan
(46, 50, 2)	(50, 36, 5)	(36, 10, 2)	nan
(46, 50, 2)	(50, 36, 5)	(36, 10, 2)	nan
(46, 50, 2)	(50, 61, 5)	(61, 10, 2)	nan
(46, 50, 2)	(50, 61, 5)	(61, 10, 2)	nan
(46, 50, 2)	(50, 34, 8)	(34, 10, 2)	nan
(46, 50, 2)	(50, 31, 7)	(31, 10, 2)	nan
(46, 74, 0)	(74, 33, 8)	(33, 10, 2)	nan
(46, 74, 0)	(74, 33, 7)	(33, 10, 2)	nan
(46, 74, 0)	(74, 10, 2)	nan
(46, 74, 0)	(74, 10, 7)	nan
(46, 74, 0)	(74, 76, 5)	(76, 10, 2)	nan
(46, 74, 0)	(74, 35, 7)	(35, 10, 2)	nan
(46, 74, 0)	(74, 35, 7)	(35, 10, 5)	nan
(46, 74, 0)	(74, 29, 8)	(29, 10, 2)	nan
(46, 74, 0)	(74, 29, 8)	(29, 10, 2)	nan
(46, 74, 0)	(74, 29, 8)	(29, 10, 5)	nan
(46, 74, 0)	(74, 29, 8)	(29, 10, 4)	nan
(46, 29, 8)	(29, 10, 2)	nan
(46, 29, 8)	(29, 10, 2)	nan
(46, 29, 8)	(29, 10, 5)	nan
(46, 29, 8)	(29, 10, 4)	nan
(46, 29, 8)	(29, 35, 1)	(35, 10, 2)	nan
(46, 29, 8)	(29, 35, 1)	(35, 10, 5)	nan
(46, 29, 8)	(29, 52, 7)	(52, 10, 2)	nan
(46, 29, 8)	(29, 52, 7)	(52, 10, 2)	nan
(46, 29, 8)	(29, 52, 7)	(52, 10, 2)	nan
(46, 29, 8)	(29, 76, 3)	(76, 10, 2)	nan
(46, 29, 8)	(29, 61, 7)	(61, 10, 2)	nan
(46, 29, 8)	(29, 61, 7)	(61, 10, 2)	nan
(46, 69, 0)	(69, 34, 8)	(34, 10, 2)	nan
(46, 69, 0)	(69, 34, 8)	(34, 10, 2)	nan
(46, 69, 0)	(69, 34, 7)	(34, 10, 2)	nan
(46, 69, 0)	(69, 10, 2)	nan
(46, 69, 0)	(69, 10, 8)	nan
(46, 69, 0)	(69, 33, 8)	(33, 10, 2)	nan
(46, 69, 0)	(69, 48, 2)	(48, 10, 2)	nan
(46, 69, 0)	(69, 48, 2)	(48, 10, 2)	nan
(46, 69, 0)	(69, 48, 2)	(48, 10, 8)	nan
(46, 69, 0)	(69, 48, 2)	(48, 10, 8)	nan
(46, 69, 0)	(69, 63, 1)	(63, 10, 2)	nan
