(46, 1, 3)	nan
(46, 1, 5)	nan
(46, 30, 8)	(30, 72, 4)	(72, 1, 0)	nan
(46, 30, 8)	(30, 60, 7)	(60, 1, 0)	nan
(46, 30, 8)	(30, 60, 0)	(60, 1, 0)	nan
(46, 30, 8)	(30, 75, 7)	(75, 1, 0)	nan
(46, 30, 8)	(30, 88, 5)	(88, 1, 0)	nan
(46, 30, 8)	(30, 85, 0)	(85, 1, 0)	nan
(46, 30, 8)	(30, 85, 0)	(85, 1, 0)	nan
(46, 30, 8)	(30, 85, 0)	(85, 1, 0)	nan
(46, 50, 2)	(50, 32, 8)	(32, 1, 0)	nan
(46, 50, 2)	(50, 32, 1)	(32, 1, 0)	nan
(46, 50, 2)	(50, 36, 5)	(36, 1, 0)	nan
(46, 50, 2)	(50, 61, 5)	(61, 1, 0)	nan
(46, 50, 2)	(50, 61, 5)	(61, 1, 0)	nan
(46, 74, 0)	(74, 1, 0)	nan
(46, 74, 0)	(74, 1, 3)	nan
(46, 74, 0)	(74, 33, 8)	(33, 1, 0)	nan
(46, 74, 0)	(74, 33, 8)	(33, 1, 0)	nan
(46, 74, 0)	(74, 33, 8)	(33, 1, 3)	nan
(46, 74, 0)	(74, 33, 7)	(33, 1, 0)	nan
(46, 74, 0)	(74, 33, 7)	(33, 1, 0)	nan
(46, 74, 0)	(74, 33, 7)	(33, 1, 3)	nan
(46, 74, 0)	(74, 90, 1)	(90, 1, 0)	nan
(46, 74, 0)	(74, 90, 1)	(90, 1, 0)	nan
(46, 74, 0)	(74, 35, 7)	(35, 1, 0)	nan
(46, 74, 0)	(74, 51, 7)	(51, 1, 0)	nan
(46, 74, 0)	(74, 29, 8)	(29, 1, 0)	nan
(46, 29, 8)	(29, 1, 0)	nan
(46, 29, 8)	(29, 88, 0)	(88, 1, 0)	nan
(46, 29, 8)	(29, 35, 1)	(35, 1, 0)	nan
(46, 29, 8)	(29, 61, 7)	(61, 1, 0)	nan
(46, 29, 8)	(29, 61, 7)	(61, 1, 0)	nan
(46, 69, 0)	(69, 33, 8)	(33, 1, 0)	nan
(46, 69, 0)	(69, 33, 8)	(33, 1, 0)	nan
(46, 69, 0)	(69, 33, 8)	(33, 1, 3)	nan
(46, 69, 0)	(69, 1, 0)	nan
(46, 69, 0)	(69, 1, 0)	nan
(46, 69, 0)	(69, 1, 0)	nan
(46, 69, 0)	(69, 1, 0)	nan
(46, 69, 0)	(69, 53, 3)	(53, 1, 0)	nan
(46, 69, 0)	(69, 73, 2)	(73, 1, 0)	nan
(46, 69, 0)	(69, 73, 2)	(73, 1, 0)	nan
(46, 69, 0)	(69, 73, 2)	(73, 1, 6)	nan
(46, 69, 0)	(69, 36, 5)	(36, 1, 0)	nan
(46, 54, 5)	(54, 35, 3)	(35, 1, 0)	nan
(46, 54, 5)	(54, 79, 1)	(79, 1, 0)	nan
(46, 54, 5)	(54, 43, 7)	(43, 1, 0)	nan
(46, 54, 5)	(54, 43, 7)	(43, 1, 5)	nan
