(46, 11, 2)	nan
(46, 30, 8)	(30, 11, 2)	nan
(46, 30, 8)	(30, 72, 4)	(72, 11, 2)	nan
(46, 30, 8)	(30, 60, 7)	(60, 11, 2)	nan
(46, 30, 8)	(30, 60, 0)	(60, 11, 2)	nan
(46, 30, 8)	(30, 75, 7)	(75, 11, 2)	nan
(46, 30, 8)	(30, 75, 7)	(75, 11, 3)	nan
(46, 30, 8)	(30, 88, 5)	(88, 11, 2)	nan
(46, 30, 8)	(30, 88, 5)	(88, 11, 1)	nan
(46, 30, 8)	(30, 34, 8)	(34, 11, 2)	nan
(46, 30, 8)	(30, 34, 8)	(34, 11, 8)	nan
(46, 30, 8)	(30, 85, 0)	(85, 11, 2)	nan
(46, 30, 8)	(30, 85, 0)	(85, 11, 5)	nan
(46, 50, 2)	(50, 32, 8)	(32, 11, 2)	nan
(46, 50, 2)	(50, 32, 1)	(32, 11, 2)	nan
(46, 50, 2)	(50, 36, 5)	(36, 11, 2)	nan
(46, 50, 2)	(50, 36, 5)	(36, 11, 2)	nan
(46, 50, 2)	(50, 36, 5)	(36, 11, 8)	nan
(46, 50, 2)	(50, 30, 8)	(30, 11, 2)	nan
(46, 50, 2)	(50, 61, 5)	(61, 11, 2)	nan
(46, 50, 2)	(50, 61, 5)	(61, 11, 2)	nan
(46, 50, 2)	(50, 61, 5)	(61, 11, 5)	nan
(46, 50, 2)	(50, 34, 8)	(34, 11, 2)	nan
(46, 50, 2)	(50, 34, 8)	(34, 11, 8)	nan
(46, 50, 2)	(50, 31, 7)	(31, 11, 2)	nan
(46, 50, 2)	(50, 31, 7)	(31, 11, 5)	nan
(46, 50, 2)	(50, 78, 8)	(78, 11, 2)	nan
(46, 50, 2)	(50, 78, 8)	(78, 11, 2)	nan
(46, 50, 2)	(50, 78, 8)	(78, 11, 2)	nan
(46, 74, 0)	(74, 11, 2)	nan
(46, 74, 0)	(74, 11, 7)	nan
(46, 74, 0)	(74, 11, 3)	nan
(46, 74, 0)	(74, 33, 8)	(33, 11, 2)	nan
(46, 74, 0)	(74, 33, 7)	(33, 11, 2)	nan
(46, 74, 0)	(74, 76, 5)	(76, 11, 2)	nan
(46, 74, 0)	(74, 76, 5)	(76, 11, 7)	nan
(46, 74, 0)	(74, 90, 1)	(90, 11, 2)	nan
(46, 74, 0)	(74, 90, 1)	(90, 11, 5)	nan
(46, 74, 0)	(74, 35, 7)	(35, 11, 2)	nan
(46, 74, 0)	(74, 35, 7)	(35, 11, 8)	nan
(46, 74, 0)	(74, 51, 7)	(51, 11, 2)	nan
(46, 74, 0)	(74, 29, 8)	(29, 11, 2)	nan
(46, 74, 0)	(74, 29, 8)	(29, 11, 2)	nan
(46, 74, 0)	(74, 29, 8)	(29, 11, 7)	nan
(46, 29, 8)	(29, 11, 2)	nan
(46, 29, 8)	(29, 11, 2)	nan
(46, 29, 8)	(29, 11, 7)	nan
(46, 29, 8)	(29, 88, 0)	(88, 11, 2)	nan
(46, 29, 8)	(29, 88, 0)	(88, 11, 1)	nan
(46, 29, 8)	(29, 35, 1)	(35, 11, 2)	nan
(46, 29, 8)	(29, 35, 1)	(35, 11, 8)	nan
