(46, 30, 8)	(30, 22, 5)	nan
(46, 30, 8)	(30, 22, 7)	nan
(46, 30, 8)	(30, 72, 4)	(72, 22, 7)	nan
(46, 30, 8)	(30, 72, 4)	(72, 22, 5)	nan
(46, 30, 8)	(30, 72, 4)	(72, 22, 5)	nan
(46, 30, 8)	(30, 75, 7)	(75, 22, 5)	nan
(46, 30, 8)	(30, 75, 7)	(75, 22, 5)	nan
(46, 22, 5)	nan
(46, 50, 2)	(50, 22, 5)	nan
(46, 50, 2)	(50, 22, 5)	nan
(46, 50, 2)	(50, 22, 0)	nan
(46, 50, 2)	(50, 32, 8)	(32, 22, 5)	nan
(46, 50, 2)	(50, 32, 8)	(32, 22, 5)	nan
(46, 50, 2)	(50, 32, 8)	(32, 22, 6)	nan
(46, 50, 2)	(50, 32, 1)	(32, 22, 5)	nan
(46, 50, 2)	(50, 32, 1)	(32, 22, 5)	nan
(46, 50, 2)	(50, 32, 1)	(32, 22, 6)	nan
(46, 50, 2)	(50, 36, 5)	(36, 22, 5)	nan
(46, 50, 2)	(50, 36, 5)	(36, 22, 5)	nan
(46, 50, 2)	(50, 36, 5)	(36, 22, 0)	nan
(46, 50, 2)	(50, 36, 5)	(36, 22, 2)	nan
(46, 50, 2)	(50, 30, 8)	(30, 22, 5)	nan
(46, 50, 2)	(50, 30, 8)	(30, 22, 7)	nan
(46, 50, 2)	(50, 61, 5)	(61, 22, 5)	nan
(46, 50, 2)	(50, 61, 5)	(61, 22, 7)	nan
(46, 50, 2)	(50, 31, 7)	(31, 22, 5)	nan
(46, 50, 2)	(50, 31, 7)	(31, 22, 8)	nan
(46, 50, 2)	(50, 57, 3)	(57, 22, 5)	nan
(46, 74, 0)	(74, 22, 5)	nan
(46, 74, 0)	(74, 22, 1)	nan
(46, 74, 0)	(74, 76, 5)	(76, 22, 5)	nan
(46, 74, 0)	(74, 35, 7)	(35, 22, 5)	nan
(46, 74, 0)	(74, 35, 7)	(35, 22, 5)	nan
(46, 74, 0)	(74, 35, 7)	(35, 22, 3)	nan
(46, 74, 0)	(74, 29, 8)	(29, 22, 5)	nan
(46, 74, 0)	(74, 29, 8)	(29, 22, 5)	nan
(46, 74, 0)	(74, 29, 8)	(29, 22, 5)	nan
(46, 74, 0)	(74, 29, 8)	(29, 22, 5)	nan
(46, 29, 8)	(29, 50, 5)	(50, 22, 5)	nan
(46, 29, 8)	(29, 50, 5)	(50, 22, 5)	nan
(46, 29, 8)	(29, 50, 5)	(50, 22, 0)	nan
(46, 29, 8)	(29, 22, 5)	nan
(46, 29, 8)	(29, 22, 5)	nan
(46, 29, 8)	(29, 22, 5)	nan
(46, 29, 8)	(29, 22, 5)	nan
(46, 29, 8)	(29, 35, 1)	(35, 22, 5)	nan
(46, 29, 8)	(29, 35, 1)	(35, 22, 5)	nan
(46, 29, 8)	(29, 35, 1)	(35, 22, 3)	nan
(46, 29, 8)	(29, 52, 7)	(52, 22, 5)	nan
(46, 29, 8)	(29, 52, 7)	(52, 22, 5)	nan
(46, 29, 8)	(29, 52, 7)	(52, 22, 0)	nan
