(46, 2, 0)	nan
(46, 30, 8)	(30, 2, 0)	nan
(46, 30, 8)	(30, 60, 7)	(60, 2, 0)	nan
(46, 30, 8)	(30, 60, 0)	(60, 2, 0)	nan
(46, 30, 8)	(30, 75, 7)	(75, 2, 0)	nan
(46, 30, 8)	(30, 75, 7)	(75, 2, 5)	nan
(46, 30, 8)	(30, 88, 5)	(88, 2, 0)	nan
(46, 30, 8)	(30, 88, 5)	(88, 2, 6)	nan
(46, 30, 8)	(30, 34, 8)	(34, 2, 0)	nan
(46, 30, 8)	(30, 34, 8)	(34, 2, 0)	nan
(46, 30, 8)	(30, 34, 8)	(34, 2, 0)	nan
(46, 50, 2)	(50, 32, 8)	(32, 2, 7)	nan
(46, 50, 2)	(50, 32, 1)	(32, 2, 7)	nan
(46, 50, 2)	(50, 36, 5)	(36, 2, 0)	nan
(46, 50, 2)	(50, 36, 5)	(36, 2, 0)	nan
(46, 50, 2)	(50, 36, 5)	(36, 2, 3)	nan
(46, 50, 2)	(50, 36, 5)	(36, 2, 6)	nan
(46, 50, 2)	(50, 2, 0)	nan
(46, 50, 2)	(50, 30, 8)	(30, 2, 0)	nan
(46, 50, 2)	(50, 34, 8)	(34, 2, 0)	nan
(46, 50, 2)	(50, 34, 8)	(34, 2, 0)	nan
(46, 50, 2)	(50, 34, 8)	(34, 2, 0)	nan
(46, 50, 2)	(50, 31, 7)	(31, 2, 0)	nan
(46, 50, 2)	(50, 31, 7)	(31, 2, 0)	nan
(46, 50, 2)	(50, 31, 7)	(31, 2, 1)	nan
(46, 50, 2)	(50, 31, 7)	(31, 2, 7)	nan
(46, 50, 2)	(50, 57, 3)	(57, 2, 0)	nan
(46, 50, 2)	(50, 78, 8)	(78, 2, 0)	nan
(46, 50, 2)	(50, 78, 8)	(78, 2, 0)	nan
(46, 74, 0)	(74, 33, 8)	(33, 2, 0)	nan
(46, 74, 0)	(74, 33, 8)	(33, 2, 3)	nan
(46, 74, 0)	(74, 33, 7)	(33, 2, 0)	nan
(46, 74, 0)	(74, 33, 7)	(33, 2, 3)	nan
(46, 74, 0)	(74, 2, 0)	nan
(46, 74, 0)	(74, 2, 0)	nan
(46, 74, 0)	(74, 76, 5)	(76, 2, 0)	nan
(46, 74, 0)	(74, 76, 5)	(76, 2, 0)	nan
(46, 74, 0)	(74, 90, 1)	(90, 2, 0)	nan
(46, 74, 0)	(74, 90, 1)	(90, 2, 4)	nan
(46, 74, 0)	(74, 51, 7)	(51, 2, 7)	nan
(46, 74, 0)	(74, 51, 7)	(51, 2, 0)	nan
(46, 74, 0)	(74, 29, 8)	(29, 2, 0)	nan
(46, 74, 0)	(74, 29, 8)	(29, 2, 0)	nan
(46, 74, 0)	(74, 29, 8)	(29, 2, 8)	nan
(46, 74, 0)	(74, 29, 8)	(29, 2, 7)	nan
(46, 29, 8)	(29, 2, 0)	nan
(46, 29, 8)	(29, 2, 0)	nan
(46, 29, 8)	(29, 2, 8)	nan
(46, 29, 8)	(29, 2, 7)	nan
(46, 29, 8)	(29, 50, 5)	(50, 2, 0)	nan
(46, 29, 8)	(29, 88, 0)	(88, 2, 0)	nan
