(46, 30, 8)	(30, 60, 7)	(60, 36, 1)	nan
(46, 30, 8)	(30, 60, 0)	(60, 36, 1)	nan
(46, 50, 2)	(50, 36, 5)	nan
(46, 50, 2)	(50, 61, 5)	(61, 36, 3)	nan
(46, 50, 2)	(50, 61, 5)	(61, 36, 1)	nan
(46, 50, 2)	(50, 31, 7)	(31, 36, 7)	nan
(46, 29, 8)	(29, 50, 5)	(50, 36, 5)	nan
(46, 29, 8)	(29, 61, 7)	(61, 36, 3)	nan
(46, 29, 8)	(29, 61, 7)	(61, 36, 1)	nan
(46, 69, 0)	(69, 36, 5)	nan
(46, 54, 5)	(54, 69, 3)	(69, 36, 5)	nan
(46, 64, 1)	(64, 60, 3)	(60, 36, 1)	nan
(46, 64, 1)	(64, 36, 7)	nan
(46, 64, 1)	(64, 36, 4)	nan
(46, 47, 8)	(47, 60, 5)	(60, 36, 1)	nan
(46, 47, 8)	(47, 60, 0)	(60, 36, 1)	nan
(46, 47, 8)	(47, 39, 5)	(39, 36, 8)	nan
