(46, 30, 8)	(30, 72, 4)	(72, 34, 8)	nan
(46, 30, 8)	(30, 72, 4)	(72, 34, 3)	nan
(46, 30, 8)	(30, 60, 7)	(60, 34, 6)	nan
(46, 30, 8)	(30, 60, 0)	(60, 34, 6)	nan
(46, 30, 8)	(30, 75, 7)	(75, 34, 8)	nan
(46, 30, 8)	(30, 34, 8)	nan
(46, 50, 2)	(50, 30, 8)	(30, 34, 8)	nan
(46, 50, 2)	(50, 61, 5)	(61, 34, 8)	nan
(46, 50, 2)	(50, 34, 8)	nan
(46, 29, 8)	(29, 50, 5)	(50, 34, 8)	nan
(46, 29, 8)	(29, 61, 7)	(61, 34, 8)	nan
(46, 69, 0)	(69, 34, 8)	nan
(46, 69, 0)	(69, 34, 8)	nan
(46, 69, 0)	(69, 34, 7)	nan
(46, 69, 0)	(69, 48, 2)	(48, 34, 0)	nan
(46, 69, 0)	(69, 53, 3)	(53, 34, 3)	nan
(46, 69, 0)	(69, 73, 2)	(73, 34, 0)	nan
(46, 54, 5)	(54, 87, 7)	(87, 34, 8)	nan
(46, 54, 5)	(54, 87, 7)	(87, 34, 7)	nan
(46, 54, 5)	(54, 69, 3)	(69, 34, 8)	nan
(46, 54, 5)	(54, 69, 3)	(69, 34, 8)	nan
(46, 54, 5)	(54, 69, 3)	(69, 34, 7)	nan
(46, 53, 0)	(53, 34, 3)	nan
(46, 64, 1)	(64, 30, 8)	(30, 34, 8)	nan
(46, 64, 1)	(64, 30, 5)	(30, 34, 8)	nan
(46, 64, 1)	(64, 60, 3)	(60, 34, 6)	nan
(46, 47, 8)	(47, 60, 5)	(60, 34, 6)	nan
(46, 47, 8)	(47, 60, 0)	(60, 34, 6)	nan
(46, 47, 8)	(47, 72, 7)	(72, 34, 8)	nan
(46, 47, 8)	(47, 72, 7)	(72, 34, 3)	nan
