(46, 6, 4)	nan
(46, 30, 8)	(30, 72, 4)	(72, 6, 1)	nan
(46, 30, 8)	(30, 72, 4)	(72, 6, 1)	nan
(46, 30, 8)	(30, 72, 4)	(72, 6, 8)	nan
(46, 30, 8)	(30, 72, 4)	(72, 6, 3)	nan
(46, 30, 8)	(30, 60, 7)	(60, 6, 1)	nan
(46, 30, 8)	(30, 60, 7)	(60, 6, 1)	nan
(46, 30, 8)	(30, 60, 7)	(60, 6, 8)	nan
(46, 30, 8)	(30, 60, 0)	(60, 6, 1)	nan
(46, 30, 8)	(30, 60, 0)	(60, 6, 1)	nan
(46, 30, 8)	(30, 60, 0)	(60, 6, 8)	nan
(46, 30, 8)	(30, 88, 5)	(88, 6, 1)	nan
(46, 30, 8)	(30, 34, 8)	(34, 6, 1)	nan
(46, 30, 8)	(30, 34, 8)	(34, 6, 6)	nan
(46, 30, 8)	(30, 85, 0)	(85, 6, 1)	nan
(46, 30, 8)	(30, 85, 0)	(85, 6, 1)	nan
(46, 30, 8)	(30, 85, 0)	(85, 6, 2)	nan
(46, 30, 8)	(30, 85, 0)	(85, 6, 5)	nan
(46, 50, 2)	(50, 6, 1)	nan
(46, 50, 2)	(50, 6, 1)	nan
(46, 50, 2)	(50, 6, 5)	nan
(46, 50, 2)	(50, 6, 7)	nan
(46, 50, 2)	(50, 61, 5)	(61, 6, 1)	nan
(46, 50, 2)	(50, 61, 5)	(61, 6, 1)	nan
(46, 50, 2)	(50, 34, 8)	(34, 6, 1)	nan
(46, 50, 2)	(50, 34, 8)	(34, 6, 6)	nan
(46, 50, 2)	(50, 31, 7)	(31, 6, 1)	nan
(46, 50, 2)	(50, 31, 7)	(31, 6, 8)	nan
(46, 50, 2)	(50, 78, 8)	(78, 6, 1)	nan
(46, 74, 0)	(74, 6, 1)	nan
(46, 74, 0)	(74, 6, 1)	nan
(46, 74, 0)	(74, 6, 3)	nan
(46, 74, 0)	(74, 6, 2)	nan
(46, 74, 0)	(74, 76, 5)	(76, 6, 1)	nan
(46, 74, 0)	(74, 76, 5)	(76, 6, 1)	nan
(46, 74, 0)	(74, 76, 5)	(76, 6, 1)	nan
(46, 74, 0)	(74, 76, 5)	(76, 6, 1)	nan
(46, 74, 0)	(74, 76, 5)	(76, 6, 1)	nan
(46, 74, 0)	(74, 76, 5)	(76, 6, 1)	nan
(46, 74, 0)	(74, 76, 5)	(76, 6, 1)	nan
(46, 74, 0)	(74, 90, 1)	(90, 6, 0)	nan
(46, 74, 0)	(74, 35, 7)	(35, 6, 1)	nan
(46, 74, 0)	(74, 35, 7)	(35, 6, 1)	nan
(46, 74, 0)	(74, 51, 7)	(51, 6, 1)	nan
(46, 74, 0)	(74, 51, 7)	(51, 6, 3)	nan
(46, 74, 0)	(74, 29, 8)	(29, 6, 1)	nan
(46, 74, 0)	(74, 29, 8)	(29, 6, 2)	nan
(46, 29, 8)	(29, 6, 1)	nan
(46, 29, 8)	(29, 6, 2)	nan
(46, 29, 8)	(29, 50, 5)	(50, 6, 1)	nan
