(47, 19, 0)	nan
(47, 60, 5)	(60, 35, 8)	(35, 19, 4)	nan
(47, 60, 5)	(60, 35, 8)	(35, 19, 7)	nan
(47, 60, 5)	(60, 35, 8)	(35, 19, 4)	nan
(47, 60, 5)	(60, 35, 8)	(35, 19, 7)	nan
(47, 60, 5)	(60, 32, 8)	(32, 19, 4)	nan
(47, 60, 5)	(60, 32, 8)	(32, 19, 3)	nan
(47, 60, 5)	(60, 36, 1)	(36, 19, 4)	nan
(47, 60, 5)	(60, 36, 1)	(36, 19, 8)	nan
(47, 60, 5)	(60, 36, 1)	(36, 19, 5)	nan
(47, 60, 5)	(60, 36, 1)	(36, 19, 5)	nan
(47, 60, 5)	(60, 19, 4)	nan
(47, 60, 5)	(60, 19, 4)	nan
(47, 60, 5)	(60, 79, 1)	(79, 19, 4)	nan
(47, 60, 5)	(60, 79, 1)	(79, 19, 1)	nan
(47, 60, 5)	(60, 30, 8)	(30, 19, 4)	nan
(47, 60, 5)	(60, 34, 6)	(34, 19, 4)	nan
(47, 60, 5)	(60, 34, 6)	(34, 19, 3)	nan
(47, 60, 5)	(60, 74, 1)	(74, 19, 4)	nan
(47, 60, 5)	(60, 74, 1)	(74, 19, 4)	nan
(47, 60, 5)	(60, 74, 1)	(74, 19, 0)	nan
(47, 60, 5)	(60, 74, 1)	(74, 19, 5)	nan
(47, 60, 5)	(60, 74, 1)	(74, 19, 1)	nan
(47, 60, 5)	(60, 74, 1)	(74, 19, 7)	nan
(47, 60, 0)	(60, 35, 8)	(35, 19, 4)	nan
(47, 60, 0)	(60, 35, 8)	(35, 19, 7)	nan
(47, 60, 0)	(60, 35, 8)	(35, 19, 4)	nan
(47, 60, 0)	(60, 35, 8)	(35, 19, 7)	nan
(47, 60, 0)	(60, 32, 8)	(32, 19, 4)	nan
(47, 60, 0)	(60, 32, 8)	(32, 19, 3)	nan
(47, 60, 0)	(60, 36, 1)	(36, 19, 4)	nan
(47, 60, 0)	(60, 36, 1)	(36, 19, 8)	nan
(47, 60, 0)	(60, 36, 1)	(36, 19, 5)	nan
(47, 60, 0)	(60, 36, 1)	(36, 19, 5)	nan
(47, 60, 0)	(60, 19, 4)	nan
(47, 60, 0)	(60, 19, 4)	nan
(47, 60, 0)	(60, 79, 1)	(79, 19, 4)	nan
(47, 60, 0)	(60, 79, 1)	(79, 19, 1)	nan
(47, 60, 0)	(60, 30, 8)	(30, 19, 4)	nan
(47, 60, 0)	(60, 34, 6)	(34, 19, 4)	nan
(47, 60, 0)	(60, 34, 6)	(34, 19, 3)	nan
(47, 60, 0)	(60, 74, 1)	(74, 19, 4)	nan
(47, 60, 0)	(60, 74, 1)	(74, 19, 4)	nan
(47, 60, 0)	(60, 74, 1)	(74, 19, 0)	nan
(47, 60, 0)	(60, 74, 1)	(74, 19, 5)	nan
(47, 60, 0)	(60, 74, 1)	(74, 19, 1)	nan
(47, 60, 0)	(60, 74, 1)	(74, 19, 7)	nan
(47, 45, 7)	(45, 19, 4)	nan
(47, 45, 7)	(45, 76, 7)	(76, 19, 4)	nan
(47, 45, 7)	(45, 76, 7)	(76, 19, 4)	nan
