(47, 60, 5)	(60, 32, 8)	(32, 2, 7)	nan
(47, 60, 5)	(60, 36, 1)	(36, 2, 0)	nan
(47, 60, 5)	(60, 36, 1)	(36, 2, 0)	nan
(47, 60, 5)	(60, 36, 1)	(36, 2, 3)	nan
(47, 60, 5)	(60, 36, 1)	(36, 2, 6)	nan
(47, 60, 5)	(60, 30, 8)	(30, 2, 0)	nan
(47, 60, 5)	(60, 2, 0)	nan
(47, 60, 5)	(60, 34, 6)	(34, 2, 0)	nan
(47, 60, 5)	(60, 34, 6)	(34, 2, 0)	nan
(47, 60, 5)	(60, 34, 6)	(34, 2, 0)	nan
(47, 60, 5)	(60, 74, 1)	(74, 2, 0)	nan
(47, 60, 5)	(60, 74, 1)	(74, 2, 0)	nan
(47, 60, 0)	(60, 32, 8)	(32, 2, 7)	nan
(47, 60, 0)	(60, 36, 1)	(36, 2, 0)	nan
(47, 60, 0)	(60, 36, 1)	(36, 2, 0)	nan
(47, 60, 0)	(60, 36, 1)	(36, 2, 3)	nan
(47, 60, 0)	(60, 36, 1)	(36, 2, 6)	nan
(47, 60, 0)	(60, 30, 8)	(30, 2, 0)	nan
(47, 60, 0)	(60, 2, 0)	nan
(47, 60, 0)	(60, 34, 6)	(34, 2, 0)	nan
(47, 60, 0)	(60, 34, 6)	(34, 2, 0)	nan
(47, 60, 0)	(60, 34, 6)	(34, 2, 0)	nan
(47, 60, 0)	(60, 74, 1)	(74, 2, 0)	nan
(47, 60, 0)	(60, 74, 1)	(74, 2, 0)	nan
(47, 45, 7)	(45, 2, 0)	nan
(47, 45, 7)	(45, 2, 0)	nan
(47, 45, 7)	(45, 2, 6)	nan
(47, 45, 7)	(45, 2, 6)	nan
(47, 45, 7)	(45, 59, 1)	(59, 2, 7)	nan
(47, 45, 7)	(45, 33, 8)	(33, 2, 0)	nan
(47, 45, 7)	(45, 33, 8)	(33, 2, 3)	nan
(47, 45, 7)	(45, 76, 7)	(76, 2, 0)	nan
(47, 45, 7)	(45, 76, 7)	(76, 2, 0)	nan
(47, 45, 7)	(45, 37, 0)	(37, 2, 0)	nan
(47, 45, 7)	(45, 62, 1)	(62, 2, 0)	nan
(47, 45, 7)	(45, 46, 0)	(46, 2, 0)	nan
(47, 57, 2)	(57, 50, 7)	(50, 2, 0)	nan
(47, 57, 2)	(57, 2, 0)	nan
(47, 57, 2)	(57, 56, 7)	(56, 2, 0)	nan
(47, 57, 2)	(57, 80, 3)	(80, 2, 0)	nan
(47, 57, 2)	(57, 32, 8)	(32, 2, 7)	nan
(47, 57, 2)	(57, 32, 1)	(32, 2, 7)	nan
(47, 57, 2)	(57, 41, 1)	(41, 2, 0)	nan
(47, 57, 2)	(57, 78, 7)	(78, 2, 0)	nan
(47, 57, 2)	(57, 78, 7)	(78, 2, 0)	nan
(47, 57, 2)	(57, 87, 7)	(87, 2, 0)	nan
(47, 57, 2)	(57, 58, 4)	(58, 2, 0)	nan
(47, 72, 7)	(72, 34, 8)	(34, 2, 0)	nan
(47, 72, 7)	(72, 34, 8)	(34, 2, 0)	nan
(47, 72, 7)	(72, 34, 8)	(34, 2, 0)	nan
