(47, 5, 7)	nan
(47, 5, 4)	nan
(47, 60, 5)	(60, 79, 1)	(79, 5, 0)	nan
(47, 60, 5)	(60, 34, 6)	(34, 5, 0)	nan
(47, 60, 0)	(60, 79, 1)	(79, 5, 0)	nan
(47, 60, 0)	(60, 34, 6)	(34, 5, 0)	nan
(47, 45, 7)	(45, 5, 0)	nan
(47, 45, 7)	(45, 5, 0)	nan
(47, 45, 7)	(45, 5, 2)	nan
(47, 45, 7)	(45, 5, 4)	nan
(47, 45, 7)	(45, 69, 5)	(69, 5, 0)	nan
(47, 45, 7)	(45, 37, 0)	(37, 5, 0)	nan
(47, 45, 7)	(45, 46, 0)	(46, 5, 0)	nan
(47, 57, 2)	(57, 50, 7)	(50, 5, 0)	nan
(47, 57, 2)	(57, 56, 7)	(56, 5, 0)	nan
(47, 57, 2)	(57, 41, 1)	(41, 5, 0)	nan
(47, 57, 2)	(57, 58, 4)	(58, 5, 0)	nan
(47, 72, 7)	(72, 34, 8)	(34, 5, 0)	nan
(47, 72, 7)	(72, 34, 3)	(34, 5, 0)	nan
(47, 72, 7)	(72, 58, 7)	(58, 5, 0)	nan
(47, 72, 7)	(72, 5, 0)	nan
(47, 72, 7)	(72, 46, 5)	(46, 5, 0)	nan
(47, 83, 0)	(83, 49, 1)	(49, 5, 0)	nan
(47, 83, 0)	(83, 49, 1)	(49, 5, 7)	nan
(47, 43, 0)	(43, 5, 0)	nan
(47, 43, 0)	(43, 5, 0)	nan
(47, 43, 0)	(43, 5, 4)	nan
(47, 43, 0)	(43, 70, 1)	(70, 5, 8)	nan
(47, 39, 5)	(39, 5, 0)	nan
(47, 39, 5)	(39, 5, 0)	nan
(47, 39, 5)	(39, 5, 7)	nan
(47, 39, 5)	(39, 5, 2)	nan
(47, 39, 5)	(39, 72, 7)	(72, 5, 0)	nan
(47, 39, 5)	(39, 64, 0)	(64, 5, 0)	nan
(47, 39, 5)	(39, 50, 5)	(50, 5, 0)	nan
