(47, 6, 4)	nan
(47, 60, 5)	(60, 35, 8)	(35, 6, 1)	nan
(47, 60, 5)	(60, 35, 8)	(35, 6, 1)	nan
(47, 60, 5)	(60, 35, 8)	(35, 6, 1)	nan
(47, 60, 5)	(60, 35, 8)	(35, 6, 1)	nan
(47, 60, 5)	(60, 6, 1)	nan
(47, 60, 5)	(60, 6, 1)	nan
(47, 60, 5)	(60, 6, 8)	nan
(47, 60, 5)	(60, 79, 1)	(79, 6, 1)	nan
(47, 60, 5)	(60, 79, 1)	(79, 6, 4)	nan
(47, 60, 5)	(60, 34, 6)	(34, 6, 1)	nan
(47, 60, 5)	(60, 34, 6)	(34, 6, 6)	nan
(47, 60, 5)	(60, 74, 1)	(74, 6, 1)	nan
(47, 60, 5)	(60, 74, 1)	(74, 6, 1)	nan
(47, 60, 5)	(60, 74, 1)	(74, 6, 3)	nan
(47, 60, 5)	(60, 74, 1)	(74, 6, 2)	nan
(47, 60, 0)	(60, 35, 8)	(35, 6, 1)	nan
(47, 60, 0)	(60, 35, 8)	(35, 6, 1)	nan
(47, 60, 0)	(60, 35, 8)	(35, 6, 1)	nan
(47, 60, 0)	(60, 35, 8)	(35, 6, 1)	nan
(47, 60, 0)	(60, 6, 1)	nan
(47, 60, 0)	(60, 6, 1)	nan
(47, 60, 0)	(60, 6, 8)	nan
(47, 60, 0)	(60, 79, 1)	(79, 6, 1)	nan
(47, 60, 0)	(60, 79, 1)	(79, 6, 4)	nan
(47, 60, 0)	(60, 34, 6)	(34, 6, 1)	nan
(47, 60, 0)	(60, 34, 6)	(34, 6, 6)	nan
(47, 60, 0)	(60, 74, 1)	(74, 6, 1)	nan
(47, 60, 0)	(60, 74, 1)	(74, 6, 1)	nan
(47, 60, 0)	(60, 74, 1)	(74, 6, 3)	nan
(47, 60, 0)	(60, 74, 1)	(74, 6, 2)	nan
(47, 45, 7)	(45, 6, 1)	nan
(47, 45, 7)	(45, 6, 3)	nan
(47, 45, 7)	(45, 76, 7)	(76, 6, 1)	nan
(47, 45, 7)	(45, 76, 7)	(76, 6, 1)	nan
(47, 45, 7)	(45, 76, 7)	(76, 6, 1)	nan
(47, 45, 7)	(45, 76, 7)	(76, 6, 1)	nan
(47, 45, 7)	(45, 76, 7)	(76, 6, 1)	nan
(47, 45, 7)	(45, 76, 7)	(76, 6, 1)	nan
(47, 45, 7)	(45, 76, 7)	(76, 6, 1)	nan
(47, 45, 7)	(45, 61, 1)	(61, 6, 1)	nan
(47, 45, 7)	(45, 61, 1)	(61, 6, 1)	nan
(47, 45, 7)	(45, 83, 1)	(83, 6, 1)	nan
(47, 45, 7)	(45, 83, 1)	(83, 6, 8)	nan
(47, 45, 7)	(45, 37, 0)	(37, 6, 7)	nan
(47, 45, 7)	(45, 53, 0)	(53, 6, 1)	nan
(47, 45, 7)	(45, 53, 0)	(53, 6, 3)	nan
(47, 45, 7)	(45, 62, 1)	(62, 6, 1)	nan
(47, 45, 7)	(45, 62, 1)	(62, 6, 2)	nan
(47, 45, 7)	(45, 46, 0)	(46, 6, 1)	nan
