(47, 8, 3)	nan
(47, 60, 5)	(60, 35, 8)	(35, 8, 1)	nan
(47, 60, 5)	(60, 35, 8)	(35, 8, 4)	nan
(47, 60, 5)	(60, 35, 8)	(35, 8, 1)	nan
(47, 60, 5)	(60, 35, 8)	(35, 8, 4)	nan
(47, 60, 5)	(60, 8, 1)	nan
(47, 60, 5)	(60, 8, 8)	nan
(47, 60, 5)	(60, 32, 8)	(32, 8, 1)	nan
(47, 60, 5)	(60, 32, 8)	(32, 8, 1)	nan
(47, 60, 5)	(60, 32, 8)	(32, 8, 5)	nan
(47, 60, 5)	(60, 36, 1)	(36, 8, 1)	nan
(47, 60, 5)	(60, 36, 1)	(36, 8, 2)	nan
(47, 60, 5)	(60, 79, 1)	(79, 8, 1)	nan
(47, 60, 5)	(60, 79, 1)	(79, 8, 1)	nan
(47, 60, 5)	(60, 79, 1)	(79, 8, 3)	nan
(47, 60, 5)	(60, 79, 1)	(79, 8, 8)	nan
(47, 60, 5)	(60, 34, 6)	(34, 8, 1)	nan
(47, 60, 5)	(60, 34, 6)	(34, 8, 1)	nan
(47, 60, 5)	(60, 34, 6)	(34, 8, 2)	nan
(47, 60, 5)	(60, 34, 6)	(34, 8, 4)	nan
(47, 60, 0)	(60, 35, 8)	(35, 8, 1)	nan
(47, 60, 0)	(60, 35, 8)	(35, 8, 4)	nan
(47, 60, 0)	(60, 35, 8)	(35, 8, 1)	nan
(47, 60, 0)	(60, 35, 8)	(35, 8, 4)	nan
(47, 60, 0)	(60, 8, 1)	nan
(47, 60, 0)	(60, 8, 8)	nan
(47, 60, 0)	(60, 32, 8)	(32, 8, 1)	nan
(47, 60, 0)	(60, 32, 8)	(32, 8, 1)	nan
(47, 60, 0)	(60, 32, 8)	(32, 8, 5)	nan
(47, 60, 0)	(60, 36, 1)	(36, 8, 1)	nan
(47, 60, 0)	(60, 36, 1)	(36, 8, 2)	nan
(47, 60, 0)	(60, 79, 1)	(79, 8, 1)	nan
(47, 60, 0)	(60, 79, 1)	(79, 8, 1)	nan
(47, 60, 0)	(60, 79, 1)	(79, 8, 3)	nan
(47, 60, 0)	(60, 79, 1)	(79, 8, 8)	nan
(47, 60, 0)	(60, 34, 6)	(34, 8, 1)	nan
(47, 60, 0)	(60, 34, 6)	(34, 8, 1)	nan
(47, 60, 0)	(60, 34, 6)	(34, 8, 2)	nan
(47, 60, 0)	(60, 34, 6)	(34, 8, 4)	nan
(47, 45, 7)	(45, 8, 1)	nan
(47, 45, 7)	(45, 8, 1)	nan
(47, 45, 7)	(45, 8, 3)	nan
(47, 45, 7)	(45, 8, 3)	nan
(47, 45, 7)	(45, 33, 8)	(33, 8, 1)	nan
(47, 45, 7)	(45, 33, 8)	(33, 8, 1)	nan
(47, 45, 7)	(45, 33, 8)	(33, 8, 3)	nan
(47, 45, 7)	(45, 33, 8)	(33, 8, 6)	nan
(47, 45, 7)	(45, 33, 8)	(33, 8, 7)	nan
(47, 45, 7)	(45, 76, 7)	(76, 8, 1)	nan
(47, 45, 7)	(45, 76, 7)	(76, 8, 1)	nan
