(48, 30, 8)	(30, 12, 3)	nan
(48, 30, 8)	(30, 34, 8)	(34, 12, 3)	nan
(48, 30, 8)	(30, 85, 0)	(85, 12, 3)	nan
(48, 83, 7)	(83, 12, 3)	nan
(48, 83, 7)	(83, 12, 3)	nan
(48, 83, 7)	(83, 12, 1)	nan
(48, 83, 7)	(83, 29, 8)	(29, 12, 3)	nan
(48, 83, 7)	(83, 29, 8)	(29, 12, 4)	nan
(48, 83, 7)	(83, 29, 2)	(29, 12, 3)	nan
(48, 83, 7)	(83, 29, 2)	(29, 12, 4)	nan
(48, 83, 7)	(83, 87, 0)	(87, 12, 3)	nan
(48, 83, 7)	(83, 82, 1)	(82, 12, 3)	nan
(48, 83, 7)	(83, 85, 0)	(85, 12, 3)	nan
(48, 83, 7)	(83, 49, 1)	(49, 12, 3)	nan
(48, 83, 7)	(83, 49, 1)	(49, 12, 0)	nan
(48, 71, 7)	(71, 34, 8)	(34, 12, 3)	nan
(48, 71, 7)	(71, 34, 8)	(34, 12, 3)	nan
(48, 71, 7)	(71, 34, 1)	(34, 12, 3)	nan
(48, 71, 7)	(71, 34, 1)	(34, 12, 3)	nan
(48, 71, 7)	(71, 83, 8)	(83, 12, 3)	nan
(48, 71, 7)	(71, 83, 8)	(83, 12, 3)	nan
(48, 71, 7)	(71, 83, 8)	(83, 12, 1)	nan
(48, 88, 7)	(88, 43, 1)	(43, 12, 0)	nan
(48, 59, 8)	(59, 29, 3)	(29, 12, 3)	nan
(48, 59, 8)	(59, 29, 3)	(29, 12, 4)	nan
(48, 59, 8)	(59, 77, 3)	(77, 12, 3)	nan
(48, 59, 8)	(59, 81, 3)	(81, 12, 3)	nan
(48, 59, 8)	(59, 33, 8)	(33, 12, 3)	nan
(48, 59, 8)	(59, 66, 7)	(66, 12, 3)	nan
(48, 59, 8)	(59, 66, 7)	(66, 12, 0)	nan
(48, 89, 0)	(89, 12, 0)	nan
(48, 89, 7)	(89, 12, 0)	nan
(48, 33, 0)	(33, 12, 3)	nan
(48, 33, 0)	(33, 54, 2)	(54, 12, 3)	nan
(48, 33, 0)	(33, 54, 2)	(54, 12, 3)	nan
(48, 33, 0)	(33, 54, 2)	(54, 12, 8)	nan
(48, 33, 0)	(33, 54, 2)	(54, 12, 1)	nan
(48, 33, 0)	(33, 54, 2)	(54, 12, 1)	nan
(48, 33, 0)	(33, 87, 3)	(87, 12, 3)	nan
(48, 33, 0)	(33, 29, 2)	(29, 12, 3)	nan
(48, 33, 0)	(33, 29, 2)	(29, 12, 4)	nan
(48, 34, 0)	(34, 12, 3)	nan
(48, 34, 0)	(34, 70, 3)	(70, 12, 3)	nan
(48, 34, 0)	(34, 33, 8)	(33, 12, 3)	nan
(48, 34, 0)	(34, 35, 8)	(35, 12, 3)	nan
(48, 34, 0)	(34, 35, 8)	(35, 12, 3)	nan
(48, 34, 0)	(34, 35, 8)	(35, 12, 4)	nan
(48, 38, 5)	(38, 82, 2)	(82, 12, 3)	nan
(48, 67, 5)	(67, 32, 8)	(32, 12, 3)	nan
(48, 67, 5)	(67, 32, 8)	(32, 12, 4)	nan
(48, 67, 5)	(67, 53, 7)	(53, 12, 3)	nan
