(48, 30, 8)	(30, 17, 3)	nan
(48, 30, 8)	(30, 34, 8)	(34, 17, 3)	nan
(48, 30, 8)	(30, 34, 8)	(34, 17, 3)	nan
(48, 30, 8)	(30, 34, 8)	(34, 17, 0)	nan
(48, 83, 7)	(83, 29, 8)	(29, 17, 3)	nan
(48, 83, 7)	(83, 29, 8)	(29, 17, 3)	nan
(48, 83, 7)	(83, 29, 8)	(29, 17, 0)	nan
(48, 83, 7)	(83, 29, 2)	(29, 17, 3)	nan
(48, 83, 7)	(83, 29, 2)	(29, 17, 3)	nan
(48, 83, 7)	(83, 29, 2)	(29, 17, 0)	nan
(48, 83, 7)	(83, 49, 1)	(49, 17, 3)	nan
(48, 71, 7)	(71, 34, 8)	(34, 17, 3)	nan
(48, 71, 7)	(71, 34, 8)	(34, 17, 3)	nan
(48, 71, 7)	(71, 34, 8)	(34, 17, 0)	nan
(48, 71, 7)	(71, 34, 8)	(34, 17, 3)	nan
(48, 71, 7)	(71, 34, 8)	(34, 17, 3)	nan
(48, 71, 7)	(71, 34, 8)	(34, 17, 0)	nan
(48, 71, 7)	(71, 34, 1)	(34, 17, 3)	nan
(48, 71, 7)	(71, 34, 1)	(34, 17, 3)	nan
(48, 71, 7)	(71, 34, 1)	(34, 17, 0)	nan
(48, 71, 7)	(71, 34, 1)	(34, 17, 3)	nan
(48, 71, 7)	(71, 34, 1)	(34, 17, 3)	nan
(48, 71, 7)	(71, 34, 1)	(34, 17, 0)	nan
(48, 71, 7)	(71, 17, 3)	nan
(48, 71, 7)	(71, 17, 7)	nan
(48, 88, 7)	(88, 43, 1)	(43, 17, 8)	nan
(48, 59, 8)	(59, 17, 3)	nan
(48, 59, 8)	(59, 17, 4)	nan
(48, 59, 8)	(59, 29, 3)	(29, 17, 3)	nan
(48, 59, 8)	(59, 29, 3)	(29, 17, 3)	nan
(48, 59, 8)	(59, 29, 3)	(29, 17, 0)	nan
(48, 59, 8)	(59, 77, 3)	(77, 17, 3)	nan
(48, 59, 8)	(59, 81, 3)	(81, 17, 3)	nan
(48, 59, 8)	(59, 33, 8)	(33, 17, 3)	nan
(48, 59, 8)	(59, 66, 7)	(66, 17, 3)	nan
(48, 59, 8)	(59, 66, 7)	(66, 17, 3)	nan
(48, 89, 0)	(89, 17, 7)	nan
(48, 89, 7)	(89, 17, 7)	nan
(48, 33, 0)	(33, 17, 3)	nan
(48, 33, 0)	(33, 54, 2)	(54, 17, 3)	nan
(48, 33, 0)	(33, 54, 2)	(54, 17, 3)	nan
(48, 33, 0)	(33, 54, 2)	(54, 17, 7)	nan
(48, 33, 0)	(33, 54, 2)	(54, 17, 4)	nan
(48, 33, 0)	(33, 29, 2)	(29, 17, 3)	nan
(48, 33, 0)	(33, 29, 2)	(29, 17, 3)	nan
(48, 33, 0)	(33, 29, 2)	(29, 17, 0)	nan
(48, 34, 0)	(34, 17, 3)	nan
(48, 34, 0)	(34, 17, 3)	nan
(48, 34, 0)	(34, 17, 0)	nan
(48, 34, 0)	(34, 59, 7)	(59, 17, 3)	nan
(48, 34, 0)	(34, 59, 7)	(59, 17, 4)	nan
