(48, 26, 2)	nan
(48, 26, 0)	nan
(48, 30, 8)	(30, 26, 7)	nan
(48, 30, 8)	(30, 26, 7)	nan
(48, 30, 8)	(30, 26, 4)	nan
(48, 30, 8)	(30, 26, 5)	nan
(48, 30, 8)	(30, 72, 4)	(72, 26, 7)	nan
(48, 30, 8)	(30, 60, 7)	(60, 26, 7)	nan
(48, 30, 8)	(30, 60, 7)	(60, 26, 5)	nan
(48, 30, 8)	(30, 60, 0)	(60, 26, 7)	nan
(48, 30, 8)	(30, 60, 0)	(60, 26, 5)	nan
(48, 30, 8)	(30, 75, 7)	(75, 26, 7)	nan
(48, 30, 8)	(30, 75, 7)	(75, 26, 8)	nan
(48, 30, 8)	(30, 88, 5)	(88, 26, 7)	nan
(48, 30, 8)	(30, 88, 5)	(88, 26, 7)	nan
(48, 30, 8)	(30, 88, 5)	(88, 26, 8)	nan
(48, 30, 8)	(30, 88, 5)	(88, 26, 2)	nan
(48, 30, 8)	(30, 34, 8)	(34, 26, 7)	nan
(48, 30, 8)	(30, 34, 8)	(34, 26, 5)	nan
(48, 30, 8)	(30, 85, 0)	(85, 26, 7)	nan
(48, 30, 8)	(30, 85, 0)	(85, 26, 7)	nan
(48, 30, 8)	(30, 85, 0)	(85, 26, 7)	nan
(48, 30, 8)	(30, 85, 0)	(85, 26, 7)	nan
(48, 83, 7)	(83, 29, 8)	(29, 26, 7)	nan
(48, 83, 7)	(83, 29, 8)	(29, 26, 2)	nan
(48, 83, 7)	(83, 29, 2)	(29, 26, 7)	nan
(48, 83, 7)	(83, 29, 2)	(29, 26, 2)	nan
(48, 83, 7)	(83, 87, 0)	(87, 26, 7)	nan
(48, 83, 7)	(83, 87, 0)	(87, 26, 0)	nan
(48, 83, 7)	(83, 82, 1)	(82, 26, 7)	nan
(48, 83, 7)	(83, 82, 1)	(82, 26, 7)	nan
(48, 83, 7)	(83, 82, 1)	(82, 26, 7)	nan
(48, 83, 7)	(83, 82, 1)	(82, 26, 7)	nan
(48, 83, 7)	(83, 26, 7)	nan
(48, 83, 7)	(83, 26, 7)	nan
(48, 83, 7)	(83, 26, 7)	nan
(48, 83, 7)	(83, 26, 7)	nan
(48, 83, 7)	(83, 26, 7)	nan
(48, 83, 7)	(83, 26, 7)	nan
(48, 83, 7)	(83, 26, 7)	nan
(48, 83, 7)	(83, 76, 3)	(76, 26, 7)	nan
(48, 83, 7)	(83, 76, 3)	(76, 26, 7)	nan
(48, 83, 7)	(83, 76, 3)	(76, 26, 7)	nan
(48, 83, 7)	(83, 76, 3)	(76, 26, 7)	nan
(48, 83, 7)	(83, 76, 3)	(76, 26, 7)	nan
(48, 83, 7)	(83, 85, 0)	(85, 26, 7)	nan
(48, 83, 7)	(83, 85, 0)	(85, 26, 7)	nan
(48, 83, 7)	(83, 85, 0)	(85, 26, 7)	nan
(48, 83, 7)	(83, 85, 0)	(85, 26, 7)	nan
