(48, 28, 1)	nan
(48, 30, 8)	(30, 72, 4)	(72, 28, 7)	nan
(48, 30, 8)	(30, 72, 4)	(72, 28, 6)	nan
(48, 30, 8)	(30, 88, 5)	(88, 28, 7)	nan
(48, 30, 8)	(30, 88, 5)	(88, 28, 3)	nan
(48, 30, 8)	(30, 85, 0)	(85, 28, 7)	nan
(48, 30, 8)	(30, 85, 0)	(85, 28, 2)	nan
(48, 83, 7)	(83, 29, 8)	(29, 28, 7)	nan
(48, 83, 7)	(83, 29, 8)	(29, 28, 3)	nan
(48, 83, 7)	(83, 29, 2)	(29, 28, 7)	nan
(48, 83, 7)	(83, 29, 2)	(29, 28, 3)	nan
(48, 83, 7)	(83, 87, 0)	(87, 28, 7)	nan
(48, 83, 7)	(83, 87, 0)	(87, 28, 7)	nan
(48, 83, 7)	(83, 87, 0)	(87, 28, 2)	nan
(48, 83, 7)	(83, 87, 0)	(87, 28, 6)	nan
(48, 83, 7)	(83, 76, 3)	(76, 28, 7)	nan
(48, 83, 7)	(83, 76, 3)	(76, 28, 0)	nan
(48, 83, 7)	(83, 85, 0)	(85, 28, 7)	nan
(48, 83, 7)	(83, 85, 0)	(85, 28, 2)	nan
(48, 83, 7)	(83, 49, 1)	(49, 28, 7)	nan
(48, 83, 7)	(83, 49, 1)	(49, 28, 7)	nan
(48, 83, 7)	(83, 49, 1)	(49, 28, 5)	nan
(48, 83, 7)	(83, 49, 1)	(49, 28, 5)	nan
(48, 83, 7)	(83, 49, 1)	(49, 28, 1)	nan
(48, 83, 7)	(83, 78, 0)	(78, 28, 7)	nan
(48, 83, 7)	(83, 78, 0)	(78, 28, 3)	nan
(48, 71, 7)	(71, 28, 7)	nan
(48, 71, 7)	(71, 28, 7)	nan
(48, 71, 7)	(71, 28, 4)	nan
(48, 71, 7)	(71, 28, 1)	nan
(48, 71, 7)	(71, 74, 7)	(74, 28, 7)	nan
(48, 71, 7)	(71, 74, 7)	(74, 28, 7)	nan
(48, 71, 7)	(71, 74, 7)	(74, 28, 8)	nan
(48, 71, 7)	(71, 74, 7)	(74, 28, 3)	nan
(48, 71, 7)	(71, 31, 7)	(31, 28, 7)	nan
(48, 71, 7)	(71, 31, 7)	(31, 28, 6)	nan
(48, 88, 7)	(88, 28, 7)	nan
(48, 88, 7)	(88, 28, 3)	nan
(48, 88, 7)	(88, 31, 1)	(31, 28, 7)	nan
(48, 88, 7)	(88, 31, 1)	(31, 28, 6)	nan
(48, 88, 7)	(88, 43, 1)	(43, 28, 7)	nan
(48, 88, 7)	(88, 43, 1)	(43, 28, 5)	nan
(48, 88, 7)	(88, 43, 1)	(43, 28, 6)	nan
(48, 59, 8)	(59, 28, 7)	nan
(48, 59, 8)	(59, 28, 5)	nan
(48, 59, 8)	(59, 29, 3)	(29, 28, 7)	nan
(48, 59, 8)	(59, 29, 3)	(29, 28, 3)	nan
(48, 59, 8)	(59, 77, 3)	(77, 28, 7)	nan
(48, 59, 8)	(59, 77, 3)	(77, 28, 2)	nan
(48, 59, 8)	(59, 47, 5)	(47, 28, 7)	nan
