(48, 30, 8)	(30, 22, 5)	nan
(48, 30, 8)	(30, 22, 7)	nan
(48, 30, 8)	(30, 72, 4)	(72, 22, 7)	nan
(48, 30, 8)	(30, 72, 4)	(72, 22, 5)	nan
(48, 30, 8)	(30, 72, 4)	(72, 22, 5)	nan
(48, 30, 8)	(30, 75, 7)	(75, 22, 5)	nan
(48, 30, 8)	(30, 75, 7)	(75, 22, 5)	nan
(48, 22, 5)	nan
(48, 22, 6)	nan
(48, 83, 7)	(83, 29, 8)	(29, 22, 5)	nan
(48, 83, 7)	(83, 29, 8)	(29, 22, 5)	nan
(48, 83, 7)	(83, 29, 8)	(29, 22, 5)	nan
(48, 83, 7)	(83, 29, 8)	(29, 22, 5)	nan
(48, 83, 7)	(83, 29, 2)	(29, 22, 5)	nan
(48, 83, 7)	(83, 29, 2)	(29, 22, 5)	nan
(48, 83, 7)	(83, 29, 2)	(29, 22, 5)	nan
(48, 83, 7)	(83, 29, 2)	(29, 22, 5)	nan
(48, 83, 7)	(83, 87, 0)	(87, 22, 5)	nan
(48, 83, 7)	(83, 87, 0)	(87, 22, 6)	nan
(48, 83, 7)	(83, 22, 5)	nan
(48, 83, 7)	(83, 22, 0)	nan
(48, 83, 7)	(83, 82, 1)	(82, 22, 5)	nan
(48, 83, 7)	(83, 76, 3)	(76, 22, 5)	nan
(48, 83, 7)	(83, 49, 1)	(49, 22, 7)	nan
(48, 83, 7)	(83, 49, 1)	(49, 22, 5)	nan
(48, 83, 7)	(83, 49, 1)	(49, 22, 5)	nan
(48, 71, 7)	(71, 83, 8)	(83, 22, 5)	nan
(48, 71, 7)	(71, 83, 8)	(83, 22, 0)	nan
(48, 71, 7)	(71, 74, 7)	(74, 22, 5)	nan
(48, 71, 7)	(71, 74, 7)	(74, 22, 1)	nan
(48, 71, 7)	(71, 22, 5)	nan
(48, 71, 7)	(71, 22, 5)	nan
(48, 71, 7)	(71, 31, 7)	(31, 22, 5)	nan
(48, 71, 7)	(71, 31, 7)	(31, 22, 8)	nan
(48, 88, 7)	(88, 31, 1)	(31, 22, 5)	nan
(48, 88, 7)	(88, 31, 1)	(31, 22, 8)	nan
(48, 88, 7)	(88, 43, 1)	(43, 22, 5)	nan
(48, 59, 8)	(59, 29, 3)	(29, 22, 5)	nan
(48, 59, 8)	(59, 29, 3)	(29, 22, 5)	nan
(48, 59, 8)	(59, 29, 3)	(29, 22, 5)	nan
(48, 59, 8)	(59, 29, 3)	(29, 22, 5)	nan
(48, 59, 8)	(59, 47, 5)	(47, 22, 5)	nan
(48, 59, 8)	(59, 47, 5)	(47, 22, 5)	nan
(48, 59, 8)	(59, 47, 5)	(47, 22, 2)	nan
(48, 59, 8)	(59, 47, 5)	(47, 22, 2)	nan
(48, 59, 8)	(59, 47, 2)	(47, 22, 5)	nan
(48, 59, 8)	(59, 47, 2)	(47, 22, 5)	nan
(48, 59, 8)	(59, 47, 2)	(47, 22, 2)	nan
(48, 59, 8)	(59, 47, 2)	(47, 22, 2)	nan
(48, 59, 8)	(59, 81, 3)	(81, 22, 5)	nan
(48, 59, 8)	(59, 81, 3)	(81, 22, 5)	nan
