(48, 30, 8)	(30, 3, 0)	nan
(48, 30, 8)	(30, 3, 3)	nan
(48, 30, 8)	(30, 60, 7)	(60, 3, 0)	nan
(48, 30, 8)	(30, 60, 0)	(60, 3, 0)	nan
(48, 30, 8)	(30, 88, 5)	(88, 3, 0)	nan
(48, 30, 8)	(30, 88, 5)	(88, 3, 0)	nan
(48, 30, 8)	(30, 88, 5)	(88, 3, 3)	nan
(48, 30, 8)	(30, 34, 8)	(34, 3, 0)	nan
(48, 3, 0)	nan
(48, 3, 8)	nan
(48, 83, 7)	(83, 29, 8)	(29, 3, 0)	nan
(48, 83, 7)	(83, 29, 2)	(29, 3, 0)	nan
(48, 83, 7)	(83, 3, 0)	nan
(48, 83, 7)	(83, 87, 0)	(87, 3, 0)	nan
(48, 83, 7)	(83, 82, 1)	(82, 3, 0)	nan
(48, 83, 7)	(83, 82, 1)	(82, 3, 2)	nan
(48, 83, 7)	(83, 76, 3)	(76, 3, 0)	nan
(48, 83, 7)	(83, 78, 0)	(78, 3, 0)	nan
(48, 71, 7)	(71, 34, 8)	(34, 3, 0)	nan
(48, 71, 7)	(71, 34, 8)	(34, 3, 0)	nan
(48, 71, 7)	(71, 34, 1)	(34, 3, 0)	nan
(48, 71, 7)	(71, 34, 1)	(34, 3, 0)	nan
(48, 71, 7)	(71, 83, 8)	(83, 3, 0)	nan
(48, 71, 7)	(71, 74, 7)	(74, 3, 0)	nan
(48, 71, 7)	(71, 3, 0)	nan
(48, 88, 7)	(88, 3, 0)	nan
(48, 88, 7)	(88, 3, 0)	nan
(48, 88, 7)	(88, 3, 3)	nan
(48, 88, 7)	(88, 43, 1)	(43, 3, 0)	nan
(48, 59, 8)	(59, 29, 3)	(29, 3, 0)	nan
(48, 59, 8)	(59, 77, 3)	(77, 3, 0)	nan
(48, 59, 8)	(59, 47, 5)	(47, 3, 0)	nan
(48, 59, 8)	(59, 47, 5)	(47, 3, 1)	nan
(48, 59, 8)	(59, 47, 2)	(47, 3, 0)	nan
(48, 59, 8)	(59, 47, 2)	(47, 3, 1)	nan
(48, 59, 8)	(59, 81, 3)	(81, 3, 0)	nan
(48, 59, 8)	(59, 81, 3)	(81, 3, 7)	nan
(48, 59, 8)	(59, 46, 7)	(46, 3, 0)	nan
(48, 59, 8)	(59, 46, 7)	(46, 3, 6)	nan
(48, 59, 8)	(59, 46, 7)	(46, 3, 0)	nan
(48, 59, 8)	(59, 46, 7)	(46, 3, 6)	nan
(48, 59, 8)	(59, 46, 1)	(46, 3, 0)	nan
(48, 59, 8)	(59, 46, 1)	(46, 3, 6)	nan
(48, 89, 0)	(89, 3, 0)	nan
(48, 89, 0)	(89, 3, 7)	nan
(48, 89, 0)	(89, 46, 7)	(46, 3, 0)	nan
(48, 89, 0)	(89, 46, 7)	(46, 3, 6)	nan
(48, 89, 0)	(89, 90, 1)	(90, 3, 0)	nan
(48, 89, 0)	(89, 90, 1)	(90, 3, 7)	nan
(48, 89, 7)	(89, 3, 0)	nan
(48, 89, 7)	(89, 3, 7)	nan
