(48, 4, 5)	nan
(48, 30, 8)	(30, 4, 0)	nan
(48, 30, 8)	(30, 4, 7)	nan
(48, 30, 8)	(30, 75, 7)	(75, 4, 5)	nan
(48, 30, 8)	(30, 75, 7)	(75, 4, 7)	nan
(48, 30, 8)	(30, 88, 5)	(88, 4, 0)	nan
(48, 83, 7)	(83, 29, 8)	(29, 4, 0)	nan
(48, 83, 7)	(83, 29, 2)	(29, 4, 0)	nan
(48, 83, 7)	(83, 82, 1)	(82, 4, 0)	nan
(48, 71, 7)	(71, 31, 7)	(31, 4, 0)	nan
(48, 71, 7)	(71, 4, 0)	nan
(48, 88, 7)	(88, 31, 1)	(31, 4, 0)	nan
(48, 88, 7)	(88, 4, 0)	nan
(48, 88, 7)	(88, 43, 1)	(43, 4, 0)	nan
(48, 88, 7)	(88, 43, 1)	(43, 4, 5)	nan
(48, 59, 8)	(59, 29, 3)	(29, 4, 0)	nan
(48, 59, 8)	(59, 77, 3)	(77, 4, 0)	nan
(48, 59, 8)	(59, 47, 5)	(47, 4, 0)	nan
(48, 59, 8)	(59, 47, 5)	(47, 4, 5)	nan
(48, 59, 8)	(59, 47, 2)	(47, 4, 0)	nan
(48, 59, 8)	(59, 47, 2)	(47, 4, 5)	nan
(48, 59, 8)	(59, 4, 0)	nan
(48, 59, 8)	(59, 46, 7)	(46, 4, 0)	nan
(48, 59, 8)	(59, 46, 7)	(46, 4, 0)	nan
(48, 59, 8)	(59, 46, 7)	(46, 4, 5)	nan
(48, 59, 8)	(59, 46, 7)	(46, 4, 4)	nan
(48, 59, 8)	(59, 46, 7)	(46, 4, 0)	nan
(48, 59, 8)	(59, 46, 7)	(46, 4, 0)	nan
(48, 59, 8)	(59, 46, 7)	(46, 4, 5)	nan
(48, 59, 8)	(59, 46, 7)	(46, 4, 4)	nan
(48, 59, 8)	(59, 46, 1)	(46, 4, 0)	nan
(48, 59, 8)	(59, 46, 1)	(46, 4, 0)	nan
(48, 59, 8)	(59, 46, 1)	(46, 4, 5)	nan
(48, 59, 8)	(59, 46, 1)	(46, 4, 4)	nan
(48, 59, 8)	(59, 33, 8)	(33, 4, 0)	nan
(48, 89, 0)	(89, 46, 7)	(46, 4, 0)	nan
(48, 89, 0)	(89, 46, 7)	(46, 4, 0)	nan
(48, 89, 0)	(89, 46, 7)	(46, 4, 5)	nan
(48, 89, 0)	(89, 46, 7)	(46, 4, 4)	nan
(48, 89, 0)	(89, 90, 1)	(90, 4, 0)	nan
(48, 89, 0)	(89, 90, 1)	(90, 4, 6)	nan
(48, 89, 7)	(89, 46, 7)	(46, 4, 0)	nan
(48, 89, 7)	(89, 46, 7)	(46, 4, 0)	nan
(48, 89, 7)	(89, 46, 7)	(46, 4, 5)	nan
(48, 89, 7)	(89, 46, 7)	(46, 4, 4)	nan
(48, 89, 7)	(89, 90, 1)	(90, 4, 0)	nan
(48, 89, 7)	(89, 90, 1)	(90, 4, 6)	nan
(48, 33, 0)	(33, 4, 0)	nan
(48, 33, 0)	(33, 41, 1)	(41, 4, 0)	nan
(48, 33, 0)	(33, 41, 1)	(41, 4, 0)	nan
