(48, 30, 8)	(30, 34, 8)	(34, 59, 7)	nan
(48, 30, 8)	(30, 34, 8)	(34, 59, 3)	nan
(48, 30, 8)	(30, 34, 8)	(34, 59, 3)	nan
(48, 83, 7)	(83, 87, 0)	(87, 59, 4)	nan
(48, 71, 7)	(71, 34, 8)	(34, 59, 7)	nan
(48, 71, 7)	(71, 34, 8)	(34, 59, 3)	nan
(48, 71, 7)	(71, 34, 8)	(34, 59, 3)	nan
(48, 71, 7)	(71, 34, 8)	(34, 59, 7)	nan
(48, 71, 7)	(71, 34, 8)	(34, 59, 3)	nan
(48, 71, 7)	(71, 34, 8)	(34, 59, 3)	nan
(48, 71, 7)	(71, 34, 1)	(34, 59, 7)	nan
(48, 71, 7)	(71, 34, 1)	(34, 59, 3)	nan
(48, 71, 7)	(71, 34, 1)	(34, 59, 3)	nan
(48, 71, 7)	(71, 34, 1)	(34, 59, 7)	nan
(48, 71, 7)	(71, 34, 1)	(34, 59, 3)	nan
(48, 71, 7)	(71, 34, 1)	(34, 59, 3)	nan
(48, 59, 8)	nan
(48, 33, 0)	(33, 87, 3)	(87, 59, 4)	nan
(48, 34, 0)	(34, 59, 7)	nan
(48, 34, 0)	(34, 59, 3)	nan
(48, 34, 0)	(34, 59, 3)	nan
