(49, 12, 0)	nan
(49, 41, 2)	(41, 30, 8)	(30, 12, 3)	nan
(49, 41, 2)	(41, 30, 1)	(30, 12, 3)	nan
(49, 41, 2)	(41, 32, 7)	(32, 12, 3)	nan
(49, 41, 2)	(41, 32, 7)	(32, 12, 4)	nan
(49, 41, 2)	(41, 82, 0)	(82, 12, 3)	nan
(49, 41, 2)	(41, 29, 5)	(29, 12, 3)	nan
(49, 41, 2)	(41, 29, 5)	(29, 12, 4)	nan
(49, 41, 2)	(41, 34, 8)	(34, 12, 3)	nan
(49, 41, 2)	(41, 35, 8)	(35, 12, 3)	nan
(49, 41, 2)	(41, 35, 8)	(35, 12, 3)	nan
(49, 41, 2)	(41, 35, 8)	(35, 12, 4)	nan
(49, 58, 3)	(58, 12, 3)	nan
(49, 58, 3)	(58, 12, 3)	nan
(49, 58, 3)	(58, 12, 1)	nan
(49, 58, 3)	(58, 12, 2)	nan
(49, 58, 3)	(58, 35, 8)	(35, 12, 3)	nan
(49, 58, 3)	(58, 35, 8)	(35, 12, 3)	nan
(49, 58, 3)	(58, 35, 8)	(35, 12, 4)	nan
(49, 58, 3)	(58, 35, 2)	(35, 12, 3)	nan
(49, 58, 3)	(58, 35, 2)	(35, 12, 3)	nan
(49, 58, 3)	(58, 35, 2)	(35, 12, 4)	nan
(49, 58, 3)	(58, 54, 7)	(54, 12, 3)	nan
(49, 58, 3)	(58, 54, 7)	(54, 12, 3)	nan
(49, 58, 3)	(58, 54, 7)	(54, 12, 8)	nan
(49, 58, 3)	(58, 54, 7)	(54, 12, 1)	nan
(49, 58, 3)	(58, 54, 7)	(54, 12, 1)	nan
(49, 58, 3)	(58, 34, 8)	(34, 12, 3)	nan
(49, 58, 3)	(58, 44, 1)	(44, 12, 3)	nan
(49, 58, 3)	(58, 66, 7)	(66, 12, 3)	nan
(49, 58, 3)	(58, 66, 7)	(66, 12, 0)	nan
(49, 58, 2)	(58, 12, 3)	nan
(49, 58, 2)	(58, 12, 3)	nan
(49, 58, 2)	(58, 12, 1)	nan
(49, 58, 2)	(58, 12, 2)	nan
(49, 58, 2)	(58, 35, 8)	(35, 12, 3)	nan
(49, 58, 2)	(58, 35, 8)	(35, 12, 3)	nan
(49, 58, 2)	(58, 35, 8)	(35, 12, 4)	nan
(49, 58, 2)	(58, 35, 2)	(35, 12, 3)	nan
(49, 58, 2)	(58, 35, 2)	(35, 12, 3)	nan
(49, 58, 2)	(58, 35, 2)	(35, 12, 4)	nan
(49, 58, 2)	(58, 54, 7)	(54, 12, 3)	nan
(49, 58, 2)	(58, 54, 7)	(54, 12, 3)	nan
(49, 58, 2)	(58, 54, 7)	(54, 12, 8)	nan
(49, 58, 2)	(58, 54, 7)	(54, 12, 1)	nan
(49, 58, 2)	(58, 54, 7)	(54, 12, 1)	nan
(49, 58, 2)	(58, 34, 8)	(34, 12, 3)	nan
(49, 58, 2)	(58, 44, 1)	(44, 12, 3)	nan
(49, 58, 2)	(58, 66, 7)	(66, 12, 3)	nan
(49, 58, 2)	(58, 66, 7)	(66, 12, 0)	nan
