(49, 10, 5)	nan
(49, 10, 6)	nan
(49, 41, 2)	(41, 10, 2)	nan
(49, 41, 2)	(41, 10, 2)	nan
(49, 41, 2)	(41, 10, 2)	nan
(49, 41, 2)	(41, 10, 2)	nan
(49, 41, 2)	(41, 32, 7)	(32, 10, 2)	nan
(49, 41, 2)	(41, 82, 0)	(82, 10, 2)	nan
(49, 41, 2)	(41, 82, 0)	(82, 10, 2)	nan
(49, 41, 2)	(41, 48, 5)	(48, 10, 2)	nan
(49, 41, 2)	(41, 48, 5)	(48, 10, 2)	nan
(49, 41, 2)	(41, 48, 5)	(48, 10, 8)	nan
(49, 41, 2)	(41, 48, 5)	(48, 10, 8)	nan
(49, 41, 2)	(41, 31, 8)	(31, 10, 2)	nan
(49, 41, 2)	(41, 29, 5)	(29, 10, 2)	nan
(49, 41, 2)	(41, 29, 5)	(29, 10, 2)	nan
(49, 41, 2)	(41, 29, 5)	(29, 10, 5)	nan
(49, 41, 2)	(41, 29, 5)	(29, 10, 4)	nan
(49, 41, 2)	(41, 76, 0)	(76, 10, 2)	nan
(49, 41, 2)	(41, 34, 8)	(34, 10, 2)	nan
(49, 41, 2)	(41, 35, 8)	(35, 10, 2)	nan
(49, 41, 2)	(41, 35, 8)	(35, 10, 5)	nan
(49, 58, 3)	(58, 10, 2)	nan
(49, 58, 3)	(58, 10, 2)	nan
(49, 58, 3)	(58, 10, 6)	nan
(49, 58, 3)	(58, 10, 4)	nan
(49, 58, 3)	(58, 10, 4)	nan
(49, 58, 3)	(58, 35, 8)	(35, 10, 2)	nan
(49, 58, 3)	(58, 35, 8)	(35, 10, 5)	nan
(49, 58, 3)	(58, 35, 2)	(35, 10, 2)	nan
(49, 58, 3)	(58, 35, 2)	(35, 10, 5)	nan
(49, 58, 3)	(58, 54, 7)	(54, 10, 2)	nan
(49, 58, 3)	(58, 54, 7)	(54, 10, 5)	nan
(49, 58, 3)	(58, 34, 8)	(34, 10, 2)	nan
(49, 58, 3)	(58, 44, 1)	(44, 10, 1)	nan
(49, 58, 3)	(58, 44, 1)	(44, 10, 2)	nan
(49, 58, 3)	(58, 46, 7)	(46, 10, 2)	nan
(49, 58, 3)	(58, 46, 7)	(46, 10, 8)	nan
(49, 58, 3)	(58, 59, 3)	(59, 10, 2)	nan
(49, 58, 3)	(58, 59, 3)	(59, 10, 3)	nan
(49, 58, 3)	(58, 66, 7)	(66, 10, 2)	nan
(49, 58, 3)	(58, 71, 5)	(71, 10, 2)	nan
(49, 58, 3)	(58, 68, 2)	(68, 10, 2)	nan
(49, 58, 2)	(58, 10, 2)	nan
(49, 58, 2)	(58, 10, 2)	nan
(49, 58, 2)	(58, 10, 6)	nan
(49, 58, 2)	(58, 10, 4)	nan
(49, 58, 2)	(58, 10, 4)	nan
(49, 58, 2)	(58, 35, 8)	(35, 10, 2)	nan
