(49, 41, 2)	(41, 31, 8)	(31, 9, 1)	nan
(49, 41, 2)	(41, 9, 1)	nan
(49, 41, 2)	(41, 9, 1)	nan
(49, 41, 2)	(41, 45, 0)	(45, 9, 1)	nan
(49, 41, 2)	(41, 35, 8)	(35, 9, 1)	nan
(49, 41, 2)	(41, 35, 8)	(35, 9, 1)	nan
(49, 58, 3)	(58, 35, 8)	(35, 9, 1)	nan
(49, 58, 3)	(58, 35, 8)	(35, 9, 1)	nan
(49, 58, 3)	(58, 35, 2)	(35, 9, 1)	nan
(49, 58, 3)	(58, 35, 2)	(35, 9, 1)	nan
(49, 58, 3)	(58, 54, 7)	(54, 9, 1)	nan
(49, 58, 3)	(58, 46, 7)	(46, 9, 1)	nan
(49, 58, 3)	(58, 66, 7)	(66, 9, 1)	nan
(49, 58, 3)	(58, 66, 7)	(66, 9, 8)	nan
(49, 58, 3)	(58, 68, 2)	(68, 9, 1)	nan
(49, 58, 2)	(58, 35, 8)	(35, 9, 1)	nan
(49, 58, 2)	(58, 35, 8)	(35, 9, 1)	nan
(49, 58, 2)	(58, 35, 2)	(35, 9, 1)	nan
(49, 58, 2)	(58, 35, 2)	(35, 9, 1)	nan
(49, 58, 2)	(58, 54, 7)	(54, 9, 1)	nan
(49, 58, 2)	(58, 46, 7)	(46, 9, 1)	nan
(49, 58, 2)	(58, 66, 7)	(66, 9, 1)	nan
(49, 58, 2)	(58, 66, 7)	(66, 9, 8)	nan
(49, 58, 2)	(58, 68, 2)	(68, 9, 1)	nan
(49, 78, 7)	(78, 9, 1)	nan
(49, 78, 7)	(78, 35, 8)	(35, 9, 1)	nan
(49, 78, 7)	(78, 35, 8)	(35, 9, 1)	nan
(49, 78, 7)	(78, 45, 8)	(45, 9, 1)	nan
(49, 9, 1)	nan
(49, 92, 5)	(92, 53, 7)	(53, 9, 1)	nan
(49, 92, 5)	(92, 54, 7)	(54, 9, 1)	nan
(49, 92, 5)	(92, 9, 1)	nan
(49, 92, 5)	(92, 88, 7)	(88, 9, 1)	nan
(49, 92, 5)	(92, 88, 7)	(88, 9, 0)	nan
(49, 70, 7)	(70, 9, 1)	nan
(49, 70, 7)	(70, 51, 1)	(51, 9, 2)	nan
