(50, 32, 8)	(32, 29, 3)	(29, 17, 3)	nan
(50, 32, 8)	(32, 29, 3)	(29, 17, 3)	nan
(50, 32, 8)	(32, 29, 3)	(29, 17, 0)	nan
(50, 32, 8)	(32, 51, 1)	(51, 17, 3)	nan
(50, 32, 1)	(32, 29, 3)	(29, 17, 3)	nan
(50, 32, 1)	(32, 29, 3)	(29, 17, 3)	nan
(50, 32, 1)	(32, 29, 3)	(29, 17, 0)	nan
(50, 32, 1)	(32, 51, 1)	(51, 17, 3)	nan
(50, 36, 5)	(36, 66, 1)	(66, 17, 3)	nan
(50, 36, 5)	(36, 66, 1)	(66, 17, 3)	nan
(50, 36, 5)	(36, 58, 7)	(58, 17, 3)	nan
(50, 36, 5)	(36, 58, 7)	(58, 17, 3)	nan
(50, 36, 5)	(36, 58, 7)	(58, 17, 2)	nan
(50, 36, 5)	(36, 58, 7)	(58, 17, 6)	nan
(50, 36, 5)	(36, 55, 0)	(55, 17, 3)	nan
(50, 36, 5)	(36, 55, 0)	(55, 17, 1)	nan
(50, 36, 5)	(36, 29, 7)	(29, 17, 3)	nan
(50, 36, 5)	(36, 29, 7)	(29, 17, 3)	nan
(50, 36, 5)	(36, 29, 7)	(29, 17, 0)	nan
(50, 36, 5)	(36, 29, 8)	(29, 17, 3)	nan
(50, 36, 5)	(36, 29, 8)	(29, 17, 3)	nan
(50, 36, 5)	(36, 29, 8)	(29, 17, 0)	nan
(50, 30, 8)	(30, 17, 3)	nan
(50, 30, 8)	(30, 34, 8)	(34, 17, 3)	nan
(50, 30, 8)	(30, 34, 8)	(34, 17, 3)	nan
(50, 30, 8)	(30, 34, 8)	(34, 17, 0)	nan
(50, 61, 5)	(61, 34, 8)	(34, 17, 3)	nan
(50, 61, 5)	(61, 34, 8)	(34, 17, 3)	nan
(50, 61, 5)	(61, 34, 8)	(34, 17, 0)	nan
(50, 61, 5)	(61, 43, 5)	(43, 17, 8)	nan
(50, 61, 5)	(61, 77, 7)	(77, 17, 3)	nan
(50, 34, 8)	(34, 17, 3)	nan
(50, 34, 8)	(34, 17, 3)	nan
(50, 34, 8)	(34, 17, 0)	nan
(50, 34, 8)	(34, 59, 7)	(59, 17, 3)	nan
(50, 34, 8)	(34, 59, 7)	(59, 17, 4)	nan
(50, 34, 8)	(34, 59, 3)	(59, 17, 3)	nan
(50, 34, 8)	(34, 59, 3)	(59, 17, 4)	nan
(50, 34, 8)	(34, 59, 3)	(59, 17, 3)	nan
(50, 34, 8)	(34, 59, 3)	(59, 17, 4)	nan
(50, 34, 8)	(34, 33, 8)	(33, 17, 3)	nan
(50, 31, 7)	(31, 29, 5)	(29, 17, 3)	nan
(50, 31, 7)	(31, 29, 5)	(29, 17, 3)	nan
(50, 31, 7)	(31, 29, 5)	(29, 17, 0)	nan
(50, 31, 7)	(31, 30, 8)	(30, 17, 3)	nan
(50, 31, 7)	(31, 55, 5)	(55, 17, 3)	nan
(50, 31, 7)	(31, 55, 5)	(55, 17, 1)	nan
(50, 57, 3)	(57, 17, 3)	nan
(50, 57, 3)	(57, 17, 3)	nan
(50, 57, 3)	(57, 17, 2)	nan
(50, 57, 3)	(57, 71, 3)	(71, 17, 3)	nan
