(50, 32, 8)	(32, 16, 3)	nan
(50, 32, 8)	(32, 16, 3)	nan
(50, 32, 8)	(32, 16, 6)	nan
(50, 32, 8)	(32, 29, 3)	(29, 16, 2)	nan
(50, 32, 8)	(32, 86, 7)	(86, 16, 3)	nan
(50, 32, 1)	(32, 16, 3)	nan
(50, 32, 1)	(32, 16, 3)	nan
(50, 32, 1)	(32, 16, 6)	nan
(50, 32, 1)	(32, 29, 3)	(29, 16, 2)	nan
(50, 32, 1)	(32, 86, 7)	(86, 16, 3)	nan
(50, 36, 5)	(36, 62, 5)	(62, 16, 3)	nan
(50, 36, 5)	(36, 66, 1)	(66, 16, 3)	nan
(50, 36, 5)	(36, 29, 7)	(29, 16, 2)	nan
(50, 36, 5)	(36, 29, 8)	(29, 16, 2)	nan
(50, 36, 5)	(36, 32, 5)	(32, 16, 3)	nan
(50, 36, 5)	(36, 32, 5)	(32, 16, 3)	nan
(50, 36, 5)	(36, 32, 5)	(32, 16, 6)	nan
(50, 30, 8)	(30, 75, 7)	(75, 16, 3)	nan
(50, 30, 8)	(30, 88, 5)	(88, 16, 3)	nan
(50, 30, 8)	(30, 88, 5)	(88, 16, 3)	nan
(50, 30, 8)	(30, 88, 5)	(88, 16, 2)	nan
(50, 30, 8)	(30, 34, 8)	(34, 16, 3)	nan
(50, 30, 8)	(30, 85, 0)	(85, 16, 3)	nan
(50, 30, 8)	(30, 85, 0)	(85, 16, 1)	nan
(50, 61, 5)	(61, 35, 8)	(35, 16, 5)	nan
(50, 61, 5)	(61, 35, 7)	(35, 16, 5)	nan
(50, 61, 5)	(61, 34, 8)	(34, 16, 3)	nan
(50, 61, 5)	(61, 45, 7)	(45, 16, 3)	nan
(50, 34, 8)	(34, 16, 3)	nan
(50, 34, 8)	(34, 91, 1)	(91, 16, 3)	nan
(50, 34, 8)	(34, 91, 1)	(91, 16, 1)	nan
(50, 34, 8)	(34, 59, 7)	(59, 16, 3)	nan
(50, 34, 8)	(34, 59, 7)	(59, 16, 3)	nan
(50, 34, 8)	(34, 59, 7)	(59, 16, 5)	nan
(50, 34, 8)	(34, 59, 7)	(59, 16, 0)	nan
(50, 34, 8)	(34, 59, 3)	(59, 16, 3)	nan
(50, 34, 8)	(34, 59, 3)	(59, 16, 3)	nan
(50, 34, 8)	(34, 59, 3)	(59, 16, 5)	nan
(50, 34, 8)	(34, 59, 3)	(59, 16, 0)	nan
(50, 34, 8)	(34, 59, 3)	(59, 16, 3)	nan
(50, 34, 8)	(34, 59, 3)	(59, 16, 3)	nan
(50, 34, 8)	(34, 59, 3)	(59, 16, 5)	nan
(50, 34, 8)	(34, 59, 3)	(59, 16, 0)	nan
(50, 34, 8)	(34, 35, 8)	(35, 16, 5)	nan
(50, 31, 7)	(31, 32, 0)	(32, 16, 3)	nan
(50, 31, 7)	(31, 32, 0)	(32, 16, 3)	nan
(50, 31, 7)	(31, 32, 0)	(32, 16, 6)	nan
(50, 31, 7)	(31, 35, 8)	(35, 16, 5)	nan
(50, 31, 7)	(31, 29, 5)	(29, 16, 2)	nan
(50, 16, 3)	nan
(50, 57, 3)	(57, 35, 8)	(35, 16, 5)	nan
