(50, 22, 5)	nan
(50, 22, 0)	nan
(50, 32, 8)	(32, 22, 5)	nan
(50, 32, 8)	(32, 22, 5)	nan
(50, 32, 8)	(32, 22, 6)	nan
(50, 32, 8)	(32, 29, 3)	(29, 22, 5)	nan
(50, 32, 8)	(32, 29, 3)	(29, 22, 5)	nan
(50, 32, 8)	(32, 29, 3)	(29, 22, 5)	nan
(50, 32, 8)	(32, 29, 3)	(29, 22, 5)	nan
(50, 32, 8)	(32, 86, 7)	(86, 22, 5)	nan
(50, 32, 8)	(32, 61, 1)	(61, 22, 5)	nan
(50, 32, 8)	(32, 61, 1)	(61, 22, 7)	nan
(50, 32, 8)	(32, 76, 7)	(76, 22, 5)	nan
(50, 32, 8)	(32, 41, 3)	(41, 22, 5)	nan
(50, 32, 8)	(32, 41, 3)	(41, 22, 5)	nan
(50, 32, 8)	(32, 41, 3)	(41, 22, 3)	nan
(50, 32, 8)	(32, 41, 3)	(41, 22, 4)	nan
(50, 32, 8)	(32, 40, 5)	(40, 22, 5)	nan
(50, 32, 8)	(32, 40, 5)	(40, 22, 5)	nan
(50, 32, 1)	(32, 22, 5)	nan
(50, 32, 1)	(32, 22, 5)	nan
(50, 32, 1)	(32, 22, 6)	nan
(50, 32, 1)	(32, 29, 3)	(29, 22, 5)	nan
(50, 32, 1)	(32, 29, 3)	(29, 22, 5)	nan
(50, 32, 1)	(32, 29, 3)	(29, 22, 5)	nan
(50, 32, 1)	(32, 29, 3)	(29, 22, 5)	nan
(50, 32, 1)	(32, 86, 7)	(86, 22, 5)	nan
(50, 32, 1)	(32, 61, 1)	(61, 22, 5)	nan
(50, 32, 1)	(32, 61, 1)	(61, 22, 7)	nan
(50, 32, 1)	(32, 76, 7)	(76, 22, 5)	nan
(50, 32, 1)	(32, 41, 3)	(41, 22, 5)	nan
(50, 32, 1)	(32, 41, 3)	(41, 22, 5)	nan
(50, 32, 1)	(32, 41, 3)	(41, 22, 3)	nan
(50, 32, 1)	(32, 41, 3)	(41, 22, 4)	nan
(50, 32, 1)	(32, 40, 5)	(40, 22, 5)	nan
(50, 32, 1)	(32, 40, 5)	(40, 22, 5)	nan
(50, 36, 5)	(36, 31, 8)	(31, 22, 5)	nan
(50, 36, 5)	(36, 31, 8)	(31, 22, 8)	nan
(50, 36, 5)	(36, 31, 0)	(31, 22, 5)	nan
(50, 36, 5)	(36, 31, 0)	(31, 22, 8)	nan
(50, 36, 5)	(36, 31, 0)	(31, 22, 5)	nan
(50, 36, 5)	(36, 31, 0)	(31, 22, 8)	nan
(50, 36, 5)	(36, 22, 5)	nan
(50, 36, 5)	(36, 22, 5)	nan
(50, 36, 5)	(36, 22, 0)	nan
(50, 36, 5)	(36, 22, 2)	nan
(50, 36, 5)	(36, 58, 7)	(58, 22, 5)	nan
(50, 36, 5)	(36, 76, 7)	(76, 22, 5)	nan
(50, 36, 5)	(36, 67, 5)	(67, 22, 5)	nan
(50, 36, 5)	(36, 55, 0)	(55, 22, 5)	nan
