(50, 25, 0)	nan
(50, 32, 8)	(32, 25, 7)	nan
(50, 32, 8)	(32, 25, 7)	nan
(50, 32, 8)	(32, 25, 6)	nan
(50, 32, 8)	(32, 25, 0)	nan
(50, 32, 8)	(32, 29, 3)	(29, 25, 7)	nan
(50, 32, 8)	(32, 29, 3)	(29, 25, 3)	nan
(50, 32, 8)	(32, 86, 7)	(86, 25, 7)	nan
(50, 32, 8)	(32, 86, 7)	(86, 25, 7)	nan
(50, 32, 8)	(32, 86, 7)	(86, 25, 1)	nan
(50, 32, 8)	(32, 61, 1)	(61, 25, 7)	nan
(50, 32, 8)	(32, 61, 1)	(61, 25, 7)	nan
(50, 32, 8)	(32, 61, 1)	(61, 25, 2)	nan
(50, 32, 8)	(32, 76, 7)	(76, 25, 7)	nan
(50, 32, 8)	(32, 76, 7)	(76, 25, 7)	nan
(50, 32, 8)	(32, 76, 7)	(76, 25, 7)	nan
(50, 32, 8)	(32, 76, 7)	(76, 25, 7)	nan
(50, 32, 8)	(32, 76, 7)	(76, 25, 7)	nan
(50, 32, 8)	(32, 76, 7)	(76, 25, 7)	nan
(50, 32, 8)	(32, 76, 7)	(76, 25, 7)	nan
(50, 32, 8)	(32, 41, 3)	(41, 25, 7)	nan
(50, 32, 8)	(32, 40, 5)	(40, 25, 7)	nan
(50, 32, 8)	(32, 40, 5)	(40, 25, 5)	nan
(50, 32, 1)	(32, 25, 7)	nan
(50, 32, 1)	(32, 25, 7)	nan
(50, 32, 1)	(32, 25, 6)	nan
(50, 32, 1)	(32, 25, 0)	nan
(50, 32, 1)	(32, 29, 3)	(29, 25, 7)	nan
(50, 32, 1)	(32, 29, 3)	(29, 25, 3)	nan
(50, 32, 1)	(32, 86, 7)	(86, 25, 7)	nan
(50, 32, 1)	(32, 86, 7)	(86, 25, 7)	nan
(50, 32, 1)	(32, 86, 7)	(86, 25, 1)	nan
(50, 32, 1)	(32, 61, 1)	(61, 25, 7)	nan
(50, 32, 1)	(32, 61, 1)	(61, 25, 7)	nan
(50, 32, 1)	(32, 61, 1)	(61, 25, 2)	nan
(50, 32, 1)	(32, 76, 7)	(76, 25, 7)	nan
(50, 32, 1)	(32, 76, 7)	(76, 25, 7)	nan
(50, 32, 1)	(32, 76, 7)	(76, 25, 7)	nan
(50, 32, 1)	(32, 76, 7)	(76, 25, 7)	nan
(50, 32, 1)	(32, 76, 7)	(76, 25, 7)	nan
(50, 32, 1)	(32, 76, 7)	(76, 25, 7)	nan
(50, 32, 1)	(32, 76, 7)	(76, 25, 7)	nan
(50, 32, 1)	(32, 41, 3)	(41, 25, 7)	nan
(50, 32, 1)	(32, 40, 5)	(40, 25, 7)	nan
(50, 32, 1)	(32, 40, 5)	(40, 25, 5)	nan
(50, 36, 5)	(36, 25, 7)	nan
(50, 36, 5)	(36, 31, 8)	(31, 25, 7)	nan
(50, 36, 5)	(36, 31, 8)	(31, 25, 7)	nan
(50, 36, 5)	(36, 31, 8)	(31, 25, 5)	nan
(50, 36, 5)	(36, 31, 0)	(31, 25, 7)	nan
