(50, 32, 8)	(32, 28, 7)	nan
(50, 32, 8)	(32, 28, 7)	nan
(50, 32, 8)	(32, 28, 4)	nan
(50, 32, 8)	(32, 28, 3)	nan
(50, 32, 8)	(32, 28, 5)	nan
(50, 32, 8)	(32, 29, 3)	(29, 28, 7)	nan
(50, 32, 8)	(32, 29, 3)	(29, 28, 3)	nan
(50, 32, 8)	(32, 61, 1)	(61, 28, 7)	nan
(50, 32, 8)	(32, 61, 1)	(61, 28, 7)	nan
(50, 32, 8)	(32, 61, 1)	(61, 28, 4)	nan
(50, 32, 8)	(32, 61, 1)	(61, 28, 3)	nan
(50, 32, 8)	(32, 76, 7)	(76, 28, 7)	nan
(50, 32, 8)	(32, 76, 7)	(76, 28, 0)	nan
(50, 32, 8)	(32, 51, 1)	(51, 28, 7)	nan
(50, 32, 8)	(32, 51, 1)	(51, 28, 2)	nan
(50, 32, 8)	(32, 40, 5)	(40, 28, 7)	nan
(50, 32, 8)	(32, 40, 5)	(40, 28, 3)	nan
(50, 32, 1)	(32, 28, 7)	nan
(50, 32, 1)	(32, 28, 7)	nan
(50, 32, 1)	(32, 28, 4)	nan
(50, 32, 1)	(32, 28, 3)	nan
(50, 32, 1)	(32, 28, 5)	nan
(50, 32, 1)	(32, 29, 3)	(29, 28, 7)	nan
(50, 32, 1)	(32, 29, 3)	(29, 28, 3)	nan
(50, 32, 1)	(32, 61, 1)	(61, 28, 7)	nan
(50, 32, 1)	(32, 61, 1)	(61, 28, 7)	nan
(50, 32, 1)	(32, 61, 1)	(61, 28, 4)	nan
(50, 32, 1)	(32, 61, 1)	(61, 28, 3)	nan
(50, 32, 1)	(32, 76, 7)	(76, 28, 7)	nan
(50, 32, 1)	(32, 76, 7)	(76, 28, 0)	nan
(50, 32, 1)	(32, 51, 1)	(51, 28, 7)	nan
(50, 32, 1)	(32, 51, 1)	(51, 28, 2)	nan
(50, 32, 1)	(32, 40, 5)	(40, 28, 7)	nan
(50, 32, 1)	(32, 40, 5)	(40, 28, 3)	nan
(50, 28, 7)	nan
(50, 28, 5)	nan
(50, 36, 5)	(36, 31, 8)	(31, 28, 7)	nan
(50, 36, 5)	(36, 31, 8)	(31, 28, 6)	nan
(50, 36, 5)	(36, 31, 0)	(31, 28, 7)	nan
(50, 36, 5)	(36, 31, 0)	(31, 28, 6)	nan
(50, 36, 5)	(36, 31, 0)	(31, 28, 7)	nan
(50, 36, 5)	(36, 31, 0)	(31, 28, 6)	nan
(50, 36, 5)	(36, 28, 7)	nan
(50, 36, 5)	(36, 28, 7)	nan
(50, 36, 5)	(36, 28, 5)	nan
(50, 36, 5)	(36, 28, 3)	nan
(50, 36, 5)	(36, 66, 1)	(66, 28, 7)	nan
(50, 36, 5)	(36, 66, 1)	(66, 28, 7)	nan
(50, 36, 5)	(36, 66, 1)	(66, 28, 5)	nan
(50, 36, 5)	(36, 66, 1)	(66, 28, 6)	nan
(50, 36, 5)	(36, 58, 7)	(58, 28, 7)	nan
