(50, 32, 1)	nan
(50, 36, 5)	(36, 31, 8)	(31, 32, 0)	nan
(50, 36, 5)	(36, 31, 0)	(31, 32, 0)	nan
(50, 36, 5)	(36, 31, 0)	(31, 32, 0)	nan
(50, 36, 5)	(36, 62, 5)	(62, 32, 8)	nan
(50, 36, 5)	(36, 76, 7)	(76, 32, 8)	nan
(50, 36, 5)	(36, 76, 7)	(76, 32, 8)	nan
(50, 36, 5)	(36, 76, 7)	(76, 32, 0)	nan
(50, 36, 5)	(36, 67, 5)	(67, 32, 8)	nan
(50, 36, 5)	(36, 32, 5)	nan
(50, 30, 8)	(30, 60, 7)	(60, 32, 8)	nan
(50, 30, 8)	(30, 60, 0)	(60, 32, 8)	nan
(50, 61, 5)	(61, 36, 3)	(36, 32, 5)	nan
(50, 61, 5)	(61, 36, 1)	(36, 32, 5)	nan
(50, 61, 5)	(61, 43, 5)	(43, 32, 8)	nan
(50, 34, 8)	(34, 67, 2)	(67, 32, 8)	nan
(50, 34, 8)	(34, 41, 7)	(41, 32, 7)	nan
(50, 31, 7)	(31, 32, 0)	nan
(50, 31, 7)	(31, 36, 7)	(36, 32, 5)	nan
(50, 57, 3)	(57, 32, 8)	nan
(50, 57, 3)	(57, 32, 1)	nan
(50, 57, 3)	(57, 41, 1)	(41, 32, 7)	nan
