(51, 15, 7)	nan
(51, 76, 5)	(76, 15, 3)	nan
(51, 76, 5)	(76, 15, 3)	nan
(51, 76, 5)	(76, 37, 8)	(37, 15, 3)	nan
(51, 76, 5)	(76, 40, 1)	(40, 15, 3)	nan
(51, 76, 5)	(76, 35, 8)	(35, 15, 3)	nan
(51, 76, 5)	(76, 35, 8)	(35, 15, 8)	nan
(51, 76, 5)	(76, 35, 8)	(35, 15, 3)	nan
(51, 76, 5)	(76, 35, 8)	(35, 15, 8)	nan
(51, 59, 5)	(59, 15, 3)	nan
(51, 59, 5)	(59, 15, 3)	nan
(51, 59, 5)	(59, 15, 7)	nan
(51, 59, 5)	(59, 15, 1)	nan
(51, 59, 5)	(59, 29, 3)	(29, 15, 3)	nan
(51, 59, 5)	(59, 29, 3)	(29, 15, 8)	nan
(51, 59, 5)	(59, 47, 5)	(47, 15, 0)	nan
(51, 59, 5)	(59, 47, 5)	(47, 15, 3)	nan
(51, 59, 5)	(59, 47, 2)	(47, 15, 0)	nan
(51, 59, 5)	(59, 47, 2)	(47, 15, 3)	nan
(51, 59, 5)	(59, 81, 3)	(81, 15, 3)	nan
(51, 81, 7)	(81, 29, 8)	(29, 15, 3)	nan
(51, 81, 7)	(81, 29, 8)	(29, 15, 8)	nan
(51, 81, 7)	(81, 29, 7)	(29, 15, 3)	nan
(51, 81, 7)	(81, 29, 7)	(29, 15, 8)	nan
(51, 81, 7)	(81, 29, 1)	(29, 15, 3)	nan
(51, 81, 7)	(81, 29, 1)	(29, 15, 8)	nan
(51, 81, 7)	(81, 15, 3)	nan
(51, 81, 7)	(81, 76, 0)	(76, 15, 3)	nan
(51, 81, 7)	(81, 76, 0)	(76, 15, 3)	nan
(51, 81, 7)	(81, 85, 0)	(85, 15, 3)	nan
(51, 81, 7)	(81, 85, 0)	(85, 15, 3)	nan
(51, 81, 7)	(81, 85, 0)	(85, 15, 7)	nan
(51, 81, 7)	(81, 85, 0)	(85, 15, 1)	nan
(51, 81, 7)	(81, 69, 0)	(69, 15, 3)	nan
(51, 81, 7)	(81, 69, 0)	(69, 15, 3)	nan
(51, 81, 7)	(81, 57, 7)	(57, 15, 3)	nan
(51, 81, 7)	(81, 57, 7)	(57, 15, 3)	nan
(51, 81, 7)	(81, 57, 7)	(57, 15, 2)	nan
(51, 65, 1)	(65, 35, 1)	(35, 15, 3)	nan
(51, 65, 1)	(65, 35, 1)	(35, 15, 8)	nan
(51, 65, 1)	(65, 41, 0)	(41, 15, 3)	nan
(51, 65, 1)	(65, 41, 0)	(41, 15, 0)	nan
(51, 65, 1)	(65, 41, 5)	(41, 15, 3)	nan
(51, 65, 1)	(65, 41, 5)	(41, 15, 0)	nan
(51, 65, 1)	(65, 68, 0)	(68, 15, 3)	nan
(51, 65, 1)	(65, 30, 8)	(30, 15, 3)	nan
(51, 65, 1)	(65, 53, 0)	(53, 15, 3)	nan
(51, 65, 1)	(65, 53, 0)	(53, 15, 4)	nan
(51, 65, 1)	(65, 60, 1)	(60, 15, 3)	nan
(51, 65, 1)	(65, 60, 1)	(60, 15, 3)	nan
