(51, 76, 5)	(76, 32, 8)	(32, 19, 4)	nan
(51, 76, 5)	(76, 32, 8)	(32, 19, 3)	nan
(51, 76, 5)	(76, 32, 8)	(32, 19, 4)	nan
(51, 76, 5)	(76, 32, 8)	(32, 19, 3)	nan
(51, 76, 5)	(76, 32, 0)	(32, 19, 4)	nan
(51, 76, 5)	(76, 32, 0)	(32, 19, 3)	nan
(51, 76, 5)	(76, 19, 4)	nan
(51, 76, 5)	(76, 19, 4)	nan
(51, 76, 5)	(76, 19, 6)	nan
(51, 76, 5)	(76, 19, 6)	nan
(51, 76, 5)	(76, 37, 8)	(37, 19, 4)	nan
(51, 76, 5)	(76, 37, 8)	(37, 19, 4)	nan
(51, 76, 5)	(76, 37, 8)	(37, 19, 4)	nan
(51, 76, 5)	(76, 35, 8)	(35, 19, 4)	nan
(51, 76, 5)	(76, 35, 8)	(35, 19, 7)	nan
(51, 76, 5)	(76, 35, 8)	(35, 19, 4)	nan
(51, 76, 5)	(76, 35, 8)	(35, 19, 7)	nan
(51, 59, 5)	(59, 29, 3)	(29, 19, 4)	nan
(51, 59, 5)	(59, 29, 3)	(29, 19, 8)	nan
(51, 59, 5)	(59, 77, 3)	(77, 19, 4)	nan
(51, 59, 5)	(59, 47, 5)	(47, 19, 4)	nan
(51, 59, 5)	(59, 47, 5)	(47, 19, 0)	nan
(51, 59, 5)	(59, 47, 2)	(47, 19, 4)	nan
(51, 59, 5)	(59, 47, 2)	(47, 19, 0)	nan
(51, 59, 5)	(59, 81, 3)	(81, 19, 4)	nan
(51, 59, 5)	(59, 81, 3)	(81, 19, 4)	nan
(51, 59, 5)	(59, 46, 7)	(46, 19, 4)	nan
(51, 59, 5)	(59, 46, 7)	(46, 19, 1)	nan
(51, 59, 5)	(59, 46, 7)	(46, 19, 4)	nan
(51, 59, 5)	(59, 46, 7)	(46, 19, 1)	nan
(51, 59, 5)	(59, 46, 1)	(46, 19, 4)	nan
(51, 59, 5)	(59, 46, 1)	(46, 19, 1)	nan
(51, 81, 7)	(81, 29, 8)	(29, 19, 4)	nan
(51, 81, 7)	(81, 29, 8)	(29, 19, 8)	nan
(51, 81, 7)	(81, 29, 7)	(29, 19, 4)	nan
(51, 81, 7)	(81, 29, 7)	(29, 19, 8)	nan
(51, 81, 7)	(81, 29, 1)	(29, 19, 4)	nan
(51, 81, 7)	(81, 29, 1)	(29, 19, 8)	nan
(51, 81, 7)	(81, 76, 0)	(76, 19, 4)	nan
(51, 81, 7)	(81, 76, 0)	(76, 19, 4)	nan
(51, 81, 7)	(81, 76, 0)	(76, 19, 6)	nan
(51, 81, 7)	(81, 76, 0)	(76, 19, 6)	nan
(51, 81, 7)	(81, 32, 8)	(32, 19, 4)	nan
(51, 81, 7)	(81, 32, 8)	(32, 19, 3)	nan
(51, 81, 7)	(81, 19, 4)	nan
(51, 81, 7)	(81, 19, 4)	nan
