(51, 20, 0)	nan
(51, 76, 5)	(76, 37, 8)	(37, 20, 5)	nan
(51, 76, 5)	(76, 37, 8)	(37, 20, 5)	nan
(51, 76, 5)	(76, 35, 8)	(35, 20, 5)	nan
(51, 76, 5)	(76, 35, 8)	(35, 20, 7)	nan
(51, 76, 5)	(76, 35, 8)	(35, 20, 5)	nan
(51, 76, 5)	(76, 35, 8)	(35, 20, 7)	nan
(51, 76, 5)	(76, 20, 5)	nan
(51, 59, 5)	(59, 29, 3)	(29, 20, 5)	nan
(51, 59, 5)	(59, 29, 3)	(29, 20, 5)	nan
(51, 59, 5)	(59, 29, 3)	(29, 20, 4)	nan
(51, 59, 5)	(59, 77, 3)	(77, 20, 5)	nan
(51, 59, 5)	(59, 47, 5)	(47, 20, 5)	nan
(51, 59, 5)	(59, 47, 5)	(47, 20, 0)	nan
(51, 59, 5)	(59, 47, 2)	(47, 20, 5)	nan
(51, 59, 5)	(59, 47, 2)	(47, 20, 0)	nan
(51, 59, 5)	(59, 20, 5)	nan
(51, 59, 5)	(59, 20, 5)	nan
(51, 59, 5)	(59, 20, 5)	nan
(51, 59, 5)	(59, 20, 5)	nan
(51, 59, 5)	(59, 81, 3)	(81, 20, 5)	nan
(51, 59, 5)	(59, 81, 3)	(81, 20, 5)	nan
(51, 59, 5)	(59, 66, 7)	(66, 20, 5)	nan
(51, 81, 7)	(81, 20, 5)	nan
(51, 81, 7)	(81, 20, 5)	nan
(51, 81, 7)	(81, 29, 8)	(29, 20, 5)	nan
(51, 81, 7)	(81, 29, 8)	(29, 20, 5)	nan
(51, 81, 7)	(81, 29, 8)	(29, 20, 4)	nan
(51, 81, 7)	(81, 29, 7)	(29, 20, 5)	nan
(51, 81, 7)	(81, 29, 7)	(29, 20, 5)	nan
(51, 81, 7)	(81, 29, 7)	(29, 20, 4)	nan
(51, 81, 7)	(81, 29, 1)	(29, 20, 5)	nan
(51, 81, 7)	(81, 29, 1)	(29, 20, 5)	nan
(51, 81, 7)	(81, 29, 1)	(29, 20, 4)	nan
(51, 81, 7)	(81, 76, 0)	(76, 20, 5)	nan
(51, 81, 7)	(81, 85, 0)	(85, 20, 5)	nan
(51, 81, 7)	(81, 69, 0)	(69, 20, 5)	nan
(51, 81, 7)	(81, 69, 0)	(69, 20, 5)	nan
(51, 81, 7)	(81, 69, 0)	(69, 20, 5)	nan
(51, 65, 1)	(65, 79, 5)	(79, 20, 5)	nan
(51, 65, 1)	(65, 79, 5)	(79, 20, 6)	nan
(51, 65, 1)	(65, 35, 1)	(35, 20, 5)	nan
(51, 65, 1)	(65, 35, 1)	(35, 20, 7)	nan
(51, 65, 1)	(65, 71, 1)	(71, 20, 5)	nan
(51, 65, 1)	(65, 71, 1)	(71, 20, 8)	nan
(51, 65, 1)	(65, 83, 0)	(83, 20, 5)	nan
(51, 65, 1)	(65, 83, 0)	(83, 20, 2)	nan
(51, 65, 1)	(65, 41, 0)	(41, 20, 5)	nan
(51, 65, 1)	(65, 41, 0)	(41, 20, 5)	nan
(51, 65, 1)	(65, 41, 0)	(41, 20, 3)	nan
