(51, 28, 2)	nan
(51, 76, 5)	(76, 32, 8)	(32, 28, 7)	nan
(51, 76, 5)	(76, 32, 8)	(32, 28, 7)	nan
(51, 76, 5)	(76, 32, 8)	(32, 28, 4)	nan
(51, 76, 5)	(76, 32, 8)	(32, 28, 3)	nan
(51, 76, 5)	(76, 32, 8)	(32, 28, 5)	nan
(51, 76, 5)	(76, 32, 8)	(32, 28, 7)	nan
(51, 76, 5)	(76, 32, 8)	(32, 28, 7)	nan
(51, 76, 5)	(76, 32, 8)	(32, 28, 4)	nan
(51, 76, 5)	(76, 32, 8)	(32, 28, 3)	nan
(51, 76, 5)	(76, 32, 8)	(32, 28, 5)	nan
(51, 76, 5)	(76, 32, 0)	(32, 28, 7)	nan
(51, 76, 5)	(76, 32, 0)	(32, 28, 7)	nan
(51, 76, 5)	(76, 32, 0)	(32, 28, 4)	nan
(51, 76, 5)	(76, 32, 0)	(32, 28, 3)	nan
(51, 76, 5)	(76, 32, 0)	(32, 28, 5)	nan
(51, 76, 5)	(76, 28, 7)	nan
(51, 76, 5)	(76, 28, 0)	nan
(51, 76, 5)	(76, 37, 8)	(37, 28, 7)	nan
(51, 76, 5)	(76, 37, 8)	(37, 28, 1)	nan
(51, 76, 5)	(76, 40, 1)	(40, 28, 7)	nan
(51, 76, 5)	(76, 40, 1)	(40, 28, 3)	nan
(51, 76, 5)	(76, 35, 8)	(35, 28, 7)	nan
(51, 76, 5)	(76, 35, 8)	(35, 28, 1)	nan
(51, 76, 5)	(76, 35, 8)	(35, 28, 7)	nan
(51, 76, 5)	(76, 35, 8)	(35, 28, 1)	nan
(51, 59, 5)	(59, 28, 7)	nan
(51, 59, 5)	(59, 28, 5)	nan
(51, 59, 5)	(59, 29, 3)	(29, 28, 7)	nan
(51, 59, 5)	(59, 29, 3)	(29, 28, 3)	nan
(51, 59, 5)	(59, 77, 3)	(77, 28, 7)	nan
(51, 59, 5)	(59, 77, 3)	(77, 28, 2)	nan
(51, 59, 5)	(59, 47, 5)	(47, 28, 7)	nan
(51, 59, 5)	(59, 47, 5)	(47, 28, 7)	nan
(51, 59, 5)	(59, 47, 5)	(47, 28, 6)	nan
(51, 59, 5)	(59, 47, 5)	(47, 28, 4)	nan
(51, 59, 5)	(59, 47, 2)	(47, 28, 7)	nan
(51, 59, 5)	(59, 47, 2)	(47, 28, 7)	nan
(51, 59, 5)	(59, 47, 2)	(47, 28, 6)	nan
(51, 59, 5)	(59, 47, 2)	(47, 28, 4)	nan
(51, 59, 5)	(59, 81, 3)	(81, 28, 7)	nan
(51, 59, 5)	(59, 81, 3)	(81, 28, 1)	nan
(51, 59, 5)	(59, 66, 7)	(66, 28, 7)	nan
(51, 59, 5)	(59, 66, 7)	(66, 28, 7)	nan
(51, 59, 5)	(59, 66, 7)	(66, 28, 5)	nan
(51, 59, 5)	(59, 66, 7)	(66, 28, 6)	nan
(51, 81, 7)	(81, 28, 7)	nan
(51, 81, 7)	(81, 28, 1)	nan
(51, 81, 7)	(81, 29, 8)	(29, 28, 7)	nan
(51, 81, 7)	(81, 29, 8)	(29, 28, 3)	nan
