(52, 25, 0)	nan
(52, 33, 1)	(33, 54, 2)	(54, 25, 4)	nan
(52, 33, 1)	(33, 50, 3)	(50, 25, 7)	nan
(52, 33, 1)	(33, 50, 3)	(50, 25, 0)	nan
(52, 33, 1)	(33, 74, 0)	(74, 25, 7)	nan
(52, 33, 1)	(33, 74, 0)	(74, 25, 0)	nan
(52, 33, 1)	(33, 25, 5)	nan
(52, 33, 1)	(33, 41, 1)	(41, 25, 7)	nan
(52, 33, 1)	(33, 84, 0)	(84, 25, 7)	nan
(52, 33, 1)	(33, 29, 2)	(29, 25, 7)	nan
(52, 33, 1)	(33, 29, 2)	(29, 25, 3)	nan
(52, 29, 8)	(29, 25, 7)	nan
(52, 29, 8)	(29, 25, 3)	nan
(52, 29, 8)	(29, 50, 5)	(50, 25, 7)	nan
(52, 29, 8)	(29, 50, 5)	(50, 25, 0)	nan
(52, 29, 8)	(29, 76, 3)	(76, 25, 7)	nan
(52, 29, 8)	(29, 76, 3)	(76, 25, 7)	nan
(52, 29, 8)	(29, 76, 3)	(76, 25, 7)	nan
(52, 29, 8)	(29, 76, 3)	(76, 25, 7)	nan
(52, 29, 8)	(29, 76, 3)	(76, 25, 7)	nan
(52, 29, 8)	(29, 76, 3)	(76, 25, 7)	nan
(52, 29, 8)	(29, 76, 3)	(76, 25, 7)	nan
(52, 29, 8)	(29, 86, 1)	(86, 25, 7)	nan
(52, 29, 8)	(29, 86, 1)	(86, 25, 7)	nan
(52, 29, 8)	(29, 86, 1)	(86, 25, 1)	nan
(52, 29, 8)	(29, 61, 7)	(61, 25, 7)	nan
(52, 29, 8)	(29, 61, 7)	(61, 25, 7)	nan
(52, 29, 8)	(29, 61, 7)	(61, 25, 2)	nan
(52, 45, 3)	(45, 25, 7)	nan
(52, 45, 3)	(45, 25, 7)	nan
(52, 45, 3)	(45, 25, 4)	nan
(52, 45, 3)	(45, 25, 5)	nan
(52, 45, 3)	(45, 59, 1)	(59, 25, 7)	nan
(52, 45, 3)	(45, 59, 1)	(59, 25, 7)	nan
(52, 45, 3)	(45, 59, 1)	(59, 25, 6)	nan
(52, 45, 3)	(45, 33, 8)	(33, 25, 5)	nan
(52, 45, 3)	(45, 76, 7)	(76, 25, 7)	nan
(52, 45, 3)	(45, 76, 7)	(76, 25, 7)	nan
(52, 45, 3)	(45, 76, 7)	(76, 25, 7)	nan
(52, 45, 3)	(45, 76, 7)	(76, 25, 7)	nan
(52, 45, 3)	(45, 76, 7)	(76, 25, 7)	nan
(52, 45, 3)	(45, 76, 7)	(76, 25, 7)	nan
(52, 45, 3)	(45, 76, 7)	(76, 25, 7)	nan
(52, 45, 3)	(45, 61, 1)	(61, 25, 7)	nan
(52, 45, 3)	(45, 61, 1)	(61, 25, 7)	nan
(52, 45, 3)	(45, 61, 1)	(61, 25, 2)	nan
(52, 45, 3)	(45, 83, 1)	(83, 25, 7)	nan
(52, 45, 3)	(45, 83, 1)	(83, 25, 1)	nan
(52, 45, 3)	(45, 69, 5)	(69, 25, 7)	nan
(52, 45, 3)	(45, 69, 5)	(69, 25, 3)	nan
