(52, 22, 0)	nan
(52, 22, 2)	nan
(52, 33, 1)	(33, 54, 2)	(54, 22, 7)	nan
(52, 33, 1)	(33, 50, 3)	(50, 22, 5)	nan
(52, 33, 1)	(33, 50, 3)	(50, 22, 5)	nan
(52, 33, 1)	(33, 50, 3)	(50, 22, 0)	nan
(52, 33, 1)	(33, 74, 0)	(74, 22, 5)	nan
(52, 33, 1)	(33, 74, 0)	(74, 22, 1)	nan
(52, 33, 1)	(33, 87, 3)	(87, 22, 5)	nan
(52, 33, 1)	(33, 87, 3)	(87, 22, 6)	nan
(52, 33, 1)	(33, 41, 1)	(41, 22, 5)	nan
(52, 33, 1)	(33, 41, 1)	(41, 22, 5)	nan
(52, 33, 1)	(33, 41, 1)	(41, 22, 3)	nan
(52, 33, 1)	(33, 41, 1)	(41, 22, 4)	nan
(52, 33, 1)	(33, 84, 0)	(84, 22, 5)	nan
(52, 33, 1)	(33, 29, 2)	(29, 22, 5)	nan
(52, 33, 1)	(33, 29, 2)	(29, 22, 5)	nan
(52, 33, 1)	(33, 29, 2)	(29, 22, 5)	nan
(52, 33, 1)	(33, 29, 2)	(29, 22, 5)	nan
(52, 29, 8)	(29, 50, 5)	(50, 22, 5)	nan
(52, 29, 8)	(29, 50, 5)	(50, 22, 5)	nan
(52, 29, 8)	(29, 50, 5)	(50, 22, 0)	nan
(52, 29, 8)	(29, 22, 5)	nan
(52, 29, 8)	(29, 22, 5)	nan
(52, 29, 8)	(29, 22, 5)	nan
(52, 29, 8)	(29, 22, 5)	nan
(52, 29, 8)	(29, 35, 1)	(35, 22, 5)	nan
(52, 29, 8)	(29, 35, 1)	(35, 22, 5)	nan
(52, 29, 8)	(29, 35, 1)	(35, 22, 3)	nan
(52, 29, 8)	(29, 76, 3)	(76, 22, 5)	nan
(52, 29, 8)	(29, 86, 1)	(86, 22, 5)	nan
(52, 29, 8)	(29, 61, 7)	(61, 22, 5)	nan
(52, 29, 8)	(29, 61, 7)	(61, 22, 7)	nan
(52, 45, 3)	(45, 22, 5)	nan
(52, 45, 3)	(45, 22, 5)	nan
(52, 45, 3)	(45, 22, 7)	nan
(52, 45, 3)	(45, 76, 7)	(76, 22, 5)	nan
(52, 45, 3)	(45, 61, 1)	(61, 22, 5)	nan
(52, 45, 3)	(45, 61, 1)	(61, 22, 7)	nan
(52, 45, 3)	(45, 83, 1)	(83, 22, 5)	nan
(52, 45, 3)	(45, 83, 1)	(83, 22, 0)	nan
(52, 45, 3)	(45, 69, 5)	(69, 22, 5)	nan
(52, 45, 3)	(45, 37, 0)	(37, 22, 5)	nan
(52, 45, 3)	(45, 46, 0)	(46, 22, 5)	nan
(52, 79, 7)	(79, 74, 1)	(74, 22, 5)	nan
(52, 79, 7)	(79, 74, 1)	(74, 22, 1)	nan
(52, 79, 7)	(79, 70, 4)	(70, 22, 5)	nan
(52, 79, 7)	(79, 68, 1)	(68, 22, 5)	nan
(52, 79, 7)	(79, 68, 1)	(68, 22, 5)	nan
