(52, 20, 7)	nan
(52, 20, 1)	nan
(52, 33, 1)	(33, 54, 2)	(54, 20, 5)	nan
(52, 33, 1)	(33, 54, 2)	(54, 20, 5)	nan
(52, 33, 1)	(33, 74, 0)	(74, 20, 5)	nan
(52, 33, 1)	(33, 74, 0)	(74, 20, 2)	nan
(52, 33, 1)	(33, 87, 3)	(87, 20, 5)	nan
(52, 33, 1)	(33, 87, 3)	(87, 20, 5)	nan
(52, 33, 1)	(33, 87, 3)	(87, 20, 8)	nan
(52, 33, 1)	(33, 41, 1)	(41, 20, 5)	nan
(52, 33, 1)	(33, 41, 1)	(41, 20, 5)	nan
(52, 33, 1)	(33, 41, 1)	(41, 20, 3)	nan
(52, 33, 1)	(33, 41, 1)	(41, 20, 0)	nan
(52, 33, 1)	(33, 84, 0)	(84, 20, 5)	nan
(52, 33, 1)	(33, 84, 0)	(84, 20, 5)	nan
(52, 33, 1)	(33, 29, 2)	(29, 20, 5)	nan
(52, 33, 1)	(33, 29, 2)	(29, 20, 5)	nan
(52, 33, 1)	(33, 29, 2)	(29, 20, 4)	nan
(52, 29, 8)	(29, 20, 5)	nan
(52, 29, 8)	(29, 20, 5)	nan
(52, 29, 8)	(29, 20, 4)	nan
(52, 29, 8)	(29, 35, 1)	(35, 20, 5)	nan
(52, 29, 8)	(29, 35, 1)	(35, 20, 7)	nan
(52, 29, 8)	(29, 76, 3)	(76, 20, 5)	nan
(52, 29, 8)	(29, 86, 1)	(86, 20, 5)	nan
(52, 29, 8)	(29, 86, 1)	(86, 20, 5)	nan
(52, 45, 3)	(45, 59, 1)	(59, 20, 5)	nan
(52, 45, 3)	(45, 59, 1)	(59, 20, 5)	nan
(52, 45, 3)	(45, 59, 1)	(59, 20, 5)	nan
(52, 45, 3)	(45, 59, 1)	(59, 20, 5)	nan
(52, 45, 3)	(45, 76, 7)	(76, 20, 5)	nan
(52, 45, 3)	(45, 83, 1)	(83, 20, 5)	nan
(52, 45, 3)	(45, 83, 1)	(83, 20, 2)	nan
(52, 45, 3)	(45, 69, 5)	(69, 20, 5)	nan
(52, 45, 3)	(45, 69, 5)	(69, 20, 5)	nan
(52, 45, 3)	(45, 69, 5)	(69, 20, 5)	nan
(52, 45, 3)	(45, 37, 0)	(37, 20, 5)	nan
(52, 45, 3)	(45, 37, 0)	(37, 20, 5)	nan
(52, 45, 3)	(45, 53, 0)	(53, 20, 5)	nan
(52, 45, 3)	(45, 62, 1)	(62, 20, 5)	nan
(52, 45, 3)	(45, 62, 1)	(62, 20, 1)	nan
(52, 79, 7)	(79, 20, 5)	nan
(52, 79, 7)	(79, 20, 6)	nan
(52, 79, 7)	(79, 74, 1)	(74, 20, 5)	nan
(52, 79, 7)	(79, 74, 1)	(74, 20, 2)	nan
(52, 79, 7)	(79, 66, 1)	(66, 20, 5)	nan
(52, 79, 7)	(79, 44, 0)	(44, 20, 5)	nan
(52, 79, 7)	(79, 44, 0)	(44, 20, 0)	nan
