(52, 21, 8)	nan
(52, 21, 4)	nan
(52, 33, 1)	(33, 21, 5)	nan
(52, 33, 1)	(33, 50, 3)	(50, 21, 5)	nan
(52, 33, 1)	(33, 50, 3)	(50, 21, 6)	nan
(52, 33, 1)	(33, 74, 0)	(74, 21, 5)	nan
(52, 33, 1)	(33, 74, 0)	(74, 21, 0)	nan
(52, 33, 1)	(33, 87, 3)	(87, 21, 5)	nan
(52, 33, 1)	(33, 41, 1)	(41, 21, 5)	nan
(52, 33, 1)	(33, 41, 1)	(41, 21, 5)	nan
(52, 33, 1)	(33, 41, 1)	(41, 21, 1)	nan
(52, 33, 1)	(33, 41, 1)	(41, 21, 8)	nan
(52, 33, 1)	(33, 84, 0)	(84, 21, 5)	nan
(52, 33, 1)	(33, 84, 0)	(84, 21, 5)	nan
(52, 33, 1)	(33, 84, 0)	(84, 21, 2)	nan
(52, 33, 1)	(33, 29, 2)	(29, 21, 5)	nan
(52, 33, 1)	(33, 29, 2)	(29, 21, 5)	nan
(52, 33, 1)	(33, 29, 2)	(29, 21, 0)	nan
(52, 33, 1)	(33, 29, 2)	(29, 21, 2)	nan
(52, 29, 8)	(29, 21, 5)	nan
(52, 29, 8)	(29, 21, 5)	nan
(52, 29, 8)	(29, 21, 0)	nan
(52, 29, 8)	(29, 21, 2)	nan
(52, 29, 8)	(29, 50, 5)	(50, 21, 5)	nan
(52, 29, 8)	(29, 50, 5)	(50, 21, 6)	nan
(52, 29, 8)	(29, 35, 1)	(35, 21, 5)	nan
(52, 29, 8)	(29, 35, 1)	(35, 21, 3)	nan
(52, 29, 8)	(29, 76, 3)	(76, 21, 5)	nan
(52, 29, 8)	(29, 76, 3)	(76, 21, 5)	nan
(52, 29, 8)	(29, 76, 3)	(76, 21, 5)	nan
(52, 29, 8)	(29, 76, 3)	(76, 21, 5)	nan
(52, 29, 8)	(29, 86, 1)	(86, 21, 5)	nan
(52, 29, 8)	(29, 86, 1)	(86, 21, 5)	nan
(52, 29, 8)	(29, 86, 1)	(86, 21, 3)	nan
(52, 29, 8)	(29, 61, 7)	(61, 21, 5)	nan
(52, 45, 3)	(45, 59, 1)	(59, 21, 5)	nan
(52, 45, 3)	(45, 33, 8)	(33, 21, 5)	nan
(52, 45, 3)	(45, 76, 7)	(76, 21, 5)	nan
(52, 45, 3)	(45, 76, 7)	(76, 21, 5)	nan
(52, 45, 3)	(45, 76, 7)	(76, 21, 5)	nan
(52, 45, 3)	(45, 76, 7)	(76, 21, 5)	nan
(52, 45, 3)	(45, 61, 1)	(61, 21, 5)	nan
(52, 45, 3)	(45, 83, 1)	(83, 21, 5)	nan
(52, 45, 3)	(45, 83, 1)	(83, 21, 5)	nan
(52, 45, 3)	(45, 69, 5)	(69, 21, 5)	nan
(52, 45, 3)	(45, 69, 5)	(69, 21, 2)	nan
(52, 45, 3)	(45, 53, 0)	(53, 21, 5)	nan
(52, 45, 3)	(45, 53, 0)	(53, 21, 3)	nan
(52, 45, 3)	(45, 62, 1)	(62, 21, 5)	nan
