(52, 33, 1)	(33, 26, 7)	nan
(52, 33, 1)	(33, 26, 7)	nan
(52, 33, 1)	(33, 26, 0)	nan
(52, 33, 1)	(33, 26, 4)	nan
(52, 33, 1)	(33, 54, 2)	(54, 26, 7)	nan
(52, 33, 1)	(33, 54, 2)	(54, 26, 7)	nan
(52, 33, 1)	(33, 54, 2)	(54, 26, 3)	nan
(52, 33, 1)	(33, 54, 2)	(54, 26, 4)	nan
(52, 33, 1)	(33, 74, 0)	(74, 26, 7)	nan
(52, 33, 1)	(33, 74, 0)	(74, 26, 0)	nan
(52, 33, 1)	(33, 87, 3)	(87, 26, 7)	nan
(52, 33, 1)	(33, 87, 3)	(87, 26, 0)	nan
(52, 33, 1)	(33, 41, 1)	(41, 26, 7)	nan
(52, 33, 1)	(33, 29, 2)	(29, 26, 7)	nan
(52, 33, 1)	(33, 29, 2)	(29, 26, 2)	nan
(52, 29, 8)	(29, 26, 7)	nan
(52, 29, 8)	(29, 26, 2)	nan
(52, 29, 8)	(29, 88, 0)	(88, 26, 7)	nan
(52, 29, 8)	(29, 88, 0)	(88, 26, 7)	nan
(52, 29, 8)	(29, 88, 0)	(88, 26, 8)	nan
(52, 29, 8)	(29, 88, 0)	(88, 26, 2)	nan
(52, 29, 8)	(29, 35, 1)	(35, 26, 7)	nan
(52, 29, 8)	(29, 76, 3)	(76, 26, 7)	nan
(52, 29, 8)	(29, 76, 3)	(76, 26, 7)	nan
(52, 29, 8)	(29, 76, 3)	(76, 26, 7)	nan
(52, 29, 8)	(29, 76, 3)	(76, 26, 7)	nan
(52, 29, 8)	(29, 76, 3)	(76, 26, 7)	nan
(52, 29, 8)	(29, 86, 1)	(86, 26, 7)	nan
(52, 29, 8)	(29, 61, 7)	(61, 26, 7)	nan
(52, 29, 8)	(29, 61, 7)	(61, 26, 8)	nan
(52, 45, 3)	(45, 26, 7)	nan
(52, 45, 3)	(45, 26, 7)	nan
(52, 45, 3)	(45, 26, 6)	nan
(52, 45, 3)	(45, 26, 4)	nan
(52, 45, 3)	(45, 59, 1)	(59, 26, 7)	nan
(52, 45, 3)	(45, 59, 1)	(59, 26, 7)	nan
(52, 45, 3)	(45, 59, 1)	(59, 26, 6)	nan
(52, 45, 3)	(45, 59, 1)	(59, 26, 0)	nan
(52, 45, 3)	(45, 33, 8)	(33, 26, 7)	nan
(52, 45, 3)	(45, 33, 8)	(33, 26, 7)	nan
(52, 45, 3)	(45, 33, 8)	(33, 26, 0)	nan
(52, 45, 3)	(45, 33, 8)	(33, 26, 4)	nan
(52, 45, 3)	(45, 76, 7)	(76, 26, 7)	nan
(52, 45, 3)	(45, 76, 7)	(76, 26, 7)	nan
(52, 45, 3)	(45, 76, 7)	(76, 26, 7)	nan
(52, 45, 3)	(45, 76, 7)	(76, 26, 7)	nan
(52, 45, 3)	(45, 76, 7)	(76, 26, 7)	nan
(52, 45, 3)	(45, 61, 1)	(61, 26, 7)	nan
(52, 45, 3)	(45, 61, 1)	(61, 26, 8)	nan
(52, 45, 3)	(45, 83, 1)	(83, 26, 7)	nan
(52, 45, 3)	(45, 83, 1)	(83, 26, 7)	nan
