(52, 7, 0)	nan
(52, 33, 1)	(33, 54, 2)	(54, 7, 1)	nan
(52, 33, 1)	(33, 54, 2)	(54, 7, 0)	nan
(52, 33, 1)	(33, 74, 0)	(74, 7, 1)	nan
(52, 33, 1)	(33, 87, 3)	(87, 7, 1)	nan
(52, 33, 1)	(33, 87, 3)	(87, 7, 1)	nan
(52, 33, 1)	(33, 87, 3)	(87, 7, 1)	nan
(52, 33, 1)	(33, 41, 1)	(41, 7, 1)	nan
(52, 33, 1)	(33, 41, 1)	(41, 7, 3)	nan
(52, 33, 1)	(33, 84, 0)	(84, 7, 1)	nan
(52, 33, 1)	(33, 84, 0)	(84, 7, 1)	nan
(52, 33, 1)	(33, 84, 0)	(84, 7, 1)	nan
(52, 33, 1)	(33, 84, 0)	(84, 7, 1)	nan
(52, 29, 8)	(29, 35, 1)	(35, 7, 1)	nan
(52, 29, 8)	(29, 35, 1)	(35, 7, 0)	nan
(52, 29, 8)	(29, 76, 3)	(76, 7, 1)	nan
(52, 29, 8)	(29, 76, 3)	(76, 7, 0)	nan
(52, 29, 8)	(29, 86, 1)	(86, 7, 8)	nan
(52, 45, 3)	(45, 7, 1)	nan
(52, 45, 3)	(45, 7, 1)	nan
(52, 45, 3)	(45, 7, 3)	nan
(52, 45, 3)	(45, 7, 4)	nan
(52, 45, 3)	(45, 59, 1)	(59, 7, 1)	nan
(52, 45, 3)	(45, 59, 1)	(59, 7, 6)	nan
(52, 45, 3)	(45, 59, 1)	(59, 7, 7)	nan
(52, 45, 3)	(45, 76, 7)	(76, 7, 1)	nan
(52, 45, 3)	(45, 76, 7)	(76, 7, 0)	nan
(52, 45, 3)	(45, 83, 1)	(83, 7, 1)	nan
(52, 45, 3)	(45, 83, 1)	(83, 7, 3)	nan
(52, 45, 3)	(45, 69, 5)	(69, 7, 1)	nan
(52, 45, 3)	(45, 69, 5)	(69, 7, 7)	nan
(52, 45, 3)	(45, 37, 0)	(37, 7, 1)	nan
(52, 45, 3)	(45, 37, 0)	(37, 7, 1)	nan
(52, 45, 3)	(45, 53, 0)	(53, 7, 1)	nan
(52, 45, 3)	(45, 53, 0)	(53, 7, 7)	nan
(52, 45, 3)	(45, 62, 1)	(62, 7, 1)	nan
(52, 45, 3)	(45, 62, 1)	(62, 7, 1)	nan
(52, 45, 3)	(45, 62, 1)	(62, 7, 8)	nan
(52, 45, 3)	(45, 46, 0)	(46, 7, 1)	nan
(52, 45, 3)	(45, 46, 0)	(46, 7, 1)	nan
(52, 45, 3)	(45, 46, 0)	(46, 7, 3)	nan
(52, 45, 3)	(45, 46, 0)	(46, 7, 4)	nan
(52, 79, 7)	(79, 7, 1)	nan
(52, 79, 7)	(79, 7, 1)	nan
(52, 79, 7)	(79, 74, 1)	(74, 7, 1)	nan
(52, 79, 7)	(79, 66, 1)	(66, 7, 1)	nan
(52, 79, 7)	(79, 66, 1)	(66, 7, 1)	nan
(52, 79, 7)	(79, 66, 1)	(66, 7, 1)	nan
(52, 79, 7)	(79, 66, 1)	(66, 7, 1)	nan
(52, 79, 7)	(79, 68, 1)	(68, 7, 5)	nan
