(52, 8, 5)	nan
(52, 8, 3)	nan
(52, 33, 1)	(33, 8, 1)	nan
(52, 33, 1)	(33, 8, 1)	nan
(52, 33, 1)	(33, 8, 3)	nan
(52, 33, 1)	(33, 8, 6)	nan
(52, 33, 1)	(33, 8, 7)	nan
(52, 33, 1)	(33, 54, 2)	(54, 8, 1)	nan
(52, 33, 1)	(33, 54, 2)	(54, 8, 1)	nan
(52, 33, 1)	(33, 54, 2)	(54, 8, 4)	nan
(52, 33, 1)	(33, 54, 2)	(54, 8, 0)	nan
(52, 33, 1)	(33, 87, 3)	(87, 8, 1)	nan
(52, 33, 1)	(33, 87, 3)	(87, 8, 1)	nan
(52, 33, 1)	(33, 87, 3)	(87, 8, 1)	nan
(52, 33, 1)	(33, 87, 3)	(87, 8, 1)	nan
(52, 33, 1)	(33, 87, 3)	(87, 8, 1)	nan
(52, 33, 1)	(33, 41, 1)	(41, 8, 1)	nan
(52, 33, 1)	(33, 41, 1)	(41, 8, 5)	nan
(52, 33, 1)	(33, 84, 0)	(84, 8, 1)	nan
(52, 33, 1)	(33, 84, 0)	(84, 8, 1)	nan
(52, 33, 1)	(33, 84, 0)	(84, 8, 1)	nan
(52, 33, 1)	(33, 84, 0)	(84, 8, 1)	nan
(52, 33, 1)	(33, 84, 0)	(84, 8, 1)	nan
(52, 33, 1)	(33, 84, 0)	(84, 8, 1)	nan
(52, 33, 1)	(33, 84, 0)	(84, 8, 1)	nan
(52, 33, 1)	(33, 29, 2)	(29, 8, 1)	nan
(52, 29, 8)	(29, 8, 1)	nan
(52, 29, 8)	(29, 88, 0)	(88, 8, 1)	nan
(52, 29, 8)	(29, 88, 0)	(88, 8, 1)	nan
(52, 29, 8)	(29, 35, 1)	(35, 8, 1)	nan
(52, 29, 8)	(29, 35, 1)	(35, 8, 4)	nan
(52, 29, 8)	(29, 76, 3)	(76, 8, 1)	nan
(52, 29, 8)	(29, 76, 3)	(76, 8, 1)	nan
(52, 29, 8)	(29, 61, 7)	(61, 8, 1)	nan
(52, 29, 8)	(29, 61, 7)	(61, 8, 1)	nan
(52, 29, 8)	(29, 61, 7)	(61, 8, 3)	nan
(52, 29, 8)	(29, 61, 7)	(61, 8, 0)	nan
(52, 45, 3)	(45, 8, 1)	nan
(52, 45, 3)	(45, 8, 1)	nan
(52, 45, 3)	(45, 8, 3)	nan
(52, 45, 3)	(45, 8, 3)	nan
(52, 45, 3)	(45, 33, 8)	(33, 8, 1)	nan
(52, 45, 3)	(45, 33, 8)	(33, 8, 1)	nan
(52, 45, 3)	(45, 33, 8)	(33, 8, 3)	nan
(52, 45, 3)	(45, 33, 8)	(33, 8, 6)	nan
(52, 45, 3)	(45, 33, 8)	(33, 8, 7)	nan
(52, 45, 3)	(45, 76, 7)	(76, 8, 1)	nan
(52, 45, 3)	(45, 76, 7)	(76, 8, 1)	nan
(52, 45, 3)	(45, 61, 1)	(61, 8, 1)	nan
(52, 45, 3)	(45, 61, 1)	(61, 8, 1)	nan
