(53, 17, 3)	nan
(53, 17, 7)	nan
(53, 34, 3)	(34, 17, 3)	nan
(53, 34, 3)	(34, 17, 3)	nan
(53, 34, 3)	(34, 17, 0)	nan
(53, 34, 3)	(34, 59, 7)	(59, 17, 3)	nan
(53, 34, 3)	(34, 59, 7)	(59, 17, 4)	nan
(53, 34, 3)	(34, 59, 3)	(59, 17, 3)	nan
(53, 34, 3)	(34, 59, 3)	(59, 17, 4)	nan
(53, 34, 3)	(34, 59, 3)	(59, 17, 3)	nan
(53, 34, 3)	(34, 59, 3)	(59, 17, 4)	nan
(53, 34, 3)	(34, 33, 8)	(33, 17, 3)	nan
(53, 86, 2)	(86, 33, 8)	(33, 17, 3)	nan
(53, 86, 2)	(86, 33, 8)	(33, 17, 3)	nan
(53, 86, 2)	(86, 33, 3)	(33, 17, 3)	nan
(53, 86, 2)	(86, 66, 2)	(66, 17, 3)	nan
(53, 86, 2)	(86, 66, 2)	(66, 17, 3)	nan
(53, 86, 2)	(86, 77, 7)	(77, 17, 3)	nan
(53, 85, 3)	(85, 33, 8)	(33, 17, 3)	nan
(53, 85, 3)	(85, 33, 4)	(33, 17, 3)	nan
(53, 74, 3)	(74, 33, 8)	(33, 17, 3)	nan
(53, 74, 3)	(74, 33, 7)	(33, 17, 3)	nan
(53, 74, 3)	(74, 51, 7)	(51, 17, 3)	nan
(53, 74, 3)	(74, 29, 8)	(29, 17, 3)	nan
(53, 74, 3)	(74, 29, 8)	(29, 17, 3)	nan
(53, 74, 3)	(74, 29, 8)	(29, 17, 0)	nan
(53, 57, 2)	(57, 17, 3)	nan
(53, 57, 2)	(57, 17, 3)	nan
(53, 57, 2)	(57, 17, 2)	nan
(53, 57, 2)	(57, 71, 3)	(71, 17, 3)	nan
(53, 57, 2)	(57, 71, 3)	(71, 17, 7)	nan
(53, 57, 2)	(57, 56, 7)	(56, 17, 3)	nan
(53, 57, 2)	(57, 56, 7)	(56, 17, 1)	nan
(53, 57, 2)	(57, 58, 4)	(58, 17, 3)	nan
(53, 57, 2)	(57, 58, 4)	(58, 17, 3)	nan
(53, 57, 2)	(57, 58, 4)	(58, 17, 2)	nan
(53, 57, 2)	(57, 58, 4)	(58, 17, 6)	nan
(53, 90, 7)	(90, 71, 0)	(71, 17, 3)	nan
(53, 90, 7)	(90, 71, 0)	(71, 17, 7)	nan
(53, 90, 7)	(90, 55, 0)	(55, 17, 3)	nan
(53, 90, 7)	(90, 55, 0)	(55, 17, 1)	nan
(53, 90, 7)	(90, 63, 7)	(63, 17, 3)	nan
(53, 90, 7)	(90, 30, 7)	(30, 17, 3)	nan
(53, 56, 5)	(56, 17, 3)	nan
(53, 56, 5)	(56, 17, 1)	nan
(53, 56, 5)	(56, 29, 8)	(29, 17, 3)	nan
(53, 56, 5)	(56, 29, 8)	(29, 17, 3)	nan
(53, 56, 5)	(56, 29, 8)	(29, 17, 0)	nan
(53, 56, 5)	(56, 33, 8)	(33, 17, 3)	nan
(53, 56, 5)	(56, 30, 8)	(30, 17, 3)	nan
