(53, 15, 4)	nan
(53, 34, 3)	(34, 15, 3)	nan
(53, 34, 3)	(34, 15, 1)	nan
(53, 34, 3)	(34, 91, 1)	(91, 15, 3)	nan
(53, 34, 3)	(34, 91, 1)	(91, 15, 7)	nan
(53, 34, 3)	(34, 59, 7)	(59, 15, 3)	nan
(53, 34, 3)	(34, 59, 7)	(59, 15, 3)	nan
(53, 34, 3)	(34, 59, 7)	(59, 15, 7)	nan
(53, 34, 3)	(34, 59, 7)	(59, 15, 1)	nan
(53, 34, 3)	(34, 59, 3)	(59, 15, 3)	nan
(53, 34, 3)	(34, 59, 3)	(59, 15, 3)	nan
(53, 34, 3)	(34, 59, 3)	(59, 15, 7)	nan
(53, 34, 3)	(34, 59, 3)	(59, 15, 1)	nan
(53, 34, 3)	(34, 59, 3)	(59, 15, 3)	nan
(53, 34, 3)	(34, 59, 3)	(59, 15, 3)	nan
(53, 34, 3)	(34, 59, 3)	(59, 15, 7)	nan
(53, 34, 3)	(34, 59, 3)	(59, 15, 1)	nan
(53, 34, 3)	(34, 92, 1)	(92, 15, 3)	nan
(53, 34, 3)	(34, 92, 1)	(92, 15, 6)	nan
(53, 34, 3)	(34, 92, 5)	(92, 15, 3)	nan
(53, 34, 3)	(34, 92, 5)	(92, 15, 6)	nan
(53, 34, 3)	(34, 41, 7)	(41, 15, 3)	nan
(53, 34, 3)	(34, 41, 7)	(41, 15, 0)	nan
(53, 34, 3)	(34, 35, 8)	(35, 15, 3)	nan
(53, 34, 3)	(34, 35, 8)	(35, 15, 8)	nan
(53, 86, 2)	(86, 15, 3)	nan
(53, 86, 2)	(86, 61, 5)	(61, 15, 3)	nan
(53, 86, 2)	(86, 61, 5)	(61, 15, 3)	nan
(53, 86, 2)	(86, 61, 5)	(61, 15, 7)	nan
(53, 85, 3)	(85, 15, 3)	nan
(53, 85, 3)	(85, 15, 3)	nan
(53, 85, 3)	(85, 15, 7)	nan
(53, 85, 3)	(85, 15, 1)	nan
(53, 85, 3)	(85, 35, 1)	(35, 15, 3)	nan
(53, 85, 3)	(85, 35, 1)	(35, 15, 8)	nan
(53, 85, 3)	(85, 37, 3)	(37, 15, 3)	nan
(53, 74, 3)	(74, 76, 5)	(76, 15, 3)	nan
(53, 74, 3)	(74, 76, 5)	(76, 15, 3)	nan
(53, 74, 3)	(74, 35, 7)	(35, 15, 3)	nan
(53, 74, 3)	(74, 35, 7)	(35, 15, 8)	nan
(53, 74, 3)	(74, 51, 7)	(51, 15, 3)	nan
(53, 74, 3)	(74, 51, 7)	(51, 15, 7)	nan
(53, 74, 3)	(74, 29, 8)	(29, 15, 3)	nan
(53, 74, 3)	(74, 29, 8)	(29, 15, 8)	nan
(53, 57, 2)	(57, 35, 8)	(35, 15, 3)	nan
(53, 57, 2)	(57, 35, 8)	(35, 15, 8)	nan
(53, 57, 2)	(57, 35, 8)	(35, 15, 3)	nan
(53, 57, 2)	(57, 35, 8)	(35, 15, 8)	nan
(53, 57, 2)	(57, 35, 0)	(35, 15, 3)	nan
(53, 57, 2)	(57, 35, 0)	(35, 15, 8)	nan
