(53, 11, 8)	nan
(53, 11, 6)	nan
(53, 34, 3)	(34, 11, 2)	nan
(53, 34, 3)	(34, 11, 8)	nan
(53, 34, 3)	(34, 67, 2)	(67, 11, 2)	nan
(53, 34, 3)	(34, 67, 2)	(67, 11, 7)	nan
(53, 34, 3)	(34, 59, 7)	(59, 11, 2)	nan
(53, 34, 3)	(34, 59, 7)	(59, 11, 6)	nan
(53, 34, 3)	(34, 59, 3)	(59, 11, 2)	nan
(53, 34, 3)	(34, 59, 3)	(59, 11, 6)	nan
(53, 34, 3)	(34, 59, 3)	(59, 11, 2)	nan
(53, 34, 3)	(34, 59, 3)	(59, 11, 6)	nan
(53, 34, 3)	(34, 70, 3)	(70, 11, 2)	nan
(53, 34, 3)	(34, 70, 3)	(70, 11, 1)	nan
(53, 34, 3)	(34, 92, 1)	(92, 11, 2)	nan
(53, 34, 3)	(34, 92, 1)	(92, 11, 7)	nan
(53, 34, 3)	(34, 92, 5)	(92, 11, 2)	nan
(53, 34, 3)	(34, 92, 5)	(92, 11, 7)	nan
(53, 34, 3)	(34, 41, 7)	(41, 11, 2)	nan
(53, 34, 3)	(34, 41, 7)	(41, 11, 2)	nan
(53, 34, 3)	(34, 41, 7)	(41, 11, 5)	nan
(53, 34, 3)	(34, 41, 7)	(41, 11, 5)	nan
(53, 34, 3)	(34, 33, 8)	(33, 11, 2)	nan
(53, 34, 3)	(34, 35, 8)	(35, 11, 2)	nan
(53, 34, 3)	(34, 35, 8)	(35, 11, 8)	nan
(53, 86, 2)	(86, 11, 2)	nan
(53, 86, 2)	(86, 11, 2)	nan
(53, 86, 2)	(86, 11, 5)	nan
(53, 86, 2)	(86, 11, 5)	nan
(53, 86, 2)	(86, 33, 8)	(33, 11, 2)	nan
(53, 86, 2)	(86, 33, 8)	(33, 11, 2)	nan
(53, 86, 2)	(86, 33, 3)	(33, 11, 2)	nan
(53, 86, 2)	(86, 66, 2)	(66, 11, 2)	nan
(53, 86, 2)	(86, 66, 2)	(66, 11, 2)	nan
(53, 86, 2)	(86, 66, 2)	(66, 11, 2)	nan
(53, 86, 2)	(86, 66, 2)	(66, 11, 2)	nan
(53, 86, 2)	(86, 77, 7)	(77, 11, 2)	nan
(53, 86, 2)	(86, 77, 7)	(77, 11, 2)	nan
(53, 86, 2)	(86, 77, 7)	(77, 11, 2)	nan
(53, 86, 2)	(86, 73, 3)	(73, 11, 2)	nan
(53, 86, 2)	(86, 73, 3)	(73, 11, 2)	nan
(53, 86, 2)	(86, 73, 3)	(73, 11, 2)	nan
(53, 86, 2)	(86, 73, 3)	(73, 11, 2)	nan
(53, 86, 2)	(86, 73, 3)	(73, 11, 2)	nan
(53, 86, 2)	(86, 73, 3)	(73, 11, 2)	nan
(53, 86, 2)	(86, 73, 3)	(73, 11, 2)	nan
(53, 86, 2)	(86, 73, 3)	(73, 11, 2)	nan
(53, 86, 2)	(86, 73, 3)	(73, 11, 2)	nan
(53, 86, 2)	(86, 65, 8)	(65, 11, 2)	nan
