(53, 16, 3)	nan
(53, 34, 3)	(34, 16, 3)	nan
(53, 34, 3)	(34, 91, 1)	(91, 16, 3)	nan
(53, 34, 3)	(34, 91, 1)	(91, 16, 1)	nan
(53, 34, 3)	(34, 59, 7)	(59, 16, 3)	nan
(53, 34, 3)	(34, 59, 7)	(59, 16, 3)	nan
(53, 34, 3)	(34, 59, 7)	(59, 16, 5)	nan
(53, 34, 3)	(34, 59, 7)	(59, 16, 0)	nan
(53, 34, 3)	(34, 59, 3)	(59, 16, 3)	nan
(53, 34, 3)	(34, 59, 3)	(59, 16, 3)	nan
(53, 34, 3)	(34, 59, 3)	(59, 16, 5)	nan
(53, 34, 3)	(34, 59, 3)	(59, 16, 0)	nan
(53, 34, 3)	(34, 59, 3)	(59, 16, 3)	nan
(53, 34, 3)	(34, 59, 3)	(59, 16, 3)	nan
(53, 34, 3)	(34, 59, 3)	(59, 16, 5)	nan
(53, 34, 3)	(34, 59, 3)	(59, 16, 0)	nan
(53, 34, 3)	(34, 35, 8)	(35, 16, 5)	nan
(53, 86, 2)	(86, 66, 2)	(66, 16, 3)	nan
(53, 86, 2)	(86, 16, 3)	nan
(53, 86, 2)	(86, 65, 8)	(65, 16, 3)	nan
(53, 86, 2)	(86, 65, 8)	(65, 16, 6)	nan
(53, 85, 3)	(85, 16, 3)	nan
(53, 85, 3)	(85, 16, 1)	nan
(53, 85, 3)	(85, 83, 3)	(83, 16, 3)	nan
(53, 85, 3)	(85, 83, 3)	(83, 16, 7)	nan
(53, 85, 3)	(85, 35, 1)	(35, 16, 5)	nan
(53, 74, 3)	(74, 35, 7)	(35, 16, 5)	nan
(53, 74, 3)	(74, 29, 8)	(29, 16, 2)	nan
(53, 57, 2)	(57, 35, 8)	(35, 16, 5)	nan
(53, 57, 2)	(57, 35, 8)	(35, 16, 5)	nan
(53, 57, 2)	(57, 35, 0)	(35, 16, 5)	nan
(53, 57, 2)	(57, 16, 3)	nan
(53, 57, 2)	(57, 50, 7)	(50, 16, 3)	nan
(53, 57, 2)	(57, 56, 7)	(56, 16, 7)	nan
(53, 57, 2)	(57, 32, 8)	(32, 16, 3)	nan
(53, 57, 2)	(57, 32, 8)	(32, 16, 3)	nan
(53, 57, 2)	(57, 32, 8)	(32, 16, 6)	nan
(53, 57, 2)	(57, 32, 1)	(32, 16, 3)	nan
(53, 57, 2)	(57, 32, 1)	(32, 16, 3)	nan
(53, 57, 2)	(57, 32, 1)	(32, 16, 6)	nan
(53, 90, 7)	(90, 85, 0)	(85, 16, 3)	nan
(53, 90, 7)	(90, 85, 0)	(85, 16, 1)	nan
(53, 56, 5)	(56, 35, 8)	(35, 16, 5)	nan
(53, 56, 5)	(56, 35, 8)	(35, 16, 5)	nan
(53, 56, 5)	(56, 35, 4)	(35, 16, 5)	nan
(53, 56, 5)	(56, 29, 8)	(29, 16, 2)	nan
(53, 56, 5)	(56, 16, 7)	nan
(53, 56, 5)	(56, 59, 4)	(59, 16, 3)	nan
(53, 56, 5)	(56, 59, 4)	(59, 16, 3)	nan
(53, 56, 5)	(56, 59, 4)	(59, 16, 5)	nan
(53, 56, 5)	(56, 59, 4)	(59, 16, 0)	nan
