(53, 28, 5)	nan
(53, 34, 3)	(34, 91, 1)	(91, 28, 7)	nan
(53, 34, 3)	(34, 91, 1)	(91, 28, 1)	nan
(53, 34, 3)	(34, 67, 2)	(67, 28, 7)	nan
(53, 34, 3)	(34, 67, 2)	(67, 28, 5)	nan
(53, 34, 3)	(34, 59, 7)	(59, 28, 7)	nan
(53, 34, 3)	(34, 59, 7)	(59, 28, 5)	nan
(53, 34, 3)	(34, 59, 3)	(59, 28, 7)	nan
(53, 34, 3)	(34, 59, 3)	(59, 28, 5)	nan
(53, 34, 3)	(34, 59, 3)	(59, 28, 7)	nan
(53, 34, 3)	(34, 59, 3)	(59, 28, 5)	nan
(53, 34, 3)	(34, 70, 3)	(70, 28, 7)	nan
(53, 34, 3)	(34, 70, 3)	(70, 28, 4)	nan
(53, 34, 3)	(34, 92, 1)	(92, 28, 7)	nan
(53, 34, 3)	(34, 92, 1)	(92, 28, 5)	nan
(53, 34, 3)	(34, 92, 5)	(92, 28, 7)	nan
(53, 34, 3)	(34, 92, 5)	(92, 28, 5)	nan
(53, 34, 3)	(34, 35, 8)	(35, 28, 7)	nan
(53, 34, 3)	(34, 35, 8)	(35, 28, 1)	nan
(53, 86, 2)	(86, 66, 2)	(66, 28, 7)	nan
(53, 86, 2)	(86, 66, 2)	(66, 28, 7)	nan
(53, 86, 2)	(86, 66, 2)	(66, 28, 5)	nan
(53, 86, 2)	(86, 66, 2)	(66, 28, 6)	nan
(53, 86, 2)	(86, 77, 7)	(77, 28, 7)	nan
(53, 86, 2)	(86, 77, 7)	(77, 28, 2)	nan
(53, 86, 2)	(86, 73, 3)	(73, 28, 7)	nan
(53, 86, 2)	(86, 73, 3)	(73, 28, 7)	nan
(53, 86, 2)	(86, 73, 3)	(73, 28, 1)	nan
(53, 86, 2)	(86, 73, 3)	(73, 28, 8)	nan
(53, 86, 2)	(86, 65, 8)	(65, 28, 7)	nan
(53, 86, 2)	(86, 65, 8)	(65, 28, 4)	nan
(53, 86, 2)	(86, 74, 7)	(74, 28, 7)	nan
(53, 86, 2)	(86, 74, 7)	(74, 28, 7)	nan
(53, 86, 2)	(86, 74, 7)	(74, 28, 8)	nan
(53, 86, 2)	(86, 74, 7)	(74, 28, 3)	nan
(53, 86, 2)	(86, 61, 5)	(61, 28, 7)	nan
(53, 86, 2)	(86, 61, 5)	(61, 28, 7)	nan
(53, 86, 2)	(86, 61, 5)	(61, 28, 4)	nan
(53, 86, 2)	(86, 61, 5)	(61, 28, 3)	nan
(53, 85, 3)	(85, 28, 7)	nan
(53, 85, 3)	(85, 28, 2)	nan
(53, 85, 3)	(85, 35, 1)	(35, 28, 7)	nan
(53, 85, 3)	(85, 35, 1)	(35, 28, 1)	nan
(53, 85, 3)	(85, 37, 3)	(37, 28, 7)	nan
(53, 85, 3)	(85, 37, 3)	(37, 28, 1)	nan
(53, 74, 3)	(74, 28, 7)	nan
(53, 74, 3)	(74, 28, 7)	nan
(53, 74, 3)	(74, 28, 8)	nan
(53, 74, 3)	(74, 28, 3)	nan
(53, 74, 3)	(74, 76, 5)	(76, 28, 7)	nan
