(53, 34, 3)	(34, 20, 5)	nan
(53, 34, 3)	(34, 20, 7)	nan
(53, 34, 3)	(34, 91, 1)	(91, 20, 5)	nan
(53, 34, 3)	(34, 91, 1)	(91, 20, 4)	nan
(53, 34, 3)	(34, 67, 2)	(67, 20, 5)	nan
(53, 34, 3)	(34, 67, 2)	(67, 20, 5)	nan
(53, 34, 3)	(34, 67, 2)	(67, 20, 5)	nan
(53, 34, 3)	(34, 67, 2)	(67, 20, 5)	nan
(53, 34, 3)	(34, 67, 2)	(67, 20, 5)	nan
(53, 34, 3)	(34, 59, 7)	(59, 20, 5)	nan
(53, 34, 3)	(34, 59, 7)	(59, 20, 5)	nan
(53, 34, 3)	(34, 59, 7)	(59, 20, 5)	nan
(53, 34, 3)	(34, 59, 7)	(59, 20, 5)	nan
(53, 34, 3)	(34, 59, 3)	(59, 20, 5)	nan
(53, 34, 3)	(34, 59, 3)	(59, 20, 5)	nan
(53, 34, 3)	(34, 59, 3)	(59, 20, 5)	nan
(53, 34, 3)	(34, 59, 3)	(59, 20, 5)	nan
(53, 34, 3)	(34, 59, 3)	(59, 20, 5)	nan
(53, 34, 3)	(34, 59, 3)	(59, 20, 5)	nan
(53, 34, 3)	(34, 59, 3)	(59, 20, 5)	nan
(53, 34, 3)	(34, 59, 3)	(59, 20, 5)	nan
(53, 34, 3)	(34, 41, 7)	(41, 20, 5)	nan
(53, 34, 3)	(34, 41, 7)	(41, 20, 5)	nan
(53, 34, 3)	(34, 41, 7)	(41, 20, 3)	nan
(53, 34, 3)	(34, 41, 7)	(41, 20, 0)	nan
(53, 34, 3)	(34, 35, 8)	(35, 20, 5)	nan
(53, 34, 3)	(34, 35, 8)	(35, 20, 7)	nan
(53, 86, 2)	(86, 66, 2)	(66, 20, 5)	nan
(53, 86, 2)	(86, 77, 7)	(77, 20, 5)	nan
(53, 86, 2)	(86, 20, 5)	nan
(53, 86, 2)	(86, 20, 5)	nan
(53, 86, 2)	(86, 73, 3)	(73, 20, 5)	nan
(53, 86, 2)	(86, 73, 3)	(73, 20, 5)	nan
(53, 86, 2)	(86, 74, 7)	(74, 20, 5)	nan
(53, 86, 2)	(86, 74, 7)	(74, 20, 2)	nan
(53, 85, 3)	(85, 20, 5)	nan
(53, 85, 3)	(85, 83, 3)	(83, 20, 5)	nan
(53, 85, 3)	(85, 83, 3)	(83, 20, 2)	nan
(53, 85, 3)	(85, 35, 1)	(35, 20, 5)	nan
(53, 85, 3)	(85, 35, 1)	(35, 20, 7)	nan
(53, 85, 3)	(85, 37, 3)	(37, 20, 5)	nan
(53, 85, 3)	(85, 37, 3)	(37, 20, 5)	nan
(53, 74, 3)	(74, 20, 5)	nan
(53, 74, 3)	(74, 20, 2)	nan
(53, 74, 3)	(74, 76, 5)	(76, 20, 5)	nan
(53, 74, 3)	(74, 90, 1)	(90, 20, 5)	nan
(53, 74, 3)	(74, 90, 1)	(90, 20, 3)	nan
(53, 74, 3)	(74, 35, 7)	(35, 20, 5)	nan
(53, 74, 3)	(74, 35, 7)	(35, 20, 7)	nan
(53, 74, 3)	(74, 51, 7)	(51, 20, 5)	nan
(53, 74, 3)	(74, 51, 7)	(51, 20, 0)	nan
