(53, 21, 5)	nan
(53, 21, 3)	nan
(53, 34, 3)	(34, 21, 5)	nan
(53, 34, 3)	(34, 91, 1)	(91, 21, 5)	nan
(53, 34, 3)	(34, 91, 1)	(91, 21, 7)	nan
(53, 34, 3)	(34, 91, 1)	(91, 21, 1)	nan
(53, 34, 3)	(34, 67, 2)	(67, 21, 5)	nan
(53, 34, 3)	(34, 67, 2)	(67, 21, 6)	nan
(53, 34, 3)	(34, 59, 7)	(59, 21, 5)	nan
(53, 34, 3)	(34, 59, 3)	(59, 21, 5)	nan
(53, 34, 3)	(34, 59, 3)	(59, 21, 5)	nan
(53, 34, 3)	(34, 92, 1)	(92, 21, 5)	nan
(53, 34, 3)	(34, 92, 1)	(92, 21, 2)	nan
(53, 34, 3)	(34, 92, 5)	(92, 21, 5)	nan
(53, 34, 3)	(34, 92, 5)	(92, 21, 2)	nan
(53, 34, 3)	(34, 41, 7)	(41, 21, 5)	nan
(53, 34, 3)	(34, 41, 7)	(41, 21, 5)	nan
(53, 34, 3)	(34, 41, 7)	(41, 21, 1)	nan
(53, 34, 3)	(34, 41, 7)	(41, 21, 8)	nan
(53, 34, 3)	(34, 33, 8)	(33, 21, 5)	nan
(53, 34, 3)	(34, 35, 8)	(35, 21, 5)	nan
(53, 34, 3)	(34, 35, 8)	(35, 21, 3)	nan
(53, 86, 2)	(86, 21, 5)	nan
(53, 86, 2)	(86, 21, 5)	nan
(53, 86, 2)	(86, 21, 3)	nan
(53, 86, 2)	(86, 33, 8)	(33, 21, 5)	nan
(53, 86, 2)	(86, 33, 8)	(33, 21, 5)	nan
(53, 86, 2)	(86, 33, 3)	(33, 21, 5)	nan
(53, 86, 2)	(86, 77, 7)	(77, 21, 5)	nan
(53, 86, 2)	(86, 77, 7)	(77, 21, 5)	nan
(53, 86, 2)	(86, 77, 7)	(77, 21, 5)	nan
(53, 86, 2)	(86, 77, 7)	(77, 21, 5)	nan
(53, 86, 2)	(86, 77, 7)	(77, 21, 5)	nan
(53, 86, 2)	(86, 73, 3)	(73, 21, 5)	nan
(53, 86, 2)	(86, 73, 3)	(73, 21, 5)	nan
(53, 86, 2)	(86, 73, 3)	(73, 21, 5)	nan
(53, 86, 2)	(86, 73, 3)	(73, 21, 5)	nan
(53, 86, 2)	(86, 73, 3)	(73, 21, 5)	nan
(53, 86, 2)	(86, 73, 3)	(73, 21, 5)	nan
(53, 86, 2)	(86, 73, 3)	(73, 21, 5)	nan
(53, 86, 2)	(86, 65, 8)	(65, 21, 5)	nan
(53, 86, 2)	(86, 65, 8)	(65, 21, 5)	nan
(53, 86, 2)	(86, 65, 8)	(65, 21, 4)	nan
(53, 86, 2)	(86, 74, 7)	(74, 21, 5)	nan
(53, 86, 2)	(86, 74, 7)	(74, 21, 0)	nan
(53, 86, 2)	(86, 61, 5)	(61, 21, 5)	nan
(53, 85, 3)	(85, 33, 8)	(33, 21, 5)	nan
(53, 85, 3)	(85, 33, 4)	(33, 21, 5)	nan
(53, 85, 3)	(85, 21, 5)	nan
(53, 85, 3)	(85, 21, 5)	nan
(53, 85, 3)	(85, 21, 5)	nan
