(53, 34, 3)	(34, 2, 0)	nan
(53, 34, 3)	(34, 2, 0)	nan
(53, 34, 3)	(34, 2, 0)	nan
(53, 34, 3)	(34, 67, 2)	(67, 2, 0)	nan
(53, 34, 3)	(34, 59, 7)	(59, 2, 7)	nan
(53, 34, 3)	(34, 59, 3)	(59, 2, 7)	nan
(53, 34, 3)	(34, 59, 3)	(59, 2, 7)	nan
(53, 34, 3)	(34, 70, 3)	(70, 2, 0)	nan
(53, 34, 3)	(34, 41, 7)	(41, 2, 0)	nan
(53, 34, 3)	(34, 33, 8)	(33, 2, 0)	nan
(53, 34, 3)	(34, 33, 8)	(33, 2, 3)	nan
(53, 86, 2)	(86, 33, 8)	(33, 2, 0)	nan
(53, 86, 2)	(86, 33, 8)	(33, 2, 3)	nan
(53, 86, 2)	(86, 33, 8)	(33, 2, 0)	nan
(53, 86, 2)	(86, 33, 8)	(33, 2, 3)	nan
(53, 86, 2)	(86, 33, 3)	(33, 2, 0)	nan
(53, 86, 2)	(86, 33, 3)	(33, 2, 3)	nan
(53, 86, 2)	(86, 77, 7)	(77, 2, 0)	nan
(53, 86, 2)	(86, 73, 3)	(73, 2, 0)	nan
(53, 86, 2)	(86, 2, 0)	nan
(53, 86, 2)	(86, 65, 8)	(65, 2, 0)	nan
(53, 86, 2)	(86, 65, 8)	(65, 2, 0)	nan
(53, 86, 2)	(86, 65, 8)	(65, 2, 1)	nan
(53, 86, 2)	(86, 74, 7)	(74, 2, 0)	nan
(53, 86, 2)	(86, 74, 7)	(74, 2, 0)	nan
(53, 85, 3)	(85, 33, 8)	(33, 2, 0)	nan
(53, 85, 3)	(85, 33, 8)	(33, 2, 3)	nan
(53, 85, 3)	(85, 33, 4)	(33, 2, 0)	nan
(53, 85, 3)	(85, 33, 4)	(33, 2, 3)	nan
(53, 85, 3)	(85, 37, 3)	(37, 2, 0)	nan
(53, 74, 3)	(74, 33, 8)	(33, 2, 0)	nan
(53, 74, 3)	(74, 33, 8)	(33, 2, 3)	nan
(53, 74, 3)	(74, 33, 7)	(33, 2, 0)	nan
(53, 74, 3)	(74, 33, 7)	(33, 2, 3)	nan
(53, 74, 3)	(74, 2, 0)	nan
(53, 74, 3)	(74, 2, 0)	nan
(53, 74, 3)	(74, 76, 5)	(76, 2, 0)	nan
(53, 74, 3)	(74, 76, 5)	(76, 2, 0)	nan
(53, 74, 3)	(74, 90, 1)	(90, 2, 0)	nan
(53, 74, 3)	(74, 90, 1)	(90, 2, 4)	nan
(53, 74, 3)	(74, 51, 7)	(51, 2, 7)	nan
(53, 74, 3)	(74, 51, 7)	(51, 2, 0)	nan
(53, 74, 3)	(74, 29, 8)	(29, 2, 0)	nan
(53, 74, 3)	(74, 29, 8)	(29, 2, 0)	nan
(53, 74, 3)	(74, 29, 8)	(29, 2, 8)	nan
(53, 74, 3)	(74, 29, 8)	(29, 2, 7)	nan
(53, 57, 2)	(57, 50, 7)	(50, 2, 0)	nan
(53, 57, 2)	(57, 2, 0)	nan
(53, 57, 2)	(57, 56, 7)	(56, 2, 0)	nan
(53, 57, 2)	(57, 80, 3)	(80, 2, 0)	nan
(53, 57, 2)	(57, 32, 8)	(32, 2, 7)	nan
