(53, 6, 3)	nan
(53, 34, 3)	(34, 6, 1)	nan
(53, 34, 3)	(34, 6, 6)	nan
(53, 34, 3)	(34, 91, 1)	(91, 6, 1)	nan
(53, 34, 3)	(34, 91, 1)	(91, 6, 1)	nan
(53, 34, 3)	(34, 91, 1)	(91, 6, 3)	nan
(53, 34, 3)	(34, 91, 1)	(91, 6, 6)	nan
(53, 34, 3)	(34, 67, 2)	(67, 6, 1)	nan
(53, 34, 3)	(34, 67, 2)	(67, 6, 5)	nan
(53, 34, 3)	(34, 70, 3)	(70, 6, 1)	nan
(53, 34, 3)	(34, 92, 1)	(92, 6, 1)	nan
(53, 34, 3)	(34, 92, 1)	(92, 6, 3)	nan
(53, 34, 3)	(34, 92, 5)	(92, 6, 1)	nan
(53, 34, 3)	(34, 92, 5)	(92, 6, 3)	nan
(53, 34, 3)	(34, 41, 7)	(41, 6, 1)	nan
(53, 34, 3)	(34, 41, 7)	(41, 6, 1)	nan
(53, 34, 3)	(34, 41, 7)	(41, 6, 0)	nan
(53, 34, 3)	(34, 41, 7)	(41, 6, 2)	nan
(53, 34, 3)	(34, 35, 8)	(35, 6, 1)	nan
(53, 34, 3)	(34, 35, 8)	(35, 6, 1)	nan
(53, 86, 2)	(86, 66, 2)	(66, 6, 1)	nan
(53, 86, 2)	(86, 66, 2)	(66, 6, 1)	nan
(53, 86, 2)	(86, 66, 2)	(66, 6, 1)	nan
(53, 86, 2)	(86, 66, 2)	(66, 6, 1)	nan
(53, 86, 2)	(86, 77, 7)	(77, 6, 1)	nan
(53, 86, 2)	(86, 77, 7)	(77, 6, 1)	nan
(53, 86, 2)	(86, 77, 7)	(77, 6, 1)	nan
(53, 86, 2)	(86, 77, 7)	(77, 6, 1)	nan
(53, 86, 2)	(86, 77, 7)	(77, 6, 1)	nan
(53, 86, 2)	(86, 73, 3)	(73, 6, 1)	nan
(53, 86, 2)	(86, 73, 3)	(73, 6, 6)	nan
(53, 86, 2)	(86, 74, 7)	(74, 6, 1)	nan
(53, 86, 2)	(86, 74, 7)	(74, 6, 1)	nan
(53, 86, 2)	(86, 74, 7)	(74, 6, 3)	nan
(53, 86, 2)	(86, 74, 7)	(74, 6, 2)	nan
(53, 86, 2)	(86, 61, 5)	(61, 6, 1)	nan
(53, 86, 2)	(86, 61, 5)	(61, 6, 1)	nan
(53, 85, 3)	(85, 6, 1)	nan
(53, 85, 3)	(85, 6, 1)	nan
(53, 85, 3)	(85, 6, 2)	nan
(53, 85, 3)	(85, 6, 5)	nan
(53, 85, 3)	(85, 83, 3)	(83, 6, 1)	nan
(53, 85, 3)	(85, 83, 3)	(83, 6, 8)	nan
(53, 85, 3)	(85, 35, 1)	(35, 6, 1)	nan
(53, 85, 3)	(85, 35, 1)	(35, 6, 1)	nan
(53, 85, 3)	(85, 37, 3)	(37, 6, 7)	nan
(53, 74, 3)	(74, 6, 1)	nan
(53, 74, 3)	(74, 6, 1)	nan
(53, 74, 3)	(74, 6, 3)	nan
(53, 74, 3)	(74, 6, 2)	nan
