(53, 7, 7)	nan
(53, 34, 3)	(34, 7, 1)	nan
(53, 34, 3)	(34, 7, 3)	nan
(53, 34, 3)	(34, 59, 7)	(59, 7, 1)	nan
(53, 34, 3)	(34, 59, 7)	(59, 7, 6)	nan
(53, 34, 3)	(34, 59, 7)	(59, 7, 7)	nan
(53, 34, 3)	(34, 59, 3)	(59, 7, 1)	nan
(53, 34, 3)	(34, 59, 3)	(59, 7, 6)	nan
(53, 34, 3)	(34, 59, 3)	(59, 7, 7)	nan
(53, 34, 3)	(34, 59, 3)	(59, 7, 1)	nan
(53, 34, 3)	(34, 59, 3)	(59, 7, 6)	nan
(53, 34, 3)	(34, 59, 3)	(59, 7, 7)	nan
(53, 34, 3)	(34, 41, 7)	(41, 7, 1)	nan
(53, 34, 3)	(34, 41, 7)	(41, 7, 3)	nan
(53, 34, 3)	(34, 35, 8)	(35, 7, 1)	nan
(53, 34, 3)	(34, 35, 8)	(35, 7, 0)	nan
(53, 86, 2)	(86, 66, 2)	(66, 7, 1)	nan
(53, 86, 2)	(86, 66, 2)	(66, 7, 1)	nan
(53, 86, 2)	(86, 66, 2)	(66, 7, 1)	nan
(53, 86, 2)	(86, 66, 2)	(66, 7, 1)	nan
(53, 86, 2)	(86, 77, 7)	(77, 7, 1)	nan
(53, 86, 2)	(86, 77, 7)	(77, 7, 1)	nan
(53, 86, 2)	(86, 77, 7)	(77, 7, 1)	nan
(53, 86, 2)	(86, 77, 7)	(77, 7, 1)	nan
(53, 86, 2)	(86, 7, 8)	nan
(53, 86, 2)	(86, 73, 3)	(73, 7, 1)	nan
(53, 86, 2)	(86, 73, 3)	(73, 7, 0)	nan
(53, 86, 2)	(86, 65, 8)	(65, 7, 1)	nan
(53, 86, 2)	(86, 65, 8)	(65, 7, 1)	nan
(53, 86, 2)	(86, 65, 8)	(65, 7, 5)	nan
(53, 86, 2)	(86, 74, 7)	(74, 7, 1)	nan
(53, 85, 3)	(85, 7, 1)	nan
(53, 85, 3)	(85, 7, 6)	nan
(53, 85, 3)	(85, 83, 3)	(83, 7, 1)	nan
(53, 85, 3)	(85, 83, 3)	(83, 7, 3)	nan
(53, 85, 3)	(85, 35, 1)	(35, 7, 1)	nan
(53, 85, 3)	(85, 35, 1)	(35, 7, 0)	nan
(53, 85, 3)	(85, 37, 3)	(37, 7, 1)	nan
(53, 85, 3)	(85, 37, 3)	(37, 7, 1)	nan
(53, 74, 3)	(74, 7, 1)	nan
(53, 74, 3)	(74, 76, 5)	(76, 7, 1)	nan
(53, 74, 3)	(74, 76, 5)	(76, 7, 0)	nan
(53, 74, 3)	(74, 90, 1)	(90, 7, 1)	nan
(53, 74, 3)	(74, 90, 1)	(90, 7, 2)	nan
(53, 74, 3)	(74, 35, 7)	(35, 7, 1)	nan
(53, 74, 3)	(74, 35, 7)	(35, 7, 0)	nan
(53, 57, 2)	(57, 35, 8)	(35, 7, 1)	nan
(53, 57, 2)	(57, 35, 8)	(35, 7, 0)	nan
(53, 57, 2)	(57, 35, 8)	(35, 7, 1)	nan
(53, 57, 2)	(57, 35, 8)	(35, 7, 0)	nan
