(54, 18, 5)	nan
(54, 35, 3)	(35, 18, 4)	nan
(54, 35, 3)	(35, 18, 7)	nan
(54, 35, 3)	(35, 74, 5)	(74, 18, 4)	nan
(54, 35, 3)	(35, 68, 7)	(68, 18, 4)	nan
(54, 35, 3)	(35, 68, 7)	(68, 18, 4)	nan
(54, 35, 3)	(35, 68, 7)	(68, 18, 1)	nan
(54, 35, 3)	(35, 68, 7)	(68, 18, 7)	nan
(54, 35, 3)	(35, 56, 1)	(56, 18, 4)	nan
(54, 35, 3)	(35, 52, 3)	(52, 18, 4)	nan
(54, 35, 3)	(35, 88, 1)	(88, 18, 4)	nan
(54, 79, 1)	(79, 74, 1)	(74, 18, 4)	nan
(54, 79, 1)	(79, 68, 1)	(68, 18, 4)	nan
(54, 79, 1)	(79, 68, 1)	(68, 18, 4)	nan
(54, 79, 1)	(79, 68, 1)	(68, 18, 1)	nan
(54, 79, 1)	(79, 68, 1)	(68, 18, 7)	nan
(54, 79, 1)	(79, 44, 0)	(44, 18, 4)	nan
(54, 43, 7)	(43, 32, 8)	(32, 18, 4)	nan
(54, 43, 7)	(43, 32, 8)	(32, 18, 4)	nan
(54, 43, 7)	(43, 55, 0)	(55, 18, 4)	nan
(54, 43, 7)	(43, 55, 0)	(55, 18, 5)	nan
(54, 43, 7)	(43, 62, 5)	(62, 18, 4)	nan
(54, 43, 7)	(43, 63, 0)	(63, 18, 4)	nan
(54, 43, 7)	(43, 63, 0)	(63, 18, 4)	nan
(54, 43, 7)	(43, 63, 0)	(63, 18, 7)	nan
(54, 43, 7)	(43, 63, 0)	(63, 18, 7)	nan
(54, 87, 7)	(87, 18, 4)	nan
(54, 87, 7)	(87, 18, 6)	nan
(54, 87, 7)	(87, 44, 5)	(44, 18, 4)	nan
(54, 87, 7)	(87, 59, 4)	(59, 18, 4)	nan
(54, 87, 7)	(87, 59, 4)	(59, 18, 0)	nan
(54, 87, 7)	(87, 40, 7)	(40, 18, 4)	nan
(54, 87, 7)	(87, 35, 8)	(35, 18, 4)	nan
(54, 87, 7)	(87, 35, 8)	(35, 18, 7)	nan
(54, 56, 3)	(56, 18, 4)	nan
(54, 56, 3)	(56, 35, 8)	(35, 18, 4)	nan
(54, 56, 3)	(56, 35, 8)	(35, 18, 7)	nan
(54, 56, 3)	(56, 35, 8)	(35, 18, 4)	nan
(54, 56, 3)	(56, 35, 8)	(35, 18, 7)	nan
(54, 56, 3)	(56, 35, 4)	(35, 18, 4)	nan
(54, 56, 3)	(56, 35, 4)	(35, 18, 7)	nan
(54, 56, 3)	(56, 29, 8)	(29, 18, 4)	nan
(54, 56, 3)	(56, 41, 2)	(41, 18, 4)	nan
(54, 56, 3)	(56, 59, 4)	(59, 18, 4)	nan
(54, 56, 3)	(56, 59, 4)	(59, 18, 0)	nan
(54, 38, 2)	(38, 48, 0)	(48, 18, 4)	nan
(54, 38, 2)	(38, 18, 4)	nan
(54, 38, 2)	(38, 92, 2)	(92, 18, 4)	nan
(54, 38, 2)	(38, 82, 2)	(82, 18, 4)	nan
(54, 69, 3)	(69, 48, 2)	(48, 18, 4)	nan
