(54, 17, 7)	nan
(54, 17, 4)	nan
(54, 35, 3)	(35, 56, 1)	(56, 17, 3)	nan
(54, 35, 3)	(35, 56, 1)	(56, 17, 1)	nan
(54, 35, 3)	(35, 30, 8)	(30, 17, 3)	nan
(54, 79, 1)	(79, 33, 8)	(33, 17, 3)	nan
(54, 79, 1)	(79, 33, 4)	(33, 17, 3)	nan
(54, 79, 1)	(79, 66, 1)	(66, 17, 3)	nan
(54, 79, 1)	(79, 66, 1)	(66, 17, 3)	nan
(54, 79, 1)	(79, 44, 0)	(44, 17, 3)	nan
(54, 79, 1)	(79, 44, 0)	(44, 17, 3)	nan
(54, 43, 7)	(43, 30, 8)	(30, 17, 3)	nan
(54, 43, 7)	(43, 55, 0)	(55, 17, 3)	nan
(54, 43, 7)	(43, 55, 0)	(55, 17, 1)	nan
(54, 43, 7)	(43, 89, 0)	(89, 17, 7)	nan
(54, 43, 7)	(43, 89, 7)	(89, 17, 7)	nan
(54, 43, 7)	(43, 63, 0)	(63, 17, 3)	nan
(54, 43, 7)	(43, 17, 8)	nan
(54, 87, 7)	(87, 34, 8)	(34, 17, 3)	nan
(54, 87, 7)	(87, 34, 8)	(34, 17, 3)	nan
(54, 87, 7)	(87, 34, 8)	(34, 17, 0)	nan
(54, 87, 7)	(87, 34, 7)	(34, 17, 3)	nan
(54, 87, 7)	(87, 34, 7)	(34, 17, 3)	nan
(54, 87, 7)	(87, 34, 7)	(34, 17, 0)	nan
(54, 87, 7)	(87, 44, 5)	(44, 17, 3)	nan
(54, 87, 7)	(87, 44, 5)	(44, 17, 3)	nan
(54, 87, 7)	(87, 59, 4)	(59, 17, 3)	nan
(54, 87, 7)	(87, 59, 4)	(59, 17, 4)	nan
(54, 87, 7)	(87, 51, 7)	(51, 17, 3)	nan
(54, 56, 3)	(56, 17, 3)	nan
(54, 56, 3)	(56, 17, 1)	nan
(54, 56, 3)	(56, 29, 8)	(29, 17, 3)	nan
(54, 56, 3)	(56, 29, 8)	(29, 17, 3)	nan
(54, 56, 3)	(56, 29, 8)	(29, 17, 0)	nan
(54, 56, 3)	(56, 33, 8)	(33, 17, 3)	nan
(54, 56, 3)	(56, 30, 8)	(30, 17, 3)	nan
(54, 56, 3)	(56, 59, 4)	(59, 17, 3)	nan
(54, 56, 3)	(56, 59, 4)	(59, 17, 4)	nan
(54, 38, 2)	(38, 17, 3)	nan
(54, 38, 2)	(38, 17, 3)	nan
(54, 69, 3)	(69, 34, 8)	(34, 17, 3)	nan
(54, 69, 3)	(69, 34, 8)	(34, 17, 3)	nan
(54, 69, 3)	(69, 34, 8)	(34, 17, 0)	nan
(54, 69, 3)	(69, 34, 8)	(34, 17, 3)	nan
(54, 69, 3)	(69, 34, 8)	(34, 17, 3)	nan
(54, 69, 3)	(69, 34, 8)	(34, 17, 0)	nan
(54, 69, 3)	(69, 34, 7)	(34, 17, 3)	nan
(54, 69, 3)	(69, 34, 7)	(34, 17, 3)	nan
(54, 69, 3)	(69, 34, 7)	(34, 17, 0)	nan
