(54, 12, 8)	nan
(54, 12, 1)	nan
(54, 35, 3)	(35, 12, 3)	nan
(54, 35, 3)	(35, 12, 3)	nan
(54, 35, 3)	(35, 12, 4)	nan
(54, 35, 3)	(35, 56, 1)	(56, 12, 3)	nan
(54, 35, 3)	(35, 56, 1)	(56, 12, 8)	nan
(54, 35, 3)	(35, 30, 8)	(30, 12, 3)	nan
(54, 79, 1)	(79, 33, 8)	(33, 12, 3)	nan
(54, 79, 1)	(79, 33, 4)	(33, 12, 3)	nan
(54, 79, 1)	(79, 70, 4)	(70, 12, 3)	nan
(54, 79, 1)	(79, 66, 1)	(66, 12, 3)	nan
(54, 79, 1)	(79, 66, 1)	(66, 12, 0)	nan
(54, 79, 1)	(79, 44, 0)	(44, 12, 3)	nan
(54, 43, 7)	(43, 30, 8)	(30, 12, 3)	nan
(54, 43, 7)	(43, 32, 8)	(32, 12, 3)	nan
(54, 43, 7)	(43, 32, 8)	(32, 12, 4)	nan
(54, 43, 7)	(43, 12, 0)	nan
(54, 43, 7)	(43, 89, 0)	(89, 12, 0)	nan
(54, 43, 7)	(43, 89, 7)	(89, 12, 0)	nan
(54, 43, 7)	(43, 70, 1)	(70, 12, 3)	nan
(54, 87, 7)	(87, 34, 8)	(34, 12, 3)	nan
(54, 87, 7)	(87, 34, 7)	(34, 12, 3)	nan
(54, 87, 7)	(87, 44, 5)	(44, 12, 3)	nan
(54, 87, 7)	(87, 12, 3)	nan
(54, 87, 7)	(87, 35, 8)	(35, 12, 3)	nan
(54, 87, 7)	(87, 35, 8)	(35, 12, 3)	nan
(54, 87, 7)	(87, 35, 8)	(35, 12, 4)	nan
(54, 56, 3)	(56, 35, 8)	(35, 12, 3)	nan
(54, 56, 3)	(56, 35, 8)	(35, 12, 3)	nan
(54, 56, 3)	(56, 35, 8)	(35, 12, 4)	nan
(54, 56, 3)	(56, 35, 8)	(35, 12, 3)	nan
(54, 56, 3)	(56, 35, 8)	(35, 12, 3)	nan
(54, 56, 3)	(56, 35, 8)	(35, 12, 4)	nan
(54, 56, 3)	(56, 35, 4)	(35, 12, 3)	nan
(54, 56, 3)	(56, 35, 4)	(35, 12, 3)	nan
(54, 56, 3)	(56, 35, 4)	(35, 12, 4)	nan
(54, 56, 3)	(56, 12, 3)	nan
(54, 56, 3)	(56, 12, 8)	nan
(54, 56, 3)	(56, 70, 4)	(70, 12, 3)	nan
(54, 56, 3)	(56, 29, 8)	(29, 12, 3)	nan
(54, 56, 3)	(56, 29, 8)	(29, 12, 4)	nan
(54, 56, 3)	(56, 33, 8)	(33, 12, 3)	nan
(54, 56, 3)	(56, 30, 8)	(30, 12, 3)	nan
(54, 38, 2)	(38, 82, 2)	(82, 12, 3)	nan
(54, 69, 3)	(69, 34, 8)	(34, 12, 3)	nan
(54, 69, 3)	(69, 34, 8)	(34, 12, 3)	nan
(54, 69, 3)	(69, 34, 7)	(34, 12, 3)	nan
