(54, 10, 5)	nan
(54, 35, 3)	(35, 10, 2)	nan
(54, 35, 3)	(35, 10, 5)	nan
(54, 35, 3)	(35, 74, 5)	(74, 10, 2)	nan
(54, 35, 3)	(35, 74, 5)	(74, 10, 7)	nan
(54, 35, 3)	(35, 68, 7)	(68, 10, 2)	nan
(54, 35, 3)	(35, 56, 1)	(56, 10, 2)	nan
(54, 35, 3)	(35, 56, 1)	(56, 10, 2)	nan
(54, 35, 3)	(35, 56, 1)	(56, 10, 7)	nan
(54, 35, 3)	(35, 52, 3)	(52, 10, 2)	nan
(54, 35, 3)	(35, 52, 3)	(52, 10, 2)	nan
(54, 35, 3)	(35, 52, 3)	(52, 10, 2)	nan
(54, 79, 1)	(79, 33, 8)	(33, 10, 2)	nan
(54, 79, 1)	(79, 33, 4)	(33, 10, 2)	nan
(54, 79, 1)	(79, 74, 1)	(74, 10, 2)	nan
(54, 79, 1)	(79, 74, 1)	(74, 10, 7)	nan
(54, 79, 1)	(79, 70, 4)	(70, 10, 2)	nan
(54, 79, 1)	(79, 66, 1)	(66, 10, 2)	nan
(54, 79, 1)	(79, 68, 1)	(68, 10, 2)	nan
(54, 79, 1)	(79, 10, 2)	nan
(54, 79, 1)	(79, 44, 0)	(44, 10, 1)	nan
(54, 79, 1)	(79, 44, 0)	(44, 10, 2)	nan
(54, 43, 7)	(43, 32, 8)	(32, 10, 2)	nan
(54, 43, 7)	(43, 55, 0)	(55, 10, 2)	nan
(54, 43, 7)	(43, 55, 0)	(55, 10, 4)	nan
(54, 43, 7)	(43, 10, 2)	nan
(54, 43, 7)	(43, 10, 2)	nan
(54, 43, 7)	(43, 10, 2)	nan
(54, 43, 7)	(43, 89, 0)	(89, 10, 2)	nan
(54, 43, 7)	(43, 89, 7)	(89, 10, 2)	nan
(54, 43, 7)	(43, 70, 1)	(70, 10, 2)	nan
(54, 43, 7)	(43, 62, 5)	(62, 10, 2)	nan
(54, 43, 7)	(43, 63, 0)	(63, 10, 2)	nan
(54, 43, 7)	(43, 63, 0)	(63, 10, 2)	nan
(54, 87, 7)	(87, 34, 8)	(34, 10, 2)	nan
(54, 87, 7)	(87, 34, 7)	(34, 10, 2)	nan
(54, 87, 7)	(87, 44, 5)	(44, 10, 1)	nan
(54, 87, 7)	(87, 44, 5)	(44, 10, 2)	nan
(54, 87, 7)	(87, 59, 4)	(59, 10, 2)	nan
(54, 87, 7)	(87, 59, 4)	(59, 10, 3)	nan
(54, 87, 7)	(87, 35, 8)	(35, 10, 2)	nan
(54, 87, 7)	(87, 35, 8)	(35, 10, 5)	nan
(54, 56, 3)	(56, 10, 2)	nan
(54, 56, 3)	(56, 10, 2)	nan
(54, 56, 3)	(56, 10, 7)	nan
(54, 56, 3)	(56, 35, 8)	(35, 10, 2)	nan
(54, 56, 3)	(56, 35, 8)	(35, 10, 5)	nan
(54, 56, 3)	(56, 35, 8)	(35, 10, 2)	nan
(54, 56, 3)	(56, 35, 8)	(35, 10, 5)	nan
(54, 56, 3)	(56, 35, 4)	(35, 10, 2)	nan
