(54, 35, 3)	(35, 74, 5)	(74, 1, 0)	nan
(54, 35, 3)	(35, 74, 5)	(74, 1, 3)	nan
(54, 35, 3)	(35, 56, 1)	(56, 1, 0)	nan
(54, 35, 3)	(35, 1, 0)	nan
(54, 35, 3)	(35, 75, 7)	(75, 1, 0)	nan
(54, 35, 3)	(35, 88, 1)	(88, 1, 0)	nan
(54, 79, 1)	(79, 1, 0)	nan
(54, 79, 1)	(79, 33, 8)	(33, 1, 0)	nan
(54, 79, 1)	(79, 33, 8)	(33, 1, 0)	nan
(54, 79, 1)	(79, 33, 8)	(33, 1, 3)	nan
(54, 79, 1)	(79, 33, 4)	(33, 1, 0)	nan
(54, 79, 1)	(79, 33, 4)	(33, 1, 0)	nan
(54, 79, 1)	(79, 33, 4)	(33, 1, 3)	nan
(54, 79, 1)	(79, 74, 1)	(74, 1, 0)	nan
(54, 79, 1)	(79, 74, 1)	(74, 1, 3)	nan
(54, 79, 1)	(79, 70, 4)	(70, 1, 0)	nan
(54, 79, 1)	(79, 70, 4)	(70, 1, 0)	nan
(54, 79, 1)	(79, 66, 1)	(66, 1, 0)	nan
(54, 43, 7)	(43, 1, 0)	nan
(54, 43, 7)	(43, 1, 5)	nan
(54, 43, 7)	(43, 32, 8)	(32, 1, 0)	nan
(54, 43, 7)	(43, 55, 0)	(55, 1, 0)	nan
(54, 43, 7)	(43, 55, 0)	(55, 1, 0)	nan
(54, 43, 7)	(43, 55, 0)	(55, 1, 0)	nan
(54, 43, 7)	(43, 70, 1)	(70, 1, 0)	nan
(54, 43, 7)	(43, 70, 1)	(70, 1, 0)	nan
(54, 43, 7)	(43, 62, 5)	(62, 1, 0)	nan
(54, 87, 7)	(87, 51, 7)	(51, 1, 0)	nan
(54, 87, 7)	(87, 40, 7)	(40, 1, 0)	nan
(54, 87, 7)	(87, 40, 7)	(40, 1, 0)	nan
(54, 87, 7)	(87, 40, 7)	(40, 1, 1)	nan
(54, 87, 7)	(87, 40, 7)	(40, 1, 1)	nan
(54, 87, 7)	(87, 40, 7)	(40, 1, 1)	nan
(54, 87, 7)	(87, 35, 8)	(35, 1, 0)	nan
(54, 87, 7)	(87, 1, 0)	nan
(54, 56, 3)	(56, 35, 8)	(35, 1, 0)	nan
(54, 56, 3)	(56, 35, 8)	(35, 1, 0)	nan
(54, 56, 3)	(56, 35, 4)	(35, 1, 0)	nan
(54, 56, 3)	(56, 70, 4)	(70, 1, 0)	nan
(54, 56, 3)	(56, 70, 4)	(70, 1, 0)	nan
(54, 56, 3)	(56, 29, 8)	(29, 1, 0)	nan
(54, 56, 3)	(56, 33, 8)	(33, 1, 0)	nan
(54, 56, 3)	(56, 33, 8)	(33, 1, 0)	nan
(54, 56, 3)	(56, 33, 8)	(33, 1, 3)	nan
(54, 56, 3)	(56, 41, 2)	(41, 1, 0)	nan
(54, 56, 3)	(56, 41, 2)	(41, 1, 7)	nan
(54, 56, 3)	(56, 37, 7)	(37, 1, 0)	nan
(54, 56, 3)	(56, 37, 7)	(37, 1, 5)	nan
(54, 56, 3)	(56, 1, 0)	nan
(54, 56, 3)	(56, 42, 7)	(42, 1, 0)	nan
(54, 56, 3)	(56, 42, 7)	(42, 1, 0)	nan
