(54, 28, 3)	nan
(54, 35, 3)	(35, 28, 7)	nan
(54, 35, 3)	(35, 28, 1)	nan
(54, 35, 3)	(35, 74, 5)	(74, 28, 7)	nan
(54, 35, 3)	(35, 74, 5)	(74, 28, 7)	nan
(54, 35, 3)	(35, 74, 5)	(74, 28, 8)	nan
(54, 35, 3)	(35, 74, 5)	(74, 28, 3)	nan
(54, 35, 3)	(35, 68, 7)	(68, 28, 7)	nan
(54, 35, 3)	(35, 68, 7)	(68, 28, 2)	nan
(54, 35, 3)	(35, 56, 1)	(56, 28, 7)	nan
(54, 35, 3)	(35, 56, 1)	(56, 28, 2)	nan
(54, 35, 3)	(35, 88, 1)	(88, 28, 7)	nan
(54, 35, 3)	(35, 88, 1)	(88, 28, 3)	nan
(54, 79, 1)	(79, 28, 7)	nan
(54, 79, 1)	(79, 28, 7)	nan
(54, 79, 1)	(79, 28, 0)	nan
(54, 79, 1)	(79, 28, 0)	nan
(54, 79, 1)	(79, 74, 1)	(74, 28, 7)	nan
(54, 79, 1)	(79, 74, 1)	(74, 28, 7)	nan
(54, 79, 1)	(79, 74, 1)	(74, 28, 8)	nan
(54, 79, 1)	(79, 74, 1)	(74, 28, 3)	nan
(54, 79, 1)	(79, 70, 4)	(70, 28, 7)	nan
(54, 79, 1)	(79, 70, 4)	(70, 28, 4)	nan
(54, 79, 1)	(79, 66, 1)	(66, 28, 7)	nan
(54, 79, 1)	(79, 66, 1)	(66, 28, 7)	nan
(54, 79, 1)	(79, 66, 1)	(66, 28, 5)	nan
(54, 79, 1)	(79, 66, 1)	(66, 28, 6)	nan
(54, 79, 1)	(79, 68, 1)	(68, 28, 7)	nan
(54, 79, 1)	(79, 68, 1)	(68, 28, 2)	nan
(54, 79, 1)	(79, 44, 0)	(44, 28, 7)	nan
(54, 79, 1)	(79, 44, 0)	(44, 28, 4)	nan
(54, 43, 7)	(43, 28, 7)	nan
(54, 43, 7)	(43, 28, 5)	nan
(54, 43, 7)	(43, 28, 6)	nan
(54, 43, 7)	(43, 32, 8)	(32, 28, 7)	nan
(54, 43, 7)	(43, 32, 8)	(32, 28, 7)	nan
(54, 43, 7)	(43, 32, 8)	(32, 28, 4)	nan
(54, 43, 7)	(43, 32, 8)	(32, 28, 3)	nan
(54, 43, 7)	(43, 32, 8)	(32, 28, 5)	nan
(54, 43, 7)	(43, 55, 0)	(55, 28, 7)	nan
(54, 43, 7)	(43, 55, 0)	(55, 28, 7)	nan
(54, 43, 7)	(43, 55, 0)	(55, 28, 0)	nan
(54, 43, 7)	(43, 55, 0)	(55, 28, 6)	nan
(54, 43, 7)	(43, 70, 1)	(70, 28, 7)	nan
(54, 43, 7)	(43, 70, 1)	(70, 28, 4)	nan
(54, 43, 7)	(43, 63, 0)	(63, 28, 7)	nan
(54, 43, 7)	(43, 63, 0)	(63, 28, 4)	nan
(54, 87, 7)	(87, 28, 7)	nan
(54, 87, 7)	(87, 28, 7)	nan
(54, 87, 7)	(87, 28, 2)	nan
