(54, 26, 3)	nan
(54, 26, 4)	nan
(54, 35, 3)	(35, 26, 7)	nan
(54, 35, 3)	(35, 74, 5)	(74, 26, 7)	nan
(54, 35, 3)	(35, 74, 5)	(74, 26, 0)	nan
(54, 35, 3)	(35, 68, 7)	(68, 26, 7)	nan
(54, 35, 3)	(35, 56, 1)	(56, 26, 7)	nan
(54, 35, 3)	(35, 56, 1)	(56, 26, 2)	nan
(54, 35, 3)	(35, 56, 1)	(56, 26, 3)	nan
(54, 35, 3)	(35, 30, 8)	(30, 26, 7)	nan
(54, 35, 3)	(35, 30, 8)	(30, 26, 7)	nan
(54, 35, 3)	(35, 30, 8)	(30, 26, 4)	nan
(54, 35, 3)	(35, 30, 8)	(30, 26, 5)	nan
(54, 35, 3)	(35, 75, 7)	(75, 26, 7)	nan
(54, 35, 3)	(35, 75, 7)	(75, 26, 8)	nan
(54, 35, 3)	(35, 88, 1)	(88, 26, 7)	nan
(54, 35, 3)	(35, 88, 1)	(88, 26, 7)	nan
(54, 35, 3)	(35, 88, 1)	(88, 26, 8)	nan
(54, 35, 3)	(35, 88, 1)	(88, 26, 2)	nan
(54, 79, 1)	(79, 33, 8)	(33, 26, 7)	nan
(54, 79, 1)	(79, 33, 8)	(33, 26, 7)	nan
(54, 79, 1)	(79, 33, 8)	(33, 26, 0)	nan
(54, 79, 1)	(79, 33, 8)	(33, 26, 4)	nan
(54, 79, 1)	(79, 33, 4)	(33, 26, 7)	nan
(54, 79, 1)	(79, 33, 4)	(33, 26, 7)	nan
(54, 79, 1)	(79, 33, 4)	(33, 26, 0)	nan
(54, 79, 1)	(79, 33, 4)	(33, 26, 4)	nan
(54, 79, 1)	(79, 74, 1)	(74, 26, 7)	nan
(54, 79, 1)	(79, 74, 1)	(74, 26, 0)	nan
(54, 79, 1)	(79, 70, 4)	(70, 26, 7)	nan
(54, 79, 1)	(79, 70, 4)	(70, 26, 1)	nan
(54, 79, 1)	(79, 70, 4)	(70, 26, 6)	nan
(54, 79, 1)	(79, 66, 1)	(66, 26, 7)	nan
(54, 79, 1)	(79, 66, 1)	(66, 26, 7)	nan
(54, 79, 1)	(79, 66, 1)	(66, 26, 7)	nan
(54, 79, 1)	(79, 66, 1)	(66, 26, 7)	nan
(54, 79, 1)	(79, 68, 1)	(68, 26, 7)	nan
(54, 79, 1)	(79, 26, 7)	nan
(54, 79, 1)	(79, 26, 7)	nan
(54, 79, 1)	(79, 26, 7)	nan
(54, 79, 1)	(79, 44, 0)	(44, 26, 7)	nan
(54, 79, 1)	(79, 44, 0)	(44, 26, 4)	nan
(54, 43, 7)	(43, 26, 7)	nan
(54, 43, 7)	(43, 26, 7)	nan
(54, 43, 7)	(43, 26, 1)	nan
(54, 43, 7)	(43, 26, 3)	nan
(54, 43, 7)	(43, 30, 8)	(30, 26, 7)	nan
(54, 43, 7)	(43, 30, 8)	(30, 26, 7)	nan
(54, 43, 7)	(43, 30, 8)	(30, 26, 4)	nan
