(54, 6, 7)	nan
(54, 35, 3)	(35, 6, 1)	nan
(54, 35, 3)	(35, 6, 1)	nan
(54, 35, 3)	(35, 74, 5)	(74, 6, 1)	nan
(54, 35, 3)	(35, 74, 5)	(74, 6, 1)	nan
(54, 35, 3)	(35, 74, 5)	(74, 6, 3)	nan
(54, 35, 3)	(35, 74, 5)	(74, 6, 2)	nan
(54, 35, 3)	(35, 68, 7)	(68, 6, 1)	nan
(54, 35, 3)	(35, 68, 7)	(68, 6, 1)	nan
(54, 35, 3)	(35, 68, 7)	(68, 6, 3)	nan
(54, 35, 3)	(35, 56, 1)	(56, 6, 5)	nan
(54, 35, 3)	(35, 52, 3)	(52, 6, 1)	nan
(54, 35, 3)	(35, 52, 3)	(52, 6, 0)	nan
(54, 35, 3)	(35, 88, 1)	(88, 6, 1)	nan
(54, 79, 1)	(79, 6, 1)	nan
(54, 79, 1)	(79, 6, 4)	nan
(54, 79, 1)	(79, 74, 1)	(74, 6, 1)	nan
(54, 79, 1)	(79, 74, 1)	(74, 6, 1)	nan
(54, 79, 1)	(79, 74, 1)	(74, 6, 3)	nan
(54, 79, 1)	(79, 74, 1)	(74, 6, 2)	nan
(54, 79, 1)	(79, 70, 4)	(70, 6, 1)	nan
(54, 79, 1)	(79, 66, 1)	(66, 6, 1)	nan
(54, 79, 1)	(79, 66, 1)	(66, 6, 1)	nan
(54, 79, 1)	(79, 66, 1)	(66, 6, 1)	nan
(54, 79, 1)	(79, 66, 1)	(66, 6, 1)	nan
(54, 79, 1)	(79, 68, 1)	(68, 6, 1)	nan
(54, 79, 1)	(79, 68, 1)	(68, 6, 1)	nan
(54, 79, 1)	(79, 68, 1)	(68, 6, 3)	nan
(54, 79, 1)	(79, 44, 0)	(44, 6, 8)	nan
(54, 43, 7)	(43, 6, 1)	nan
(54, 43, 7)	(43, 6, 3)	nan
(54, 43, 7)	(43, 55, 0)	(55, 6, 1)	nan
(54, 43, 7)	(43, 55, 0)	(55, 6, 7)	nan
(54, 43, 7)	(43, 89, 0)	(89, 6, 1)	nan
(54, 43, 7)	(43, 89, 0)	(89, 6, 1)	nan
(54, 43, 7)	(43, 89, 0)	(89, 6, 0)	nan
(54, 43, 7)	(43, 89, 7)	(89, 6, 1)	nan
(54, 43, 7)	(43, 89, 7)	(89, 6, 1)	nan
(54, 43, 7)	(43, 89, 7)	(89, 6, 0)	nan
(54, 43, 7)	(43, 70, 1)	(70, 6, 1)	nan
(54, 43, 7)	(43, 62, 5)	(62, 6, 1)	nan
(54, 43, 7)	(43, 62, 5)	(62, 6, 2)	nan
(54, 87, 7)	(87, 6, 1)	nan
(54, 87, 7)	(87, 6, 2)	nan
(54, 87, 7)	(87, 34, 8)	(34, 6, 1)	nan
(54, 87, 7)	(87, 34, 8)	(34, 6, 6)	nan
(54, 87, 7)	(87, 34, 7)	(34, 6, 1)	nan
(54, 87, 7)	(87, 34, 7)	(34, 6, 6)	nan
(54, 87, 7)	(87, 44, 5)	(44, 6, 8)	nan
