(54, 7, 0)	nan
(54, 35, 3)	(35, 7, 1)	nan
(54, 35, 3)	(35, 7, 0)	nan
(54, 35, 3)	(35, 74, 5)	(74, 7, 1)	nan
(54, 35, 3)	(35, 68, 7)	(68, 7, 5)	nan
(54, 35, 3)	(35, 30, 8)	(30, 7, 1)	nan
(54, 35, 3)	(35, 30, 8)	(30, 7, 4)	nan
(54, 35, 3)	(35, 52, 3)	(52, 7, 1)	nan
(54, 35, 3)	(35, 52, 3)	(52, 7, 0)	nan
(54, 35, 3)	(35, 75, 7)	(75, 7, 1)	nan
(54, 35, 3)	(35, 75, 7)	(75, 7, 5)	nan
(54, 79, 1)	(79, 7, 1)	nan
(54, 79, 1)	(79, 7, 1)	nan
(54, 79, 1)	(79, 74, 1)	(74, 7, 1)	nan
(54, 79, 1)	(79, 66, 1)	(66, 7, 1)	nan
(54, 79, 1)	(79, 66, 1)	(66, 7, 1)	nan
(54, 79, 1)	(79, 66, 1)	(66, 7, 1)	nan
(54, 79, 1)	(79, 66, 1)	(66, 7, 1)	nan
(54, 79, 1)	(79, 68, 1)	(68, 7, 5)	nan
(54, 79, 1)	(79, 44, 0)	(44, 7, 1)	nan
(54, 79, 1)	(79, 44, 0)	(44, 7, 5)	nan
(54, 43, 7)	(43, 30, 8)	(30, 7, 1)	nan
(54, 43, 7)	(43, 30, 8)	(30, 7, 4)	nan
(54, 43, 7)	(43, 32, 8)	(32, 7, 1)	nan
(54, 43, 7)	(43, 32, 8)	(32, 7, 6)	nan
(54, 43, 7)	(43, 55, 0)	(55, 7, 1)	nan
(54, 43, 7)	(43, 55, 0)	(55, 7, 2)	nan
(54, 43, 7)	(43, 89, 0)	(89, 7, 1)	nan
(54, 43, 7)	(43, 89, 0)	(89, 7, 5)	nan
(54, 43, 7)	(43, 89, 7)	(89, 7, 1)	nan
(54, 43, 7)	(43, 89, 7)	(89, 7, 5)	nan
(54, 43, 7)	(43, 62, 5)	(62, 7, 1)	nan
(54, 43, 7)	(43, 62, 5)	(62, 7, 1)	nan
(54, 43, 7)	(43, 62, 5)	(62, 7, 8)	nan
(54, 43, 7)	(43, 63, 0)	(63, 7, 1)	nan
(54, 43, 7)	(43, 63, 0)	(63, 7, 3)	nan
(54, 87, 7)	(87, 34, 8)	(34, 7, 1)	nan
(54, 87, 7)	(87, 34, 8)	(34, 7, 3)	nan
(54, 87, 7)	(87, 34, 7)	(34, 7, 1)	nan
(54, 87, 7)	(87, 34, 7)	(34, 7, 3)	nan
(54, 87, 7)	(87, 44, 5)	(44, 7, 1)	nan
(54, 87, 7)	(87, 44, 5)	(44, 7, 5)	nan
(54, 87, 7)	(87, 7, 1)	nan
(54, 87, 7)	(87, 7, 1)	nan
(54, 87, 7)	(87, 7, 1)	nan
(54, 87, 7)	(87, 59, 4)	(59, 7, 1)	nan
(54, 87, 7)	(87, 59, 4)	(59, 7, 6)	nan
(54, 87, 7)	(87, 59, 4)	(59, 7, 7)	nan
(54, 87, 7)	(87, 40, 7)	(40, 7, 1)	nan
(54, 87, 7)	(87, 35, 8)	(35, 7, 1)	nan
