(54, 8, 4)	nan
(54, 8, 0)	nan
(54, 35, 3)	(35, 8, 1)	nan
(54, 35, 3)	(35, 8, 4)	nan
(54, 35, 3)	(35, 68, 7)	(68, 8, 1)	nan
(54, 35, 3)	(35, 68, 7)	(68, 8, 8)	nan
(54, 35, 3)	(35, 52, 3)	(52, 8, 1)	nan
(54, 35, 3)	(35, 52, 3)	(52, 8, 5)	nan
(54, 35, 3)	(35, 52, 3)	(52, 8, 3)	nan
(54, 35, 3)	(35, 75, 7)	(75, 8, 1)	nan
(54, 35, 3)	(35, 75, 7)	(75, 8, 4)	nan
(54, 35, 3)	(35, 88, 1)	(88, 8, 1)	nan
(54, 35, 3)	(35, 88, 1)	(88, 8, 1)	nan
(54, 79, 1)	(79, 8, 1)	nan
(54, 79, 1)	(79, 8, 1)	nan
(54, 79, 1)	(79, 8, 3)	nan
(54, 79, 1)	(79, 8, 8)	nan
(54, 79, 1)	(79, 33, 8)	(33, 8, 1)	nan
(54, 79, 1)	(79, 33, 8)	(33, 8, 1)	nan
(54, 79, 1)	(79, 33, 8)	(33, 8, 3)	nan
(54, 79, 1)	(79, 33, 8)	(33, 8, 6)	nan
(54, 79, 1)	(79, 33, 8)	(33, 8, 7)	nan
(54, 79, 1)	(79, 33, 4)	(33, 8, 1)	nan
(54, 79, 1)	(79, 33, 4)	(33, 8, 1)	nan
(54, 79, 1)	(79, 33, 4)	(33, 8, 3)	nan
(54, 79, 1)	(79, 33, 4)	(33, 8, 6)	nan
(54, 79, 1)	(79, 33, 4)	(33, 8, 7)	nan
(54, 79, 1)	(79, 70, 4)	(70, 8, 1)	nan
(54, 79, 1)	(79, 70, 4)	(70, 8, 1)	nan
(54, 79, 1)	(79, 70, 4)	(70, 8, 0)	nan
(54, 79, 1)	(79, 66, 1)	(66, 8, 1)	nan
(54, 79, 1)	(79, 66, 1)	(66, 8, 1)	nan
(54, 79, 1)	(79, 66, 1)	(66, 8, 1)	nan
(54, 79, 1)	(79, 66, 1)	(66, 8, 1)	nan
(54, 79, 1)	(79, 66, 1)	(66, 8, 1)	nan
(54, 79, 1)	(79, 66, 1)	(66, 8, 1)	nan
(54, 79, 1)	(79, 68, 1)	(68, 8, 1)	nan
(54, 79, 1)	(79, 68, 1)	(68, 8, 8)	nan
(54, 79, 1)	(79, 44, 0)	(44, 8, 1)	nan
(54, 79, 1)	(79, 44, 0)	(44, 8, 1)	nan
(54, 79, 1)	(79, 44, 0)	(44, 8, 3)	nan
(54, 43, 7)	(43, 8, 1)	nan
(54, 43, 7)	(43, 8, 2)	nan
(54, 43, 7)	(43, 32, 8)	(32, 8, 1)	nan
(54, 43, 7)	(43, 32, 8)	(32, 8, 1)	nan
(54, 43, 7)	(43, 32, 8)	(32, 8, 5)	nan
(54, 43, 7)	(43, 55, 0)	(55, 8, 1)	nan
(54, 43, 7)	(43, 89, 0)	(89, 8, 1)	nan
(54, 43, 7)	(43, 89, 7)	(89, 8, 1)	nan
