(55, 35, 8)	(35, 0, 0)	nan
(55, 35, 8)	(35, 0, 3)	nan
(55, 35, 8)	(35, 0, 4)	nan
(55, 35, 8)	(35, 68, 7)	(68, 0, 0)	nan
(55, 35, 8)	(35, 68, 7)	(68, 0, 6)	nan
(55, 35, 8)	(35, 56, 1)	(56, 0, 0)	nan
(55, 35, 8)	(35, 56, 1)	(56, 0, 4)	nan
(55, 35, 8)	(35, 30, 8)	(30, 0, 0)	nan
(55, 35, 8)	(35, 30, 8)	(30, 0, 4)	nan
(55, 35, 8)	(35, 52, 3)	(52, 0, 0)	nan
(55, 35, 8)	(35, 52, 3)	(52, 0, 1)	nan
(55, 35, 8)	(35, 75, 7)	(75, 0, 0)	nan
(55, 35, 8)	(35, 75, 7)	(75, 0, 2)	nan
(55, 35, 8)	(35, 88, 1)	(88, 0, 0)	nan
(55, 35, 8)	(35, 88, 1)	(88, 0, 3)	nan
(55, 35, 8)	(35, 88, 1)	(88, 0, 7)	nan
(55, 35, 8)	(35, 0, 0)	nan
(55, 35, 8)	(35, 0, 3)	nan
(55, 35, 8)	(35, 0, 4)	nan
(55, 35, 8)	(35, 68, 7)	(68, 0, 0)	nan
(55, 35, 8)	(35, 68, 7)	(68, 0, 6)	nan
(55, 35, 8)	(35, 56, 1)	(56, 0, 0)	nan
(55, 35, 8)	(35, 56, 1)	(56, 0, 4)	nan
(55, 35, 8)	(35, 30, 8)	(30, 0, 0)	nan
(55, 35, 8)	(35, 30, 8)	(30, 0, 4)	nan
(55, 35, 8)	(35, 52, 3)	(52, 0, 0)	nan
(55, 35, 8)	(35, 52, 3)	(52, 0, 1)	nan
(55, 35, 8)	(35, 75, 7)	(75, 0, 0)	nan
(55, 35, 8)	(35, 75, 7)	(75, 0, 2)	nan
(55, 35, 8)	(35, 88, 1)	(88, 0, 0)	nan
(55, 35, 8)	(35, 88, 1)	(88, 0, 3)	nan
(55, 35, 8)	(35, 88, 1)	(88, 0, 7)	nan
(55, 35, 3)	(35, 0, 0)	nan
(55, 35, 3)	(35, 0, 3)	nan
(55, 35, 3)	(35, 0, 4)	nan
(55, 35, 3)	(35, 68, 7)	(68, 0, 0)	nan
(55, 35, 3)	(35, 68, 7)	(68, 0, 6)	nan
(55, 35, 3)	(35, 56, 1)	(56, 0, 0)	nan
(55, 35, 3)	(35, 56, 1)	(56, 0, 4)	nan
(55, 35, 3)	(35, 30, 8)	(30, 0, 0)	nan
(55, 35, 3)	(35, 30, 8)	(30, 0, 4)	nan
(55, 35, 3)	(35, 52, 3)	(52, 0, 0)	nan
(55, 35, 3)	(35, 52, 3)	(52, 0, 1)	nan
(55, 35, 3)	(35, 75, 7)	(75, 0, 0)	nan
(55, 35, 3)	(35, 75, 7)	(75, 0, 2)	nan
(55, 35, 3)	(35, 88, 1)	(88, 0, 0)	nan
(55, 35, 3)	(35, 88, 1)	(88, 0, 3)	nan
(55, 35, 3)	(35, 88, 1)	(88, 0, 7)	nan
(55, 35, 5)	(35, 0, 0)	nan
(55, 35, 5)	(35, 0, 3)	nan
