(55, 35, 8)	(35, 10, 2)	nan
(55, 35, 8)	(35, 10, 5)	nan
(55, 35, 8)	(35, 74, 5)	(74, 10, 2)	nan
(55, 35, 8)	(35, 74, 5)	(74, 10, 7)	nan
(55, 35, 8)	(35, 68, 7)	(68, 10, 2)	nan
(55, 35, 8)	(35, 56, 1)	(56, 10, 2)	nan
(55, 35, 8)	(35, 56, 1)	(56, 10, 2)	nan
(55, 35, 8)	(35, 56, 1)	(56, 10, 7)	nan
(55, 35, 8)	(35, 52, 3)	(52, 10, 2)	nan
(55, 35, 8)	(35, 52, 3)	(52, 10, 2)	nan
(55, 35, 8)	(35, 52, 3)	(52, 10, 2)	nan
(55, 35, 8)	(35, 10, 2)	nan
(55, 35, 8)	(35, 10, 5)	nan
(55, 35, 8)	(35, 74, 5)	(74, 10, 2)	nan
(55, 35, 8)	(35, 74, 5)	(74, 10, 7)	nan
(55, 35, 8)	(35, 68, 7)	(68, 10, 2)	nan
(55, 35, 8)	(35, 56, 1)	(56, 10, 2)	nan
(55, 35, 8)	(35, 56, 1)	(56, 10, 2)	nan
(55, 35, 8)	(35, 56, 1)	(56, 10, 7)	nan
(55, 35, 8)	(35, 52, 3)	(52, 10, 2)	nan
(55, 35, 8)	(35, 52, 3)	(52, 10, 2)	nan
(55, 35, 8)	(35, 52, 3)	(52, 10, 2)	nan
(55, 35, 3)	(35, 10, 2)	nan
(55, 35, 3)	(35, 10, 5)	nan
(55, 35, 3)	(35, 74, 5)	(74, 10, 2)	nan
(55, 35, 3)	(35, 74, 5)	(74, 10, 7)	nan
(55, 35, 3)	(35, 68, 7)	(68, 10, 2)	nan
(55, 35, 3)	(35, 56, 1)	(56, 10, 2)	nan
(55, 35, 3)	(35, 56, 1)	(56, 10, 2)	nan
(55, 35, 3)	(35, 56, 1)	(56, 10, 7)	nan
(55, 35, 3)	(35, 52, 3)	(52, 10, 2)	nan
(55, 35, 3)	(35, 52, 3)	(52, 10, 2)	nan
(55, 35, 3)	(35, 52, 3)	(52, 10, 2)	nan
(55, 35, 5)	(35, 10, 2)	nan
(55, 35, 5)	(35, 10, 5)	nan
(55, 35, 5)	(35, 74, 5)	(74, 10, 2)	nan
(55, 35, 5)	(35, 74, 5)	(74, 10, 7)	nan
(55, 35, 5)	(35, 68, 7)	(68, 10, 2)	nan
(55, 35, 5)	(35, 56, 1)	(56, 10, 2)	nan
(55, 35, 5)	(35, 56, 1)	(56, 10, 2)	nan
(55, 35, 5)	(35, 56, 1)	(56, 10, 7)	nan
(55, 35, 5)	(35, 52, 3)	(52, 10, 2)	nan
(55, 35, 5)	(35, 52, 3)	(52, 10, 2)	nan
(55, 35, 5)	(35, 52, 3)	(52, 10, 2)	nan
(55, 10, 2)	nan
(55, 10, 4)	nan
(55, 64, 7)	(64, 29, 8)	(29, 10, 2)	nan
(55, 64, 7)	(64, 29, 8)	(29, 10, 2)	nan
(55, 64, 7)	(64, 29, 8)	(29, 10, 5)	nan
(55, 64, 7)	(64, 29, 8)	(29, 10, 4)	nan
(55, 64, 7)	(64, 29, 8)	(29, 10, 2)	nan
