(55, 15, 7)	nan
(55, 35, 8)	(35, 15, 3)	nan
(55, 35, 8)	(35, 15, 8)	nan
(55, 35, 8)	(35, 68, 7)	(68, 15, 3)	nan
(55, 35, 8)	(35, 56, 1)	(56, 15, 3)	nan
(55, 35, 8)	(35, 30, 8)	(30, 15, 3)	nan
(55, 35, 8)	(35, 75, 7)	(75, 15, 3)	nan
(55, 35, 8)	(35, 15, 3)	nan
(55, 35, 8)	(35, 15, 8)	nan
(55, 35, 8)	(35, 68, 7)	(68, 15, 3)	nan
(55, 35, 8)	(35, 56, 1)	(56, 15, 3)	nan
(55, 35, 8)	(35, 30, 8)	(30, 15, 3)	nan
(55, 35, 8)	(35, 75, 7)	(75, 15, 3)	nan
(55, 35, 3)	(35, 15, 3)	nan
(55, 35, 3)	(35, 15, 8)	nan
(55, 35, 3)	(35, 68, 7)	(68, 15, 3)	nan
(55, 35, 3)	(35, 56, 1)	(56, 15, 3)	nan
(55, 35, 3)	(35, 30, 8)	(30, 15, 3)	nan
(55, 35, 3)	(35, 75, 7)	(75, 15, 3)	nan
(55, 35, 5)	(35, 15, 3)	nan
(55, 35, 5)	(35, 15, 8)	nan
(55, 35, 5)	(35, 68, 7)	(68, 15, 3)	nan
(55, 35, 5)	(35, 56, 1)	(56, 15, 3)	nan
(55, 35, 5)	(35, 30, 8)	(30, 15, 3)	nan
(55, 35, 5)	(35, 75, 7)	(75, 15, 3)	nan
(55, 64, 7)	(64, 29, 8)	(29, 15, 3)	nan
(55, 64, 7)	(64, 29, 8)	(29, 15, 8)	nan
(55, 64, 7)	(64, 29, 8)	(29, 15, 3)	nan
(55, 64, 7)	(64, 29, 8)	(29, 15, 8)	nan
(55, 64, 7)	(64, 29, 4)	(29, 15, 3)	nan
(55, 64, 7)	(64, 29, 4)	(29, 15, 8)	nan
(55, 64, 7)	(64, 29, 6)	(29, 15, 3)	nan
(55, 64, 7)	(64, 29, 6)	(29, 15, 8)	nan
(55, 64, 7)	(64, 15, 3)	nan
(55, 64, 7)	(64, 15, 7)	nan
(55, 64, 7)	(64, 30, 8)	(30, 15, 3)	nan
(55, 64, 7)	(64, 30, 5)	(30, 15, 3)	nan
(55, 64, 7)	(64, 37, 3)	(37, 15, 3)	nan
(55, 64, 7)	(64, 60, 3)	(60, 15, 3)	nan
(55, 64, 7)	(64, 60, 3)	(60, 15, 3)	nan
(55, 64, 7)	(64, 60, 3)	(60, 15, 7)	nan
(55, 64, 7)	(64, 60, 3)	(60, 15, 0)	nan
(55, 64, 7)	(64, 51, 7)	(51, 15, 3)	nan
(55, 64, 7)	(64, 51, 7)	(51, 15, 7)	nan
(55, 30, 8)	(30, 72, 4)	(72, 15, 3)	nan
(55, 30, 8)	(30, 72, 4)	(72, 15, 3)	nan
(55, 30, 8)	(30, 72, 4)	(72, 15, 3)	nan
(55, 30, 8)	(30, 72, 4)	(72, 15, 3)	nan
(55, 30, 8)	(30, 60, 7)	(60, 15, 3)	nan
