(55, 18, 5)	nan
(55, 35, 8)	(35, 18, 4)	nan
(55, 35, 8)	(35, 18, 7)	nan
(55, 35, 8)	(35, 74, 5)	(74, 18, 4)	nan
(55, 35, 8)	(35, 68, 7)	(68, 18, 4)	nan
(55, 35, 8)	(35, 68, 7)	(68, 18, 4)	nan
(55, 35, 8)	(35, 68, 7)	(68, 18, 1)	nan
(55, 35, 8)	(35, 68, 7)	(68, 18, 7)	nan
(55, 35, 8)	(35, 56, 1)	(56, 18, 4)	nan
(55, 35, 8)	(35, 52, 3)	(52, 18, 4)	nan
(55, 35, 8)	(35, 88, 1)	(88, 18, 4)	nan
(55, 35, 8)	(35, 18, 4)	nan
(55, 35, 8)	(35, 18, 7)	nan
(55, 35, 8)	(35, 74, 5)	(74, 18, 4)	nan
(55, 35, 8)	(35, 68, 7)	(68, 18, 4)	nan
(55, 35, 8)	(35, 68, 7)	(68, 18, 4)	nan
(55, 35, 8)	(35, 68, 7)	(68, 18, 1)	nan
(55, 35, 8)	(35, 68, 7)	(68, 18, 7)	nan
(55, 35, 8)	(35, 56, 1)	(56, 18, 4)	nan
(55, 35, 8)	(35, 52, 3)	(52, 18, 4)	nan
(55, 35, 8)	(35, 88, 1)	(88, 18, 4)	nan
(55, 35, 3)	(35, 18, 4)	nan
(55, 35, 3)	(35, 18, 7)	nan
(55, 35, 3)	(35, 74, 5)	(74, 18, 4)	nan
(55, 35, 3)	(35, 68, 7)	(68, 18, 4)	nan
(55, 35, 3)	(35, 68, 7)	(68, 18, 4)	nan
(55, 35, 3)	(35, 68, 7)	(68, 18, 1)	nan
(55, 35, 3)	(35, 68, 7)	(68, 18, 7)	nan
(55, 35, 3)	(35, 56, 1)	(56, 18, 4)	nan
(55, 35, 3)	(35, 52, 3)	(52, 18, 4)	nan
(55, 35, 3)	(35, 88, 1)	(88, 18, 4)	nan
(55, 35, 5)	(35, 18, 4)	nan
(55, 35, 5)	(35, 18, 7)	nan
(55, 35, 5)	(35, 74, 5)	(74, 18, 4)	nan
(55, 35, 5)	(35, 68, 7)	(68, 18, 4)	nan
(55, 35, 5)	(35, 68, 7)	(68, 18, 4)	nan
(55, 35, 5)	(35, 68, 7)	(68, 18, 1)	nan
(55, 35, 5)	(35, 68, 7)	(68, 18, 7)	nan
(55, 35, 5)	(35, 56, 1)	(56, 18, 4)	nan
(55, 35, 5)	(35, 52, 3)	(52, 18, 4)	nan
(55, 35, 5)	(35, 88, 1)	(88, 18, 4)	nan
(55, 64, 7)	(64, 29, 8)	(29, 18, 4)	nan
(55, 64, 7)	(64, 29, 8)	(29, 18, 4)	nan
(55, 64, 7)	(64, 29, 4)	(29, 18, 4)	nan
(55, 64, 7)	(64, 29, 6)	(29, 18, 4)	nan
(55, 64, 7)	(64, 36, 7)	(36, 18, 7)	nan
(55, 64, 7)	(64, 36, 7)	(36, 18, 4)	nan
(55, 64, 7)	(64, 36, 7)	(36, 18, 4)	nan
(55, 64, 7)	(64, 36, 4)	(36, 18, 7)	nan
(55, 64, 7)	(64, 36, 4)	(36, 18, 4)	nan
