(55, 35, 8)	(35, 68, 7)	(68, 14, 3)	nan
(55, 35, 8)	(35, 68, 7)	(68, 14, 6)	nan
(55, 35, 8)	(35, 52, 3)	(52, 14, 3)	nan
(55, 35, 8)	(35, 88, 1)	(88, 14, 0)	nan
(55, 35, 8)	(35, 68, 7)	(68, 14, 3)	nan
(55, 35, 8)	(35, 68, 7)	(68, 14, 6)	nan
(55, 35, 8)	(35, 52, 3)	(52, 14, 3)	nan
(55, 35, 8)	(35, 88, 1)	(88, 14, 0)	nan
(55, 35, 3)	(35, 68, 7)	(68, 14, 3)	nan
(55, 35, 3)	(35, 68, 7)	(68, 14, 6)	nan
(55, 35, 3)	(35, 52, 3)	(52, 14, 3)	nan
(55, 35, 3)	(35, 88, 1)	(88, 14, 0)	nan
(55, 35, 5)	(35, 68, 7)	(68, 14, 3)	nan
(55, 35, 5)	(35, 68, 7)	(68, 14, 6)	nan
(55, 35, 5)	(35, 52, 3)	(52, 14, 3)	nan
(55, 35, 5)	(35, 88, 1)	(88, 14, 0)	nan
(55, 14, 3)	nan
(55, 14, 0)	nan
(55, 64, 7)	(64, 14, 3)	nan
(55, 64, 7)	(64, 14, 3)	nan
(55, 64, 7)	(64, 14, 3)	nan
(55, 64, 7)	(64, 33, 0)	(33, 14, 3)	nan
(55, 64, 7)	(64, 33, 0)	(33, 14, 2)	nan
(55, 64, 7)	(64, 83, 7)	(83, 14, 3)	nan
(55, 64, 7)	(64, 60, 3)	(60, 14, 5)	nan
(55, 64, 7)	(64, 52, 7)	(52, 14, 3)	nan
(55, 89, 3)	(89, 46, 7)	(46, 14, 3)	nan
(55, 89, 3)	(89, 46, 7)	(46, 14, 1)	nan
(55, 30, 8)	(30, 60, 7)	(60, 14, 5)	nan
(55, 30, 8)	(30, 60, 0)	(60, 14, 5)	nan
(55, 30, 8)	(30, 88, 5)	(88, 14, 0)	nan
(55, 50, 7)	(50, 14, 3)	nan
(55, 50, 7)	(50, 32, 8)	(32, 14, 3)	nan
(55, 50, 7)	(50, 32, 1)	(32, 14, 3)	nan
(55, 50, 7)	(50, 57, 3)	(57, 14, 3)	nan
(55, 50, 7)	(50, 78, 8)	(78, 14, 7)	nan
(55, 65, 7)	(65, 83, 0)	(83, 14, 3)	nan
(55, 65, 7)	(65, 33, 7)	(33, 14, 3)	nan
(55, 65, 7)	(65, 33, 7)	(33, 14, 2)	nan
(55, 65, 7)	(65, 33, 7)	(33, 14, 3)	nan
(55, 65, 7)	(65, 33, 7)	(33, 14, 2)	nan
(55, 65, 7)	(65, 68, 0)	(68, 14, 3)	nan
(55, 65, 7)	(65, 68, 0)	(68, 14, 6)	nan
(55, 65, 7)	(65, 53, 0)	(53, 14, 3)	nan
(55, 65, 7)	(65, 53, 0)	(53, 14, 3)	nan
(55, 65, 7)	(65, 53, 0)	(53, 14, 5)	nan
(55, 65, 7)	(65, 60, 1)	(60, 14, 5)	nan
(55, 81, 3)	(81, 14, 3)	nan
(55, 81, 3)	(81, 14, 3)	nan
(55, 81, 3)	(81, 32, 8)	(32, 14, 3)	nan
(55, 81, 3)	(81, 57, 7)	(57, 14, 3)	nan
