(55, 28, 0)	nan
(55, 28, 6)	nan
(55, 35, 8)	(35, 28, 7)	nan
(55, 35, 8)	(35, 28, 1)	nan
(55, 35, 8)	(35, 74, 5)	(74, 28, 7)	nan
(55, 35, 8)	(35, 74, 5)	(74, 28, 7)	nan
(55, 35, 8)	(35, 74, 5)	(74, 28, 8)	nan
(55, 35, 8)	(35, 74, 5)	(74, 28, 3)	nan
(55, 35, 8)	(35, 68, 7)	(68, 28, 7)	nan
(55, 35, 8)	(35, 68, 7)	(68, 28, 2)	nan
(55, 35, 8)	(35, 56, 1)	(56, 28, 7)	nan
(55, 35, 8)	(35, 56, 1)	(56, 28, 2)	nan
(55, 35, 8)	(35, 88, 1)	(88, 28, 7)	nan
(55, 35, 8)	(35, 88, 1)	(88, 28, 3)	nan
(55, 35, 8)	(35, 28, 7)	nan
(55, 35, 8)	(35, 28, 1)	nan
(55, 35, 8)	(35, 74, 5)	(74, 28, 7)	nan
(55, 35, 8)	(35, 74, 5)	(74, 28, 7)	nan
(55, 35, 8)	(35, 74, 5)	(74, 28, 8)	nan
(55, 35, 8)	(35, 74, 5)	(74, 28, 3)	nan
(55, 35, 8)	(35, 68, 7)	(68, 28, 7)	nan
(55, 35, 8)	(35, 68, 7)	(68, 28, 2)	nan
(55, 35, 8)	(35, 56, 1)	(56, 28, 7)	nan
(55, 35, 8)	(35, 56, 1)	(56, 28, 2)	nan
(55, 35, 8)	(35, 88, 1)	(88, 28, 7)	nan
(55, 35, 8)	(35, 88, 1)	(88, 28, 3)	nan
(55, 35, 3)	(35, 28, 7)	nan
(55, 35, 3)	(35, 28, 1)	nan
(55, 35, 3)	(35, 74, 5)	(74, 28, 7)	nan
(55, 35, 3)	(35, 74, 5)	(74, 28, 7)	nan
(55, 35, 3)	(35, 74, 5)	(74, 28, 8)	nan
(55, 35, 3)	(35, 74, 5)	(74, 28, 3)	nan
(55, 35, 3)	(35, 68, 7)	(68, 28, 7)	nan
(55, 35, 3)	(35, 68, 7)	(68, 28, 2)	nan
(55, 35, 3)	(35, 56, 1)	(56, 28, 7)	nan
(55, 35, 3)	(35, 56, 1)	(56, 28, 2)	nan
(55, 35, 3)	(35, 88, 1)	(88, 28, 7)	nan
(55, 35, 3)	(35, 88, 1)	(88, 28, 3)	nan
(55, 35, 5)	(35, 28, 7)	nan
(55, 35, 5)	(35, 28, 1)	nan
(55, 35, 5)	(35, 74, 5)	(74, 28, 7)	nan
(55, 35, 5)	(35, 74, 5)	(74, 28, 7)	nan
(55, 35, 5)	(35, 74, 5)	(74, 28, 8)	nan
(55, 35, 5)	(35, 74, 5)	(74, 28, 3)	nan
(55, 35, 5)	(35, 68, 7)	(68, 28, 7)	nan
(55, 35, 5)	(35, 68, 7)	(68, 28, 2)	nan
(55, 35, 5)	(35, 56, 1)	(56, 28, 7)	nan
(55, 35, 5)	(35, 56, 1)	(56, 28, 2)	nan
(55, 35, 5)	(35, 88, 1)	(88, 28, 7)	nan
