(55, 35, 8)	(35, 20, 5)	nan
(55, 35, 8)	(35, 20, 7)	nan
(55, 35, 8)	(35, 74, 5)	(74, 20, 5)	nan
(55, 35, 8)	(35, 74, 5)	(74, 20, 2)	nan
(55, 35, 8)	(35, 56, 1)	(56, 20, 2)	nan
(55, 35, 8)	(35, 56, 1)	(56, 20, 5)	nan
(55, 35, 8)	(35, 56, 1)	(56, 20, 5)	nan
(55, 35, 8)	(35, 52, 3)	(52, 20, 5)	nan
(55, 35, 8)	(35, 52, 3)	(52, 20, 5)	nan
(55, 35, 8)	(35, 52, 3)	(52, 20, 7)	nan
(55, 35, 8)	(35, 52, 3)	(52, 20, 1)	nan
(55, 35, 8)	(35, 75, 7)	(75, 20, 5)	nan
(55, 35, 8)	(35, 75, 7)	(75, 20, 7)	nan
(55, 35, 8)	(35, 20, 5)	nan
(55, 35, 8)	(35, 20, 7)	nan
(55, 35, 8)	(35, 74, 5)	(74, 20, 5)	nan
(55, 35, 8)	(35, 74, 5)	(74, 20, 2)	nan
(55, 35, 8)	(35, 56, 1)	(56, 20, 2)	nan
(55, 35, 8)	(35, 56, 1)	(56, 20, 5)	nan
(55, 35, 8)	(35, 56, 1)	(56, 20, 5)	nan
(55, 35, 8)	(35, 52, 3)	(52, 20, 5)	nan
(55, 35, 8)	(35, 52, 3)	(52, 20, 5)	nan
(55, 35, 8)	(35, 52, 3)	(52, 20, 7)	nan
(55, 35, 8)	(35, 52, 3)	(52, 20, 1)	nan
(55, 35, 8)	(35, 75, 7)	(75, 20, 5)	nan
(55, 35, 8)	(35, 75, 7)	(75, 20, 7)	nan
(55, 35, 3)	(35, 20, 5)	nan
(55, 35, 3)	(35, 20, 7)	nan
(55, 35, 3)	(35, 74, 5)	(74, 20, 5)	nan
(55, 35, 3)	(35, 74, 5)	(74, 20, 2)	nan
(55, 35, 3)	(35, 56, 1)	(56, 20, 2)	nan
(55, 35, 3)	(35, 56, 1)	(56, 20, 5)	nan
(55, 35, 3)	(35, 56, 1)	(56, 20, 5)	nan
(55, 35, 3)	(35, 52, 3)	(52, 20, 5)	nan
(55, 35, 3)	(35, 52, 3)	(52, 20, 5)	nan
(55, 35, 3)	(35, 52, 3)	(52, 20, 7)	nan
(55, 35, 3)	(35, 52, 3)	(52, 20, 1)	nan
(55, 35, 3)	(35, 75, 7)	(75, 20, 5)	nan
(55, 35, 3)	(35, 75, 7)	(75, 20, 7)	nan
(55, 35, 5)	(35, 20, 5)	nan
(55, 35, 5)	(35, 20, 7)	nan
(55, 35, 5)	(35, 74, 5)	(74, 20, 5)	nan
(55, 35, 5)	(35, 74, 5)	(74, 20, 2)	nan
(55, 35, 5)	(35, 56, 1)	(56, 20, 2)	nan
(55, 35, 5)	(35, 56, 1)	(56, 20, 5)	nan
(55, 35, 5)	(35, 56, 1)	(56, 20, 5)	nan
(55, 35, 5)	(35, 52, 3)	(52, 20, 5)	nan
(55, 35, 5)	(35, 52, 3)	(52, 20, 5)	nan
(55, 35, 5)	(35, 52, 3)	(52, 20, 7)	nan
(55, 35, 5)	(35, 52, 3)	(52, 20, 1)	nan
(55, 35, 5)	(35, 75, 7)	(75, 20, 5)	nan
