(55, 35, 8)	(35, 68, 7)	(68, 32, 8)	nan
(55, 35, 8)	(35, 68, 7)	(68, 32, 8)	nan
(55, 35, 8)	(35, 68, 7)	(68, 32, 6)	nan
(55, 35, 8)	(35, 68, 7)	(68, 32, 8)	nan
(55, 35, 8)	(35, 68, 7)	(68, 32, 8)	nan
(55, 35, 8)	(35, 68, 7)	(68, 32, 6)	nan
(55, 35, 3)	(35, 68, 7)	(68, 32, 8)	nan
(55, 35, 3)	(35, 68, 7)	(68, 32, 8)	nan
(55, 35, 3)	(35, 68, 7)	(68, 32, 6)	nan
(55, 35, 5)	(35, 68, 7)	(68, 32, 8)	nan
(55, 35, 5)	(35, 68, 7)	(68, 32, 8)	nan
(55, 35, 5)	(35, 68, 7)	(68, 32, 6)	nan
(55, 64, 7)	(64, 37, 3)	(37, 32, 8)	nan
(55, 64, 7)	(64, 60, 3)	(60, 32, 8)	nan
(55, 64, 7)	(64, 36, 7)	(36, 32, 5)	nan
(55, 64, 7)	(64, 36, 4)	(36, 32, 5)	nan
(55, 30, 8)	(30, 60, 7)	(60, 32, 8)	nan
(55, 30, 8)	(30, 60, 0)	(60, 32, 8)	nan
(55, 50, 7)	(50, 32, 8)	nan
(55, 50, 7)	(50, 32, 1)	nan
(55, 50, 7)	(50, 36, 5)	(36, 32, 5)	nan
(55, 50, 7)	(50, 31, 7)	(31, 32, 0)	nan
(55, 50, 7)	(50, 57, 3)	(57, 32, 8)	nan
(55, 50, 7)	(50, 57, 3)	(57, 32, 1)	nan
(55, 65, 7)	(65, 41, 0)	(41, 32, 7)	nan
(55, 65, 7)	(65, 41, 5)	(41, 32, 7)	nan
(55, 65, 7)	(65, 68, 0)	(68, 32, 8)	nan
(55, 65, 7)	(65, 68, 0)	(68, 32, 8)	nan
(55, 65, 7)	(65, 68, 0)	(68, 32, 6)	nan
(55, 65, 7)	(65, 60, 1)	(60, 32, 8)	nan
(55, 81, 3)	(81, 76, 0)	(76, 32, 8)	nan
(55, 81, 3)	(81, 76, 0)	(76, 32, 8)	nan
(55, 81, 3)	(81, 76, 0)	(76, 32, 0)	nan
(55, 81, 3)	(81, 32, 8)	nan
(55, 81, 3)	(81, 57, 7)	(57, 32, 8)	nan
(55, 81, 3)	(81, 57, 7)	(57, 32, 1)	nan
(55, 68, 4)	(68, 32, 8)	nan
(55, 68, 4)	(68, 32, 8)	nan
(55, 68, 4)	(68, 32, 6)	nan
(55, 68, 4)	(68, 36, 7)	(36, 32, 5)	nan
