(55, 35, 8)	(35, 56, 1)	(56, 5, 0)	nan
(55, 35, 8)	(35, 75, 7)	(75, 5, 0)	nan
(55, 35, 8)	(35, 56, 1)	(56, 5, 0)	nan
(55, 35, 8)	(35, 75, 7)	(75, 5, 0)	nan
(55, 35, 3)	(35, 56, 1)	(56, 5, 0)	nan
(55, 35, 3)	(35, 75, 7)	(75, 5, 0)	nan
(55, 35, 5)	(35, 56, 1)	(56, 5, 0)	nan
(55, 35, 5)	(35, 75, 7)	(75, 5, 0)	nan
(55, 64, 7)	(64, 37, 3)	(37, 5, 0)	nan
(55, 64, 7)	(64, 5, 0)	nan
(55, 64, 7)	(64, 51, 7)	(51, 5, 0)	nan
(55, 89, 3)	(89, 46, 7)	(46, 5, 0)	nan
(55, 30, 8)	(30, 72, 4)	(72, 5, 0)	nan
(55, 30, 8)	(30, 75, 7)	(75, 5, 0)	nan
(55, 30, 8)	(30, 34, 8)	(34, 5, 0)	nan
(55, 50, 7)	(50, 34, 8)	(34, 5, 0)	nan
(55, 50, 7)	(50, 31, 7)	(31, 5, 0)	nan
(55, 50, 7)	(50, 5, 0)	nan
(55, 65, 7)	(65, 79, 5)	(79, 5, 0)	nan
(55, 65, 7)	(65, 41, 0)	(41, 5, 0)	nan
(55, 65, 7)	(65, 41, 5)	(41, 5, 0)	nan
(55, 81, 3)	(81, 5, 0)	nan
(55, 81, 3)	(81, 5, 0)	nan
(55, 81, 3)	(81, 69, 0)	(69, 5, 0)	nan
(55, 68, 4)	(68, 72, 8)	(72, 5, 0)	nan
