(55, 35, 8)	(35, 6, 1)	nan
(55, 35, 8)	(35, 6, 1)	nan
(55, 35, 8)	(35, 74, 5)	(74, 6, 1)	nan
(55, 35, 8)	(35, 74, 5)	(74, 6, 1)	nan
(55, 35, 8)	(35, 74, 5)	(74, 6, 3)	nan
(55, 35, 8)	(35, 74, 5)	(74, 6, 2)	nan
(55, 35, 8)	(35, 68, 7)	(68, 6, 1)	nan
(55, 35, 8)	(35, 68, 7)	(68, 6, 1)	nan
(55, 35, 8)	(35, 68, 7)	(68, 6, 3)	nan
(55, 35, 8)	(35, 56, 1)	(56, 6, 5)	nan
(55, 35, 8)	(35, 52, 3)	(52, 6, 1)	nan
(55, 35, 8)	(35, 52, 3)	(52, 6, 0)	nan
(55, 35, 8)	(35, 88, 1)	(88, 6, 1)	nan
(55, 35, 8)	(35, 6, 1)	nan
(55, 35, 8)	(35, 6, 1)	nan
(55, 35, 8)	(35, 74, 5)	(74, 6, 1)	nan
(55, 35, 8)	(35, 74, 5)	(74, 6, 1)	nan
(55, 35, 8)	(35, 74, 5)	(74, 6, 3)	nan
(55, 35, 8)	(35, 74, 5)	(74, 6, 2)	nan
(55, 35, 8)	(35, 68, 7)	(68, 6, 1)	nan
(55, 35, 8)	(35, 68, 7)	(68, 6, 1)	nan
(55, 35, 8)	(35, 68, 7)	(68, 6, 3)	nan
(55, 35, 8)	(35, 56, 1)	(56, 6, 5)	nan
(55, 35, 8)	(35, 52, 3)	(52, 6, 1)	nan
(55, 35, 8)	(35, 52, 3)	(52, 6, 0)	nan
(55, 35, 8)	(35, 88, 1)	(88, 6, 1)	nan
(55, 35, 3)	(35, 6, 1)	nan
(55, 35, 3)	(35, 6, 1)	nan
(55, 35, 3)	(35, 74, 5)	(74, 6, 1)	nan
(55, 35, 3)	(35, 74, 5)	(74, 6, 1)	nan
(55, 35, 3)	(35, 74, 5)	(74, 6, 3)	nan
(55, 35, 3)	(35, 74, 5)	(74, 6, 2)	nan
(55, 35, 3)	(35, 68, 7)	(68, 6, 1)	nan
(55, 35, 3)	(35, 68, 7)	(68, 6, 1)	nan
(55, 35, 3)	(35, 68, 7)	(68, 6, 3)	nan
(55, 35, 3)	(35, 56, 1)	(56, 6, 5)	nan
(55, 35, 3)	(35, 52, 3)	(52, 6, 1)	nan
(55, 35, 3)	(35, 52, 3)	(52, 6, 0)	nan
(55, 35, 3)	(35, 88, 1)	(88, 6, 1)	nan
(55, 35, 5)	(35, 6, 1)	nan
(55, 35, 5)	(35, 6, 1)	nan
(55, 35, 5)	(35, 74, 5)	(74, 6, 1)	nan
(55, 35, 5)	(35, 74, 5)	(74, 6, 1)	nan
(55, 35, 5)	(35, 74, 5)	(74, 6, 3)	nan
(55, 35, 5)	(35, 74, 5)	(74, 6, 2)	nan
(55, 35, 5)	(35, 68, 7)	(68, 6, 1)	nan
(55, 35, 5)	(35, 68, 7)	(68, 6, 1)	nan
(55, 35, 5)	(35, 68, 7)	(68, 6, 3)	nan
(55, 35, 5)	(35, 56, 1)	(56, 6, 5)	nan
(55, 35, 5)	(35, 52, 3)	(52, 6, 1)	nan
(55, 35, 5)	(35, 52, 3)	(52, 6, 0)	nan
