(55, 35, 8)	(35, 7, 1)	nan
(55, 35, 8)	(35, 7, 0)	nan
(55, 35, 8)	(35, 74, 5)	(74, 7, 1)	nan
(55, 35, 8)	(35, 68, 7)	(68, 7, 5)	nan
(55, 35, 8)	(35, 30, 8)	(30, 7, 1)	nan
(55, 35, 8)	(35, 30, 8)	(30, 7, 4)	nan
(55, 35, 8)	(35, 52, 3)	(52, 7, 1)	nan
(55, 35, 8)	(35, 52, 3)	(52, 7, 0)	nan
(55, 35, 8)	(35, 75, 7)	(75, 7, 1)	nan
(55, 35, 8)	(35, 75, 7)	(75, 7, 5)	nan
(55, 35, 8)	(35, 7, 1)	nan
(55, 35, 8)	(35, 7, 0)	nan
(55, 35, 8)	(35, 74, 5)	(74, 7, 1)	nan
(55, 35, 8)	(35, 68, 7)	(68, 7, 5)	nan
(55, 35, 8)	(35, 30, 8)	(30, 7, 1)	nan
(55, 35, 8)	(35, 30, 8)	(30, 7, 4)	nan
(55, 35, 8)	(35, 52, 3)	(52, 7, 1)	nan
(55, 35, 8)	(35, 52, 3)	(52, 7, 0)	nan
(55, 35, 8)	(35, 75, 7)	(75, 7, 1)	nan
(55, 35, 8)	(35, 75, 7)	(75, 7, 5)	nan
(55, 35, 3)	(35, 7, 1)	nan
(55, 35, 3)	(35, 7, 0)	nan
(55, 35, 3)	(35, 74, 5)	(74, 7, 1)	nan
(55, 35, 3)	(35, 68, 7)	(68, 7, 5)	nan
(55, 35, 3)	(35, 30, 8)	(30, 7, 1)	nan
(55, 35, 3)	(35, 30, 8)	(30, 7, 4)	nan
(55, 35, 3)	(35, 52, 3)	(52, 7, 1)	nan
(55, 35, 3)	(35, 52, 3)	(52, 7, 0)	nan
(55, 35, 3)	(35, 75, 7)	(75, 7, 1)	nan
(55, 35, 3)	(35, 75, 7)	(75, 7, 5)	nan
(55, 35, 5)	(35, 7, 1)	nan
(55, 35, 5)	(35, 7, 0)	nan
(55, 35, 5)	(35, 74, 5)	(74, 7, 1)	nan
(55, 35, 5)	(35, 68, 7)	(68, 7, 5)	nan
(55, 35, 5)	(35, 30, 8)	(30, 7, 1)	nan
(55, 35, 5)	(35, 30, 8)	(30, 7, 4)	nan
(55, 35, 5)	(35, 52, 3)	(52, 7, 1)	nan
(55, 35, 5)	(35, 52, 3)	(52, 7, 0)	nan
(55, 35, 5)	(35, 75, 7)	(75, 7, 1)	nan
(55, 35, 5)	(35, 75, 7)	(75, 7, 5)	nan
(55, 7, 1)	nan
(55, 7, 2)	nan
(55, 64, 7)	(64, 30, 8)	(30, 7, 1)	nan
(55, 64, 7)	(64, 30, 8)	(30, 7, 4)	nan
(55, 64, 7)	(64, 30, 5)	(30, 7, 1)	nan
(55, 64, 7)	(64, 30, 5)	(30, 7, 4)	nan
(55, 64, 7)	(64, 83, 7)	(83, 7, 1)	nan
(55, 64, 7)	(64, 83, 7)	(83, 7, 3)	nan
(55, 64, 7)	(64, 37, 3)	(37, 7, 1)	nan
(55, 64, 7)	(64, 37, 3)	(37, 7, 1)	nan
(55, 64, 7)	(64, 60, 3)	(60, 7, 1)	nan
