(55, 35, 8)	(35, 8, 1)	nan
(55, 35, 8)	(35, 8, 4)	nan
(55, 35, 8)	(35, 68, 7)	(68, 8, 1)	nan
(55, 35, 8)	(35, 68, 7)	(68, 8, 8)	nan
(55, 35, 8)	(35, 52, 3)	(52, 8, 1)	nan
(55, 35, 8)	(35, 52, 3)	(52, 8, 5)	nan
(55, 35, 8)	(35, 52, 3)	(52, 8, 3)	nan
(55, 35, 8)	(35, 75, 7)	(75, 8, 1)	nan
(55, 35, 8)	(35, 75, 7)	(75, 8, 4)	nan
(55, 35, 8)	(35, 88, 1)	(88, 8, 1)	nan
(55, 35, 8)	(35, 88, 1)	(88, 8, 1)	nan
(55, 35, 8)	(35, 8, 1)	nan
(55, 35, 8)	(35, 8, 4)	nan
(55, 35, 8)	(35, 68, 7)	(68, 8, 1)	nan
(55, 35, 8)	(35, 68, 7)	(68, 8, 8)	nan
(55, 35, 8)	(35, 52, 3)	(52, 8, 1)	nan
(55, 35, 8)	(35, 52, 3)	(52, 8, 5)	nan
(55, 35, 8)	(35, 52, 3)	(52, 8, 3)	nan
(55, 35, 8)	(35, 75, 7)	(75, 8, 1)	nan
(55, 35, 8)	(35, 75, 7)	(75, 8, 4)	nan
(55, 35, 8)	(35, 88, 1)	(88, 8, 1)	nan
(55, 35, 8)	(35, 88, 1)	(88, 8, 1)	nan
(55, 35, 3)	(35, 8, 1)	nan
(55, 35, 3)	(35, 8, 4)	nan
(55, 35, 3)	(35, 68, 7)	(68, 8, 1)	nan
(55, 35, 3)	(35, 68, 7)	(68, 8, 8)	nan
(55, 35, 3)	(35, 52, 3)	(52, 8, 1)	nan
(55, 35, 3)	(35, 52, 3)	(52, 8, 5)	nan
(55, 35, 3)	(35, 52, 3)	(52, 8, 3)	nan
(55, 35, 3)	(35, 75, 7)	(75, 8, 1)	nan
(55, 35, 3)	(35, 75, 7)	(75, 8, 4)	nan
(55, 35, 3)	(35, 88, 1)	(88, 8, 1)	nan
(55, 35, 3)	(35, 88, 1)	(88, 8, 1)	nan
(55, 35, 5)	(35, 8, 1)	nan
(55, 35, 5)	(35, 8, 4)	nan
(55, 35, 5)	(35, 68, 7)	(68, 8, 1)	nan
(55, 35, 5)	(35, 68, 7)	(68, 8, 8)	nan
(55, 35, 5)	(35, 52, 3)	(52, 8, 1)	nan
(55, 35, 5)	(35, 52, 3)	(52, 8, 5)	nan
(55, 35, 5)	(35, 52, 3)	(52, 8, 3)	nan
(55, 35, 5)	(35, 75, 7)	(75, 8, 1)	nan
(55, 35, 5)	(35, 75, 7)	(75, 8, 4)	nan
(55, 35, 5)	(35, 88, 1)	(88, 8, 1)	nan
(55, 35, 5)	(35, 88, 1)	(88, 8, 1)	nan
(55, 8, 1)	nan
(55, 64, 7)	(64, 29, 8)	(29, 8, 1)	nan
(55, 64, 7)	(64, 29, 8)	(29, 8, 1)	nan
(55, 64, 7)	(64, 29, 4)	(29, 8, 1)	nan
(55, 64, 7)	(64, 29, 6)	(29, 8, 1)	nan
(55, 64, 7)	(64, 8, 1)	nan
(55, 64, 7)	(64, 8, 3)	nan
