(56, 35, 8)	(35, 0, 0)	nan
(56, 35, 8)	(35, 0, 3)	nan
(56, 35, 8)	(35, 0, 4)	nan
(56, 35, 8)	(35, 68, 7)	(68, 0, 0)	nan
(56, 35, 8)	(35, 68, 7)	(68, 0, 6)	nan
(56, 35, 8)	(35, 30, 8)	(30, 0, 0)	nan
(56, 35, 8)	(35, 30, 8)	(30, 0, 4)	nan
(56, 35, 8)	(35, 52, 3)	(52, 0, 0)	nan
(56, 35, 8)	(35, 52, 3)	(52, 0, 1)	nan
(56, 35, 8)	(35, 75, 7)	(75, 0, 0)	nan
(56, 35, 8)	(35, 75, 7)	(75, 0, 2)	nan
(56, 35, 8)	(35, 88, 1)	(88, 0, 0)	nan
(56, 35, 8)	(35, 88, 1)	(88, 0, 3)	nan
(56, 35, 8)	(35, 88, 1)	(88, 0, 7)	nan
(56, 35, 8)	(35, 0, 0)	nan
(56, 35, 8)	(35, 0, 3)	nan
(56, 35, 8)	(35, 0, 4)	nan
(56, 35, 8)	(35, 68, 7)	(68, 0, 0)	nan
(56, 35, 8)	(35, 68, 7)	(68, 0, 6)	nan
(56, 35, 8)	(35, 30, 8)	(30, 0, 0)	nan
(56, 35, 8)	(35, 30, 8)	(30, 0, 4)	nan
(56, 35, 8)	(35, 52, 3)	(52, 0, 0)	nan
(56, 35, 8)	(35, 52, 3)	(52, 0, 1)	nan
(56, 35, 8)	(35, 75, 7)	(75, 0, 0)	nan
(56, 35, 8)	(35, 75, 7)	(75, 0, 2)	nan
(56, 35, 8)	(35, 88, 1)	(88, 0, 0)	nan
(56, 35, 8)	(35, 88, 1)	(88, 0, 3)	nan
(56, 35, 8)	(35, 88, 1)	(88, 0, 7)	nan
(56, 35, 4)	(35, 0, 0)	nan
(56, 35, 4)	(35, 0, 3)	nan
(56, 35, 4)	(35, 0, 4)	nan
(56, 35, 4)	(35, 68, 7)	(68, 0, 0)	nan
(56, 35, 4)	(35, 68, 7)	(68, 0, 6)	nan
(56, 35, 4)	(35, 30, 8)	(30, 0, 0)	nan
(56, 35, 4)	(35, 30, 8)	(30, 0, 4)	nan
(56, 35, 4)	(35, 52, 3)	(52, 0, 0)	nan
(56, 35, 4)	(35, 52, 3)	(52, 0, 1)	nan
(56, 35, 4)	(35, 75, 7)	(75, 0, 0)	nan
(56, 35, 4)	(35, 75, 7)	(75, 0, 2)	nan
(56, 35, 4)	(35, 88, 1)	(88, 0, 0)	nan
(56, 35, 4)	(35, 88, 1)	(88, 0, 3)	nan
(56, 35, 4)	(35, 88, 1)	(88, 0, 7)	nan
(56, 0, 0)	nan
(56, 0, 4)	nan
(56, 70, 4)	(70, 34, 8)	(34, 0, 0)	nan
(56, 70, 4)	(70, 34, 8)	(34, 0, 2)	nan
(56, 70, 4)	(70, 34, 8)	(34, 0, 0)	nan
(56, 70, 4)	(70, 34, 8)	(34, 0, 2)	nan
(56, 70, 4)	(70, 34, 7)	(34, 0, 0)	nan
(56, 70, 4)	(70, 34, 7)	(34, 0, 2)	nan
(56, 70, 4)	(70, 0, 0)	nan
