(56, 35, 8)	(35, 15, 3)	nan
(56, 35, 8)	(35, 15, 8)	nan
(56, 35, 8)	(35, 68, 7)	(68, 15, 3)	nan
(56, 35, 8)	(35, 30, 8)	(30, 15, 3)	nan
(56, 35, 8)	(35, 75, 7)	(75, 15, 3)	nan
(56, 35, 8)	(35, 15, 3)	nan
(56, 35, 8)	(35, 15, 8)	nan
(56, 35, 8)	(35, 68, 7)	(68, 15, 3)	nan
(56, 35, 8)	(35, 30, 8)	(30, 15, 3)	nan
(56, 35, 8)	(35, 75, 7)	(75, 15, 3)	nan
(56, 35, 4)	(35, 15, 3)	nan
(56, 35, 4)	(35, 15, 8)	nan
(56, 35, 4)	(35, 68, 7)	(68, 15, 3)	nan
(56, 35, 4)	(35, 30, 8)	(30, 15, 3)	nan
(56, 35, 4)	(35, 75, 7)	(75, 15, 3)	nan
(56, 15, 3)	nan
(56, 70, 4)	(70, 34, 8)	(34, 15, 3)	nan
(56, 70, 4)	(70, 34, 8)	(34, 15, 1)	nan
(56, 70, 4)	(70, 34, 8)	(34, 15, 3)	nan
(56, 70, 4)	(70, 34, 8)	(34, 15, 1)	nan
(56, 70, 4)	(70, 34, 7)	(34, 15, 3)	nan
(56, 70, 4)	(70, 34, 7)	(34, 15, 1)	nan
(56, 70, 4)	(70, 51, 1)	(51, 15, 3)	nan
(56, 70, 4)	(70, 51, 1)	(51, 15, 7)	nan
(56, 29, 8)	(29, 15, 3)	nan
(56, 29, 8)	(29, 15, 8)	nan
(56, 29, 8)	(29, 50, 5)	(50, 15, 3)	nan
(56, 29, 8)	(29, 50, 5)	(50, 15, 3)	nan
(56, 29, 8)	(29, 35, 1)	(35, 15, 3)	nan
(56, 29, 8)	(29, 35, 1)	(35, 15, 8)	nan
(56, 29, 8)	(29, 76, 3)	(76, 15, 3)	nan
(56, 29, 8)	(29, 76, 3)	(76, 15, 3)	nan
(56, 29, 8)	(29, 86, 1)	(86, 15, 3)	nan
(56, 29, 8)	(29, 61, 7)	(61, 15, 3)	nan
(56, 29, 8)	(29, 61, 7)	(61, 15, 3)	nan
(56, 29, 8)	(29, 61, 7)	(61, 15, 7)	nan
(56, 33, 8)	(33, 54, 2)	(54, 15, 3)	nan
(56, 33, 8)	(33, 54, 2)	(54, 15, 2)	nan
(56, 33, 8)	(33, 50, 3)	(50, 15, 3)	nan
(56, 33, 8)	(33, 50, 3)	(50, 15, 3)	nan
(56, 33, 8)	(33, 41, 1)	(41, 15, 3)	nan
(56, 33, 8)	(33, 41, 1)	(41, 15, 0)	nan
(56, 33, 8)	(33, 29, 2)	(29, 15, 3)	nan
(56, 33, 8)	(33, 29, 2)	(29, 15, 8)	nan
(56, 41, 2)	(41, 30, 8)	(30, 15, 3)	nan
(56, 41, 2)	(41, 30, 1)	(30, 15, 3)	nan
(56, 41, 2)	(41, 15, 3)	nan
(56, 41, 2)	(41, 15, 0)	nan
(56, 41, 2)	(41, 82, 0)	(82, 15, 3)	nan
(56, 41, 2)	(41, 82, 0)	(82, 15, 3)	nan
(56, 41, 2)	(41, 82, 0)	(82, 15, 6)	nan
