(56, 35, 8)	(35, 12, 3)	nan
(56, 35, 8)	(35, 12, 3)	nan
(56, 35, 8)	(35, 12, 4)	nan
(56, 35, 8)	(35, 30, 8)	(30, 12, 3)	nan
(56, 35, 8)	(35, 12, 3)	nan
(56, 35, 8)	(35, 12, 3)	nan
(56, 35, 8)	(35, 12, 4)	nan
(56, 35, 8)	(35, 30, 8)	(30, 12, 3)	nan
(56, 35, 4)	(35, 12, 3)	nan
(56, 35, 4)	(35, 12, 3)	nan
(56, 35, 4)	(35, 12, 4)	nan
(56, 35, 4)	(35, 30, 8)	(30, 12, 3)	nan
(56, 12, 3)	nan
(56, 12, 8)	nan
(56, 70, 4)	(70, 34, 8)	(34, 12, 3)	nan
(56, 70, 4)	(70, 34, 8)	(34, 12, 3)	nan
(56, 70, 4)	(70, 34, 7)	(34, 12, 3)	nan
(56, 70, 4)	(70, 12, 3)	nan
(56, 29, 8)	(29, 12, 3)	nan
(56, 29, 8)	(29, 12, 4)	nan
(56, 29, 8)	(29, 35, 1)	(35, 12, 3)	nan
(56, 29, 8)	(29, 35, 1)	(35, 12, 3)	nan
(56, 29, 8)	(29, 35, 1)	(35, 12, 4)	nan
(56, 29, 8)	(29, 86, 1)	(86, 12, 7)	nan
(56, 33, 8)	(33, 12, 3)	nan
(56, 33, 8)	(33, 54, 2)	(54, 12, 3)	nan
(56, 33, 8)	(33, 54, 2)	(54, 12, 3)	nan
(56, 33, 8)	(33, 54, 2)	(54, 12, 8)	nan
(56, 33, 8)	(33, 54, 2)	(54, 12, 1)	nan
(56, 33, 8)	(33, 54, 2)	(54, 12, 1)	nan
(56, 33, 8)	(33, 87, 3)	(87, 12, 3)	nan
(56, 33, 8)	(33, 29, 2)	(29, 12, 3)	nan
(56, 33, 8)	(33, 29, 2)	(29, 12, 4)	nan
(56, 41, 2)	(41, 30, 8)	(30, 12, 3)	nan
(56, 41, 2)	(41, 30, 1)	(30, 12, 3)	nan
(56, 41, 2)	(41, 32, 7)	(32, 12, 3)	nan
(56, 41, 2)	(41, 32, 7)	(32, 12, 4)	nan
(56, 41, 2)	(41, 82, 0)	(82, 12, 3)	nan
(56, 41, 2)	(41, 29, 5)	(29, 12, 3)	nan
(56, 41, 2)	(41, 29, 5)	(29, 12, 4)	nan
(56, 41, 2)	(41, 34, 8)	(34, 12, 3)	nan
(56, 41, 2)	(41, 35, 8)	(35, 12, 3)	nan
(56, 41, 2)	(41, 35, 8)	(35, 12, 3)	nan
(56, 41, 2)	(41, 35, 8)	(35, 12, 4)	nan
(56, 30, 8)	(30, 12, 3)	nan
(56, 30, 8)	(30, 34, 8)	(34, 12, 3)	nan
(56, 30, 8)	(30, 85, 0)	(85, 12, 3)	nan
(56, 37, 7)	(37, 64, 8)	(64, 12, 3)	nan
(56, 37, 7)	(37, 64, 8)	(64, 12, 3)	nan
(56, 37, 7)	(37, 64, 8)	(64, 12, 5)	nan
(56, 37, 7)	(37, 64, 8)	(64, 12, 7)	nan
