(56, 35, 8)	(35, 30, 8)	(30, 17, 3)	nan
(56, 35, 8)	(35, 30, 8)	(30, 17, 3)	nan
(56, 35, 4)	(35, 30, 8)	(30, 17, 3)	nan
(56, 17, 3)	nan
(56, 17, 1)	nan
(56, 70, 4)	(70, 34, 8)	(34, 17, 3)	nan
(56, 70, 4)	(70, 34, 8)	(34, 17, 3)	nan
(56, 70, 4)	(70, 34, 8)	(34, 17, 0)	nan
(56, 70, 4)	(70, 34, 8)	(34, 17, 3)	nan
(56, 70, 4)	(70, 34, 8)	(34, 17, 3)	nan
(56, 70, 4)	(70, 34, 8)	(34, 17, 0)	nan
(56, 70, 4)	(70, 34, 7)	(34, 17, 3)	nan
(56, 70, 4)	(70, 34, 7)	(34, 17, 3)	nan
(56, 70, 4)	(70, 34, 7)	(34, 17, 0)	nan
(56, 70, 4)	(70, 51, 1)	(51, 17, 3)	nan
(56, 29, 8)	(29, 17, 3)	nan
(56, 29, 8)	(29, 17, 3)	nan
(56, 29, 8)	(29, 17, 0)	nan
(56, 33, 8)	(33, 17, 3)	nan
(56, 33, 8)	(33, 54, 2)	(54, 17, 3)	nan
(56, 33, 8)	(33, 54, 2)	(54, 17, 3)	nan
(56, 33, 8)	(33, 54, 2)	(54, 17, 7)	nan
(56, 33, 8)	(33, 54, 2)	(54, 17, 4)	nan
(56, 33, 8)	(33, 29, 2)	(29, 17, 3)	nan
(56, 33, 8)	(33, 29, 2)	(29, 17, 3)	nan
(56, 33, 8)	(33, 29, 2)	(29, 17, 0)	nan
(56, 41, 2)	(41, 30, 8)	(30, 17, 3)	nan
(56, 41, 2)	(41, 30, 1)	(30, 17, 3)	nan
(56, 41, 2)	(41, 38, 7)	(38, 17, 3)	nan
(56, 41, 2)	(41, 38, 7)	(38, 17, 3)	nan
(56, 41, 2)	(41, 29, 5)	(29, 17, 3)	nan
(56, 41, 2)	(41, 29, 5)	(29, 17, 3)	nan
(56, 41, 2)	(41, 29, 5)	(29, 17, 0)	nan
(56, 41, 2)	(41, 34, 8)	(34, 17, 3)	nan
(56, 41, 2)	(41, 34, 8)	(34, 17, 3)	nan
(56, 41, 2)	(41, 34, 8)	(34, 17, 0)	nan
(56, 30, 8)	(30, 17, 3)	nan
(56, 30, 8)	(30, 34, 8)	(34, 17, 3)	nan
(56, 30, 8)	(30, 34, 8)	(34, 17, 3)	nan
(56, 30, 8)	(30, 34, 8)	(34, 17, 0)	nan
(56, 59, 4)	(59, 17, 3)	nan
(56, 59, 4)	(59, 17, 4)	nan
(56, 59, 4)	(59, 29, 3)	(29, 17, 3)	nan
(56, 59, 4)	(59, 29, 3)	(29, 17, 3)	nan
(56, 59, 4)	(59, 29, 3)	(29, 17, 0)	nan
(56, 59, 4)	(59, 77, 3)	(77, 17, 3)	nan
(56, 59, 4)	(59, 81, 3)	(81, 17, 3)	nan
(56, 59, 4)	(59, 33, 8)	(33, 17, 3)	nan
(56, 59, 4)	(59, 66, 7)	(66, 17, 3)	nan
(56, 59, 4)	(59, 66, 7)	(66, 17, 3)	nan
(56, 42, 7)	(42, 29, 7)	(29, 17, 3)	nan
