(56, 35, 8)	(35, 30, 8)	(30, 13, 3)	nan
(56, 35, 8)	(35, 88, 1)	(88, 13, 7)	nan
(56, 35, 8)	(35, 13, 3)	nan
(56, 35, 8)	(35, 30, 8)	(30, 13, 3)	nan
(56, 35, 8)	(35, 88, 1)	(88, 13, 7)	nan
(56, 35, 8)	(35, 13, 3)	nan
(56, 35, 4)	(35, 30, 8)	(30, 13, 3)	nan
(56, 35, 4)	(35, 88, 1)	(88, 13, 7)	nan
(56, 35, 4)	(35, 13, 3)	nan
(56, 70, 4)	(70, 34, 8)	(34, 13, 3)	nan
(56, 70, 4)	(70, 34, 8)	(34, 13, 6)	nan
(56, 70, 4)	(70, 34, 8)	(34, 13, 3)	nan
(56, 70, 4)	(70, 34, 8)	(34, 13, 6)	nan
(56, 70, 4)	(70, 34, 7)	(34, 13, 3)	nan
(56, 70, 4)	(70, 34, 7)	(34, 13, 6)	nan
(56, 29, 8)	(29, 88, 0)	(88, 13, 7)	nan
(56, 29, 8)	(29, 13, 3)	nan
(56, 29, 8)	(29, 13, 3)	nan
(56, 29, 8)	(29, 35, 1)	(35, 13, 3)	nan
(56, 29, 8)	(29, 76, 3)	(76, 13, 1)	nan
(56, 33, 8)	(33, 54, 2)	(54, 13, 3)	nan
(56, 33, 8)	(33, 54, 2)	(54, 13, 3)	nan
(56, 33, 8)	(33, 54, 2)	(54, 13, 3)	nan
(56, 33, 8)	(33, 13, 7)	nan
(56, 33, 8)	(33, 29, 2)	(29, 13, 3)	nan
(56, 33, 8)	(33, 29, 2)	(29, 13, 3)	nan
(56, 41, 2)	(41, 30, 8)	(30, 13, 3)	nan
(56, 41, 2)	(41, 30, 1)	(30, 13, 3)	nan
(56, 41, 2)	(41, 32, 7)	(32, 13, 3)	nan
(56, 41, 2)	(41, 32, 7)	(32, 13, 4)	nan
(56, 41, 2)	(41, 29, 5)	(29, 13, 3)	nan
(56, 41, 2)	(41, 29, 5)	(29, 13, 3)	nan
(56, 41, 2)	(41, 76, 0)	(76, 13, 1)	nan
(56, 41, 2)	(41, 34, 8)	(34, 13, 3)	nan
(56, 41, 2)	(41, 34, 8)	(34, 13, 6)	nan
(56, 41, 2)	(41, 35, 8)	(35, 13, 3)	nan
(56, 30, 8)	(30, 88, 5)	(88, 13, 7)	nan
(56, 30, 8)	(30, 13, 3)	nan
(56, 30, 8)	(30, 34, 8)	(34, 13, 3)	nan
(56, 30, 8)	(30, 34, 8)	(34, 13, 6)	nan
(56, 37, 7)	(37, 32, 8)	(32, 13, 3)	nan
(56, 37, 7)	(37, 32, 8)	(32, 13, 4)	nan
(56, 59, 4)	(59, 29, 3)	(29, 13, 3)	nan
(56, 59, 4)	(59, 29, 3)	(29, 13, 3)	nan
(56, 59, 4)	(59, 33, 8)	(33, 13, 7)	nan
(56, 42, 7)	(42, 29, 7)	(29, 13, 3)	nan
(56, 42, 7)	(42, 29, 7)	(29, 13, 3)	nan
(56, 42, 7)	(42, 43, 0)	(43, 13, 3)	nan
(56, 42, 7)	(42, 53, 0)	(53, 13, 3)	nan
(56, 42, 7)	(42, 53, 0)	(53, 13, 3)	nan
(56, 42, 7)	(42, 49, 0)	(49, 13, 3)	nan
