(56, 35, 8)	(35, 18, 4)	nan
(56, 35, 8)	(35, 18, 7)	nan
(56, 35, 8)	(35, 74, 5)	(74, 18, 4)	nan
(56, 35, 8)	(35, 68, 7)	(68, 18, 4)	nan
(56, 35, 8)	(35, 68, 7)	(68, 18, 4)	nan
(56, 35, 8)	(35, 68, 7)	(68, 18, 1)	nan
(56, 35, 8)	(35, 68, 7)	(68, 18, 7)	nan
(56, 35, 8)	(35, 52, 3)	(52, 18, 4)	nan
(56, 35, 8)	(35, 88, 1)	(88, 18, 4)	nan
(56, 35, 8)	(35, 18, 4)	nan
(56, 35, 8)	(35, 18, 7)	nan
(56, 35, 8)	(35, 74, 5)	(74, 18, 4)	nan
(56, 35, 8)	(35, 68, 7)	(68, 18, 4)	nan
(56, 35, 8)	(35, 68, 7)	(68, 18, 4)	nan
(56, 35, 8)	(35, 68, 7)	(68, 18, 1)	nan
(56, 35, 8)	(35, 68, 7)	(68, 18, 7)	nan
(56, 35, 8)	(35, 52, 3)	(52, 18, 4)	nan
(56, 35, 8)	(35, 88, 1)	(88, 18, 4)	nan
(56, 35, 4)	(35, 18, 4)	nan
(56, 35, 4)	(35, 18, 7)	nan
(56, 35, 4)	(35, 74, 5)	(74, 18, 4)	nan
(56, 35, 4)	(35, 68, 7)	(68, 18, 4)	nan
(56, 35, 4)	(35, 68, 7)	(68, 18, 4)	nan
(56, 35, 4)	(35, 68, 7)	(68, 18, 1)	nan
(56, 35, 4)	(35, 68, 7)	(68, 18, 7)	nan
(56, 35, 4)	(35, 52, 3)	(52, 18, 4)	nan
(56, 35, 4)	(35, 88, 1)	(88, 18, 4)	nan
(56, 29, 8)	(29, 88, 0)	(88, 18, 4)	nan
(56, 29, 8)	(29, 35, 1)	(35, 18, 4)	nan
(56, 29, 8)	(29, 35, 1)	(35, 18, 7)	nan
(56, 29, 8)	(29, 18, 4)	nan
(56, 29, 8)	(29, 52, 7)	(52, 18, 4)	nan
(56, 29, 8)	(29, 76, 3)	(76, 18, 4)	nan
(56, 29, 8)	(29, 76, 3)	(76, 18, 4)	nan
(56, 29, 8)	(29, 61, 7)	(61, 18, 4)	nan
(56, 29, 8)	(29, 61, 7)	(61, 18, 0)	nan
(56, 33, 8)	(33, 54, 2)	(54, 18, 4)	nan
(56, 33, 8)	(33, 54, 2)	(54, 18, 5)	nan
(56, 33, 8)	(33, 74, 0)	(74, 18, 4)	nan
(56, 33, 8)	(33, 87, 3)	(87, 18, 4)	nan
(56, 33, 8)	(33, 87, 3)	(87, 18, 6)	nan
(56, 33, 8)	(33, 41, 1)	(41, 18, 4)	nan
(56, 33, 8)	(33, 29, 2)	(29, 18, 4)	nan
(56, 41, 2)	(41, 38, 7)	(38, 18, 4)	nan
(56, 41, 2)	(41, 18, 4)	nan
(56, 41, 2)	(41, 32, 7)	(32, 18, 4)	nan
(56, 41, 2)	(41, 32, 7)	(32, 18, 4)	nan
(56, 41, 2)	(41, 82, 0)	(82, 18, 4)	nan
(56, 41, 2)	(41, 48, 5)	(48, 18, 4)	nan
(56, 41, 2)	(41, 67, 7)	(67, 18, 4)	nan
