(56, 10, 2)	nan
(56, 10, 7)	nan
(56, 35, 8)	(35, 10, 2)	nan
(56, 35, 8)	(35, 10, 5)	nan
(56, 35, 8)	(35, 74, 5)	(74, 10, 2)	nan
(56, 35, 8)	(35, 74, 5)	(74, 10, 7)	nan
(56, 35, 8)	(35, 68, 7)	(68, 10, 2)	nan
(56, 35, 8)	(35, 52, 3)	(52, 10, 2)	nan
(56, 35, 8)	(35, 52, 3)	(52, 10, 2)	nan
(56, 35, 8)	(35, 52, 3)	(52, 10, 2)	nan
(56, 35, 8)	(35, 10, 2)	nan
(56, 35, 8)	(35, 10, 5)	nan
(56, 35, 8)	(35, 74, 5)	(74, 10, 2)	nan
(56, 35, 8)	(35, 74, 5)	(74, 10, 7)	nan
(56, 35, 8)	(35, 68, 7)	(68, 10, 2)	nan
(56, 35, 8)	(35, 52, 3)	(52, 10, 2)	nan
(56, 35, 8)	(35, 52, 3)	(52, 10, 2)	nan
(56, 35, 8)	(35, 52, 3)	(52, 10, 2)	nan
(56, 35, 4)	(35, 10, 2)	nan
(56, 35, 4)	(35, 10, 5)	nan
(56, 35, 4)	(35, 74, 5)	(74, 10, 2)	nan
(56, 35, 4)	(35, 74, 5)	(74, 10, 7)	nan
(56, 35, 4)	(35, 68, 7)	(68, 10, 2)	nan
(56, 35, 4)	(35, 52, 3)	(52, 10, 2)	nan
(56, 35, 4)	(35, 52, 3)	(52, 10, 2)	nan
(56, 35, 4)	(35, 52, 3)	(52, 10, 2)	nan
(56, 70, 4)	(70, 34, 8)	(34, 10, 2)	nan
(56, 70, 4)	(70, 34, 8)	(34, 10, 2)	nan
(56, 70, 4)	(70, 34, 7)	(34, 10, 2)	nan
(56, 70, 4)	(70, 10, 2)	nan
(56, 29, 8)	(29, 10, 2)	nan
(56, 29, 8)	(29, 10, 2)	nan
(56, 29, 8)	(29, 10, 5)	nan
(56, 29, 8)	(29, 10, 4)	nan
(56, 29, 8)	(29, 35, 1)	(35, 10, 2)	nan
(56, 29, 8)	(29, 35, 1)	(35, 10, 5)	nan
(56, 29, 8)	(29, 52, 7)	(52, 10, 2)	nan
(56, 29, 8)	(29, 52, 7)	(52, 10, 2)	nan
(56, 29, 8)	(29, 52, 7)	(52, 10, 2)	nan
(56, 29, 8)	(29, 76, 3)	(76, 10, 2)	nan
(56, 29, 8)	(29, 61, 7)	(61, 10, 2)	nan
(56, 29, 8)	(29, 61, 7)	(61, 10, 2)	nan
(56, 33, 8)	(33, 10, 2)	nan
(56, 33, 8)	(33, 54, 2)	(54, 10, 2)	nan
(56, 33, 8)	(33, 54, 2)	(54, 10, 5)	nan
(56, 33, 8)	(33, 74, 0)	(74, 10, 2)	nan
(56, 33, 8)	(33, 74, 0)	(74, 10, 7)	nan
(56, 33, 8)	(33, 41, 1)	(41, 10, 2)	nan
(56, 33, 8)	(33, 41, 1)	(41, 10, 2)	nan
(56, 33, 8)	(33, 41, 1)	(41, 10, 2)	nan
