(56, 35, 8)	(35, 28, 7)	nan
(56, 35, 8)	(35, 28, 1)	nan
(56, 35, 8)	(35, 74, 5)	(74, 28, 7)	nan
(56, 35, 8)	(35, 74, 5)	(74, 28, 7)	nan
(56, 35, 8)	(35, 74, 5)	(74, 28, 8)	nan
(56, 35, 8)	(35, 74, 5)	(74, 28, 3)	nan
(56, 35, 8)	(35, 68, 7)	(68, 28, 7)	nan
(56, 35, 8)	(35, 68, 7)	(68, 28, 2)	nan
(56, 35, 8)	(35, 88, 1)	(88, 28, 7)	nan
(56, 35, 8)	(35, 88, 1)	(88, 28, 3)	nan
(56, 35, 8)	(35, 28, 7)	nan
(56, 35, 8)	(35, 28, 1)	nan
(56, 35, 8)	(35, 74, 5)	(74, 28, 7)	nan
(56, 35, 8)	(35, 74, 5)	(74, 28, 7)	nan
(56, 35, 8)	(35, 74, 5)	(74, 28, 8)	nan
(56, 35, 8)	(35, 74, 5)	(74, 28, 3)	nan
(56, 35, 8)	(35, 68, 7)	(68, 28, 7)	nan
(56, 35, 8)	(35, 68, 7)	(68, 28, 2)	nan
(56, 35, 8)	(35, 88, 1)	(88, 28, 7)	nan
(56, 35, 8)	(35, 88, 1)	(88, 28, 3)	nan
(56, 35, 4)	(35, 28, 7)	nan
(56, 35, 4)	(35, 28, 1)	nan
(56, 35, 4)	(35, 74, 5)	(74, 28, 7)	nan
(56, 35, 4)	(35, 74, 5)	(74, 28, 7)	nan
(56, 35, 4)	(35, 74, 5)	(74, 28, 8)	nan
(56, 35, 4)	(35, 74, 5)	(74, 28, 3)	nan
(56, 35, 4)	(35, 68, 7)	(68, 28, 7)	nan
(56, 35, 4)	(35, 68, 7)	(68, 28, 2)	nan
(56, 35, 4)	(35, 88, 1)	(88, 28, 7)	nan
(56, 35, 4)	(35, 88, 1)	(88, 28, 3)	nan
(56, 28, 7)	nan
(56, 28, 2)	nan
(56, 70, 4)	(70, 28, 7)	nan
(56, 70, 4)	(70, 28, 4)	nan
(56, 70, 4)	(70, 51, 1)	(51, 28, 7)	nan
(56, 70, 4)	(70, 51, 1)	(51, 28, 2)	nan
(56, 29, 8)	(29, 28, 7)	nan
(56, 29, 8)	(29, 28, 3)	nan
(56, 29, 8)	(29, 50, 5)	(50, 28, 7)	nan
(56, 29, 8)	(29, 50, 5)	(50, 28, 5)	nan
(56, 29, 8)	(29, 88, 0)	(88, 28, 7)	nan
(56, 29, 8)	(29, 88, 0)	(88, 28, 3)	nan
(56, 29, 8)	(29, 35, 1)	(35, 28, 7)	nan
(56, 29, 8)	(29, 35, 1)	(35, 28, 1)	nan
(56, 29, 8)	(29, 76, 3)	(76, 28, 7)	nan
(56, 29, 8)	(29, 76, 3)	(76, 28, 0)	nan
(56, 29, 8)	(29, 61, 7)	(61, 28, 7)	nan
(56, 29, 8)	(29, 61, 7)	(61, 28, 7)	nan
(56, 29, 8)	(29, 61, 7)	(61, 28, 4)	nan
(56, 29, 8)	(29, 61, 7)	(61, 28, 3)	nan
(56, 33, 8)	(33, 54, 2)	(54, 28, 7)	nan
