(56, 35, 8)	(35, 20, 5)	nan
(56, 35, 8)	(35, 20, 7)	nan
(56, 35, 8)	(35, 74, 5)	(74, 20, 5)	nan
(56, 35, 8)	(35, 74, 5)	(74, 20, 2)	nan
(56, 35, 8)	(35, 52, 3)	(52, 20, 5)	nan
(56, 35, 8)	(35, 52, 3)	(52, 20, 5)	nan
(56, 35, 8)	(35, 52, 3)	(52, 20, 7)	nan
(56, 35, 8)	(35, 52, 3)	(52, 20, 1)	nan
(56, 35, 8)	(35, 75, 7)	(75, 20, 5)	nan
(56, 35, 8)	(35, 75, 7)	(75, 20, 7)	nan
(56, 35, 8)	(35, 20, 5)	nan
(56, 35, 8)	(35, 20, 7)	nan
(56, 35, 8)	(35, 74, 5)	(74, 20, 5)	nan
(56, 35, 8)	(35, 74, 5)	(74, 20, 2)	nan
(56, 35, 8)	(35, 52, 3)	(52, 20, 5)	nan
(56, 35, 8)	(35, 52, 3)	(52, 20, 5)	nan
(56, 35, 8)	(35, 52, 3)	(52, 20, 7)	nan
(56, 35, 8)	(35, 52, 3)	(52, 20, 1)	nan
(56, 35, 8)	(35, 75, 7)	(75, 20, 5)	nan
(56, 35, 8)	(35, 75, 7)	(75, 20, 7)	nan
(56, 35, 4)	(35, 20, 5)	nan
(56, 35, 4)	(35, 20, 7)	nan
(56, 35, 4)	(35, 74, 5)	(74, 20, 5)	nan
(56, 35, 4)	(35, 74, 5)	(74, 20, 2)	nan
(56, 35, 4)	(35, 52, 3)	(52, 20, 5)	nan
(56, 35, 4)	(35, 52, 3)	(52, 20, 5)	nan
(56, 35, 4)	(35, 52, 3)	(52, 20, 7)	nan
(56, 35, 4)	(35, 52, 3)	(52, 20, 1)	nan
(56, 35, 4)	(35, 75, 7)	(75, 20, 5)	nan
(56, 35, 4)	(35, 75, 7)	(75, 20, 7)	nan
(56, 70, 4)	(70, 34, 8)	(34, 20, 5)	nan
(56, 70, 4)	(70, 34, 8)	(34, 20, 7)	nan
(56, 70, 4)	(70, 34, 8)	(34, 20, 5)	nan
(56, 70, 4)	(70, 34, 8)	(34, 20, 7)	nan
(56, 70, 4)	(70, 34, 7)	(34, 20, 5)	nan
(56, 70, 4)	(70, 34, 7)	(34, 20, 7)	nan
(56, 70, 4)	(70, 51, 1)	(51, 20, 5)	nan
(56, 70, 4)	(70, 51, 1)	(51, 20, 0)	nan
(56, 29, 8)	(29, 20, 5)	nan
(56, 29, 8)	(29, 20, 5)	nan
(56, 29, 8)	(29, 20, 4)	nan
(56, 29, 8)	(29, 35, 1)	(35, 20, 5)	nan
(56, 29, 8)	(29, 35, 1)	(35, 20, 7)	nan
(56, 29, 8)	(29, 52, 7)	(52, 20, 5)	nan
(56, 29, 8)	(29, 52, 7)	(52, 20, 5)	nan
(56, 29, 8)	(29, 52, 7)	(52, 20, 7)	nan
(56, 29, 8)	(29, 52, 7)	(52, 20, 1)	nan
(56, 29, 8)	(29, 76, 3)	(76, 20, 5)	nan
(56, 29, 8)	(29, 86, 1)	(86, 20, 5)	nan
(56, 29, 8)	(29, 86, 1)	(86, 20, 5)	nan
(56, 33, 8)	(33, 54, 2)	(54, 20, 5)	nan
