(57, 14, 3)	nan
(57, 35, 8)	(35, 68, 7)	(68, 14, 3)	nan
(57, 35, 8)	(35, 68, 7)	(68, 14, 6)	nan
(57, 35, 8)	(35, 52, 3)	(52, 14, 3)	nan
(57, 35, 8)	(35, 88, 1)	(88, 14, 0)	nan
(57, 35, 8)	(35, 68, 7)	(68, 14, 3)	nan
(57, 35, 8)	(35, 68, 7)	(68, 14, 6)	nan
(57, 35, 8)	(35, 52, 3)	(52, 14, 3)	nan
(57, 35, 8)	(35, 88, 1)	(88, 14, 0)	nan
(57, 35, 0)	(35, 68, 7)	(68, 14, 3)	nan
(57, 35, 0)	(35, 68, 7)	(68, 14, 6)	nan
(57, 35, 0)	(35, 52, 3)	(52, 14, 3)	nan
(57, 35, 0)	(35, 88, 1)	(88, 14, 0)	nan
(57, 71, 3)	(71, 83, 8)	(83, 14, 3)	nan
(57, 50, 7)	(50, 14, 3)	nan
(57, 50, 7)	(50, 32, 8)	(32, 14, 3)	nan
(57, 50, 7)	(50, 32, 1)	(32, 14, 3)	nan
(57, 50, 7)	(50, 78, 8)	(78, 14, 7)	nan
(57, 56, 7)	(56, 70, 4)	(70, 14, 3)	nan
(57, 56, 7)	(56, 33, 8)	(33, 14, 3)	nan
(57, 56, 7)	(56, 33, 8)	(33, 14, 2)	nan
(57, 56, 7)	(56, 59, 4)	(59, 14, 3)	nan
(57, 80, 3)	(80, 66, 0)	(66, 14, 3)	nan
(57, 32, 8)	(32, 14, 3)	nan
(57, 32, 1)	(32, 14, 3)	nan
(57, 41, 1)	(41, 38, 7)	(38, 14, 3)	nan
(57, 41, 1)	(41, 32, 7)	(32, 14, 3)	nan
(57, 78, 7)	(78, 33, 8)	(33, 14, 3)	nan
(57, 78, 7)	(78, 33, 8)	(33, 14, 2)	nan
(57, 78, 7)	(78, 33, 3)	(33, 14, 3)	nan
(57, 78, 7)	(78, 33, 3)	(33, 14, 2)	nan
(57, 78, 7)	(78, 14, 7)	nan
(57, 87, 7)	(87, 59, 4)	(59, 14, 3)	nan
(57, 58, 4)	(58, 14, 3)	nan
(57, 58, 4)	(58, 14, 3)	nan
(57, 58, 4)	(58, 14, 6)	nan
(57, 58, 4)	(58, 14, 8)	nan
(57, 58, 4)	(58, 54, 7)	(54, 14, 3)	nan
(57, 58, 4)	(58, 46, 7)	(46, 14, 3)	nan
(57, 58, 4)	(58, 46, 7)	(46, 14, 1)	nan
(57, 58, 4)	(58, 59, 3)	(59, 14, 3)	nan
(57, 58, 4)	(58, 66, 7)	(66, 14, 3)	nan
(57, 58, 4)	(58, 68, 2)	(68, 14, 3)	nan
(57, 58, 4)	(58, 68, 2)	(68, 14, 6)	nan
