(57, 35, 8)	(35, 56, 1)	(56, 17, 3)	nan
(57, 35, 8)	(35, 56, 1)	(56, 17, 1)	nan
(57, 35, 8)	(35, 30, 8)	(30, 17, 3)	nan
(57, 35, 8)	(35, 56, 1)	(56, 17, 3)	nan
(57, 35, 8)	(35, 56, 1)	(56, 17, 1)	nan
(57, 35, 8)	(35, 30, 8)	(30, 17, 3)	nan
(57, 35, 0)	(35, 56, 1)	(56, 17, 3)	nan
(57, 35, 0)	(35, 56, 1)	(56, 17, 1)	nan
(57, 35, 0)	(35, 30, 8)	(30, 17, 3)	nan
(57, 17, 3)	nan
(57, 17, 2)	nan
(57, 71, 3)	(71, 34, 8)	(34, 17, 3)	nan
(57, 71, 3)	(71, 34, 8)	(34, 17, 3)	nan
(57, 71, 3)	(71, 34, 8)	(34, 17, 0)	nan
(57, 71, 3)	(71, 34, 8)	(34, 17, 3)	nan
(57, 71, 3)	(71, 34, 8)	(34, 17, 3)	nan
(57, 71, 3)	(71, 34, 8)	(34, 17, 0)	nan
(57, 71, 3)	(71, 34, 1)	(34, 17, 3)	nan
(57, 71, 3)	(71, 34, 1)	(34, 17, 3)	nan
(57, 71, 3)	(71, 34, 1)	(34, 17, 0)	nan
(57, 71, 3)	(71, 34, 1)	(34, 17, 3)	nan
(57, 71, 3)	(71, 34, 1)	(34, 17, 3)	nan
(57, 71, 3)	(71, 34, 1)	(34, 17, 0)	nan
(57, 71, 3)	(71, 17, 3)	nan
(57, 71, 3)	(71, 17, 7)	nan
(57, 50, 7)	(50, 30, 8)	(30, 17, 3)	nan
(57, 50, 7)	(50, 34, 8)	(34, 17, 3)	nan
(57, 50, 7)	(50, 34, 8)	(34, 17, 3)	nan
(57, 50, 7)	(50, 34, 8)	(34, 17, 0)	nan
(57, 56, 7)	(56, 17, 3)	nan
(57, 56, 7)	(56, 17, 1)	nan
(57, 56, 7)	(56, 29, 8)	(29, 17, 3)	nan
(57, 56, 7)	(56, 29, 8)	(29, 17, 3)	nan
(57, 56, 7)	(56, 29, 8)	(29, 17, 0)	nan
(57, 56, 7)	(56, 33, 8)	(33, 17, 3)	nan
(57, 56, 7)	(56, 30, 8)	(30, 17, 3)	nan
(57, 56, 7)	(56, 59, 4)	(59, 17, 3)	nan
(57, 56, 7)	(56, 59, 4)	(59, 17, 4)	nan
(57, 80, 3)	(80, 66, 0)	(66, 17, 3)	nan
(57, 80, 3)	(80, 66, 0)	(66, 17, 3)	nan
(57, 80, 3)	(80, 71, 5)	(71, 17, 3)	nan
(57, 80, 3)	(80, 71, 5)	(71, 17, 7)	nan
(57, 32, 8)	(32, 29, 3)	(29, 17, 3)	nan
(57, 32, 8)	(32, 29, 3)	(29, 17, 3)	nan
(57, 32, 8)	(32, 29, 3)	(29, 17, 0)	nan
(57, 32, 8)	(32, 51, 1)	(51, 17, 3)	nan
(57, 32, 1)	(32, 29, 3)	(29, 17, 3)	nan
(57, 32, 1)	(32, 29, 3)	(29, 17, 3)	nan
(57, 32, 1)	(32, 29, 3)	(29, 17, 0)	nan
(57, 32, 1)	(32, 51, 1)	(51, 17, 3)	nan
