(57, 35, 8)	(35, 16, 5)	nan
(57, 35, 8)	(35, 56, 1)	(56, 16, 7)	nan
(57, 35, 8)	(35, 75, 7)	(75, 16, 3)	nan
(57, 35, 8)	(35, 88, 1)	(88, 16, 3)	nan
(57, 35, 8)	(35, 88, 1)	(88, 16, 3)	nan
(57, 35, 8)	(35, 88, 1)	(88, 16, 2)	nan
(57, 35, 8)	(35, 16, 5)	nan
(57, 35, 8)	(35, 56, 1)	(56, 16, 7)	nan
(57, 35, 8)	(35, 75, 7)	(75, 16, 3)	nan
(57, 35, 8)	(35, 88, 1)	(88, 16, 3)	nan
(57, 35, 8)	(35, 88, 1)	(88, 16, 3)	nan
(57, 35, 8)	(35, 88, 1)	(88, 16, 2)	nan
(57, 35, 0)	(35, 16, 5)	nan
(57, 35, 0)	(35, 56, 1)	(56, 16, 7)	nan
(57, 35, 0)	(35, 75, 7)	(75, 16, 3)	nan
(57, 35, 0)	(35, 88, 1)	(88, 16, 3)	nan
(57, 35, 0)	(35, 88, 1)	(88, 16, 3)	nan
(57, 35, 0)	(35, 88, 1)	(88, 16, 2)	nan
(57, 16, 3)	nan
(57, 71, 3)	(71, 34, 8)	(34, 16, 3)	nan
(57, 71, 3)	(71, 34, 8)	(34, 16, 3)	nan
(57, 71, 3)	(71, 34, 1)	(34, 16, 3)	nan
(57, 71, 3)	(71, 34, 1)	(34, 16, 3)	nan
(57, 71, 3)	(71, 83, 8)	(83, 16, 3)	nan
(57, 71, 3)	(71, 83, 8)	(83, 16, 7)	nan
(57, 50, 7)	(50, 32, 8)	(32, 16, 3)	nan
(57, 50, 7)	(50, 32, 8)	(32, 16, 3)	nan
(57, 50, 7)	(50, 32, 8)	(32, 16, 6)	nan
(57, 50, 7)	(50, 32, 1)	(32, 16, 3)	nan
(57, 50, 7)	(50, 32, 1)	(32, 16, 3)	nan
(57, 50, 7)	(50, 32, 1)	(32, 16, 6)	nan
(57, 50, 7)	(50, 34, 8)	(34, 16, 3)	nan
(57, 50, 7)	(50, 16, 3)	nan
(57, 56, 7)	(56, 35, 8)	(35, 16, 5)	nan
(57, 56, 7)	(56, 35, 8)	(35, 16, 5)	nan
(57, 56, 7)	(56, 35, 4)	(35, 16, 5)	nan
(57, 56, 7)	(56, 29, 8)	(29, 16, 2)	nan
(57, 56, 7)	(56, 16, 7)	nan
(57, 56, 7)	(56, 59, 4)	(59, 16, 3)	nan
(57, 56, 7)	(56, 59, 4)	(59, 16, 3)	nan
(57, 56, 7)	(56, 59, 4)	(59, 16, 5)	nan
(57, 56, 7)	(56, 59, 4)	(59, 16, 0)	nan
(57, 80, 3)	(80, 66, 0)	(66, 16, 3)	nan
(57, 32, 8)	(32, 16, 3)	nan
(57, 32, 8)	(32, 16, 3)	nan
(57, 32, 8)	(32, 16, 6)	nan
(57, 32, 8)	(32, 29, 3)	(29, 16, 2)	nan
(57, 32, 8)	(32, 86, 7)	(86, 16, 3)	nan
(57, 32, 1)	(32, 16, 3)	nan
(57, 32, 1)	(32, 16, 3)	nan
(57, 32, 1)	(32, 16, 6)	nan
