(57, 35, 8)	(35, 15, 3)	nan
(57, 35, 8)	(35, 15, 8)	nan
(57, 35, 8)	(35, 68, 7)	(68, 15, 3)	nan
(57, 35, 8)	(35, 56, 1)	(56, 15, 3)	nan
(57, 35, 8)	(35, 30, 8)	(30, 15, 3)	nan
(57, 35, 8)	(35, 75, 7)	(75, 15, 3)	nan
(57, 35, 8)	(35, 15, 3)	nan
(57, 35, 8)	(35, 15, 8)	nan
(57, 35, 8)	(35, 68, 7)	(68, 15, 3)	nan
(57, 35, 8)	(35, 56, 1)	(56, 15, 3)	nan
(57, 35, 8)	(35, 30, 8)	(30, 15, 3)	nan
(57, 35, 8)	(35, 75, 7)	(75, 15, 3)	nan
(57, 35, 0)	(35, 15, 3)	nan
(57, 35, 0)	(35, 15, 8)	nan
(57, 35, 0)	(35, 68, 7)	(68, 15, 3)	nan
(57, 35, 0)	(35, 56, 1)	(56, 15, 3)	nan
(57, 35, 0)	(35, 30, 8)	(30, 15, 3)	nan
(57, 35, 0)	(35, 75, 7)	(75, 15, 3)	nan
(57, 15, 3)	nan
(57, 15, 2)	nan
(57, 71, 3)	(71, 34, 8)	(34, 15, 3)	nan
(57, 71, 3)	(71, 34, 8)	(34, 15, 1)	nan
(57, 71, 3)	(71, 34, 8)	(34, 15, 3)	nan
(57, 71, 3)	(71, 34, 8)	(34, 15, 1)	nan
(57, 71, 3)	(71, 34, 1)	(34, 15, 3)	nan
(57, 71, 3)	(71, 34, 1)	(34, 15, 1)	nan
(57, 71, 3)	(71, 34, 1)	(34, 15, 3)	nan
(57, 71, 3)	(71, 34, 1)	(34, 15, 1)	nan
(57, 50, 7)	(50, 30, 8)	(30, 15, 3)	nan
(57, 50, 7)	(50, 61, 5)	(61, 15, 3)	nan
(57, 50, 7)	(50, 61, 5)	(61, 15, 3)	nan
(57, 50, 7)	(50, 61, 5)	(61, 15, 7)	nan
(57, 50, 7)	(50, 15, 3)	nan
(57, 50, 7)	(50, 15, 3)	nan
(57, 50, 7)	(50, 34, 8)	(34, 15, 3)	nan
(57, 50, 7)	(50, 34, 8)	(34, 15, 1)	nan
(57, 50, 7)	(50, 78, 8)	(78, 15, 3)	nan
(57, 56, 7)	(56, 35, 8)	(35, 15, 3)	nan
(57, 56, 7)	(56, 35, 8)	(35, 15, 8)	nan
(57, 56, 7)	(56, 35, 8)	(35, 15, 3)	nan
(57, 56, 7)	(56, 35, 8)	(35, 15, 8)	nan
(57, 56, 7)	(56, 35, 4)	(35, 15, 3)	nan
(57, 56, 7)	(56, 35, 4)	(35, 15, 8)	nan
(57, 56, 7)	(56, 15, 3)	nan
(57, 56, 7)	(56, 29, 8)	(29, 15, 3)	nan
(57, 56, 7)	(56, 29, 8)	(29, 15, 8)	nan
(57, 56, 7)	(56, 41, 2)	(41, 15, 3)	nan
(57, 56, 7)	(56, 41, 2)	(41, 15, 0)	nan
(57, 56, 7)	(56, 30, 8)	(30, 15, 3)	nan
(57, 56, 7)	(56, 37, 7)	(37, 15, 3)	nan
