(57, 35, 8)	(35, 18, 4)	nan
(57, 35, 8)	(35, 18, 7)	nan
(57, 35, 8)	(35, 74, 5)	(74, 18, 4)	nan
(57, 35, 8)	(35, 68, 7)	(68, 18, 4)	nan
(57, 35, 8)	(35, 68, 7)	(68, 18, 4)	nan
(57, 35, 8)	(35, 68, 7)	(68, 18, 1)	nan
(57, 35, 8)	(35, 68, 7)	(68, 18, 7)	nan
(57, 35, 8)	(35, 56, 1)	(56, 18, 4)	nan
(57, 35, 8)	(35, 52, 3)	(52, 18, 4)	nan
(57, 35, 8)	(35, 88, 1)	(88, 18, 4)	nan
(57, 35, 8)	(35, 18, 4)	nan
(57, 35, 8)	(35, 18, 7)	nan
(57, 35, 8)	(35, 74, 5)	(74, 18, 4)	nan
(57, 35, 8)	(35, 68, 7)	(68, 18, 4)	nan
(57, 35, 8)	(35, 68, 7)	(68, 18, 4)	nan
(57, 35, 8)	(35, 68, 7)	(68, 18, 1)	nan
(57, 35, 8)	(35, 68, 7)	(68, 18, 7)	nan
(57, 35, 8)	(35, 56, 1)	(56, 18, 4)	nan
(57, 35, 8)	(35, 52, 3)	(52, 18, 4)	nan
(57, 35, 8)	(35, 88, 1)	(88, 18, 4)	nan
(57, 35, 0)	(35, 18, 4)	nan
(57, 35, 0)	(35, 18, 7)	nan
(57, 35, 0)	(35, 74, 5)	(74, 18, 4)	nan
(57, 35, 0)	(35, 68, 7)	(68, 18, 4)	nan
(57, 35, 0)	(35, 68, 7)	(68, 18, 4)	nan
(57, 35, 0)	(35, 68, 7)	(68, 18, 1)	nan
(57, 35, 0)	(35, 68, 7)	(68, 18, 7)	nan
(57, 35, 0)	(35, 56, 1)	(56, 18, 4)	nan
(57, 35, 0)	(35, 52, 3)	(52, 18, 4)	nan
(57, 35, 0)	(35, 88, 1)	(88, 18, 4)	nan
(57, 18, 4)	nan
(57, 18, 7)	nan
(57, 71, 3)	(71, 18, 4)	nan
(57, 71, 3)	(71, 18, 0)	nan
(57, 71, 3)	(71, 18, 8)	nan
(57, 71, 3)	(71, 74, 7)	(74, 18, 4)	nan
(57, 50, 7)	(50, 32, 8)	(32, 18, 4)	nan
(57, 50, 7)	(50, 32, 8)	(32, 18, 4)	nan
(57, 50, 7)	(50, 32, 1)	(32, 18, 4)	nan
(57, 50, 7)	(50, 32, 1)	(32, 18, 4)	nan
(57, 50, 7)	(50, 36, 5)	(36, 18, 7)	nan
(57, 50, 7)	(50, 36, 5)	(36, 18, 4)	nan
(57, 50, 7)	(50, 36, 5)	(36, 18, 4)	nan
(57, 50, 7)	(50, 61, 5)	(61, 18, 4)	nan
(57, 50, 7)	(50, 61, 5)	(61, 18, 0)	nan
(57, 56, 7)	(56, 18, 4)	nan
(57, 56, 7)	(56, 35, 8)	(35, 18, 4)	nan
(57, 56, 7)	(56, 35, 8)	(35, 18, 7)	nan
(57, 56, 7)	(56, 35, 8)	(35, 18, 4)	nan
(57, 56, 7)	(56, 35, 8)	(35, 18, 7)	nan
(57, 56, 7)	(56, 35, 4)	(35, 18, 4)	nan
