(57, 35, 8)	(35, 22, 5)	nan
(57, 35, 8)	(35, 22, 5)	nan
(57, 35, 8)	(35, 22, 3)	nan
(57, 35, 8)	(35, 74, 5)	(74, 22, 5)	nan
(57, 35, 8)	(35, 74, 5)	(74, 22, 1)	nan
(57, 35, 8)	(35, 68, 7)	(68, 22, 5)	nan
(57, 35, 8)	(35, 68, 7)	(68, 22, 5)	nan
(57, 35, 8)	(35, 68, 7)	(68, 22, 3)	nan
(57, 35, 8)	(35, 68, 7)	(68, 22, 1)	nan
(57, 35, 8)	(35, 56, 1)	(56, 22, 5)	nan
(57, 35, 8)	(35, 30, 8)	(30, 22, 5)	nan
(57, 35, 8)	(35, 30, 8)	(30, 22, 7)	nan
(57, 35, 8)	(35, 52, 3)	(52, 22, 5)	nan
(57, 35, 8)	(35, 52, 3)	(52, 22, 5)	nan
(57, 35, 8)	(35, 52, 3)	(52, 22, 0)	nan
(57, 35, 8)	(35, 52, 3)	(52, 22, 2)	nan
(57, 35, 8)	(35, 75, 7)	(75, 22, 5)	nan
(57, 35, 8)	(35, 75, 7)	(75, 22, 5)	nan
(57, 35, 8)	(35, 22, 5)	nan
(57, 35, 8)	(35, 22, 5)	nan
(57, 35, 8)	(35, 22, 3)	nan
(57, 35, 8)	(35, 74, 5)	(74, 22, 5)	nan
(57, 35, 8)	(35, 74, 5)	(74, 22, 1)	nan
(57, 35, 8)	(35, 68, 7)	(68, 22, 5)	nan
(57, 35, 8)	(35, 68, 7)	(68, 22, 5)	nan
(57, 35, 8)	(35, 68, 7)	(68, 22, 3)	nan
(57, 35, 8)	(35, 68, 7)	(68, 22, 1)	nan
(57, 35, 8)	(35, 56, 1)	(56, 22, 5)	nan
(57, 35, 8)	(35, 30, 8)	(30, 22, 5)	nan
(57, 35, 8)	(35, 30, 8)	(30, 22, 7)	nan
(57, 35, 8)	(35, 52, 3)	(52, 22, 5)	nan
(57, 35, 8)	(35, 52, 3)	(52, 22, 5)	nan
(57, 35, 8)	(35, 52, 3)	(52, 22, 0)	nan
(57, 35, 8)	(35, 52, 3)	(52, 22, 2)	nan
(57, 35, 8)	(35, 75, 7)	(75, 22, 5)	nan
(57, 35, 8)	(35, 75, 7)	(75, 22, 5)	nan
(57, 35, 0)	(35, 22, 5)	nan
(57, 35, 0)	(35, 22, 5)	nan
(57, 35, 0)	(35, 22, 3)	nan
(57, 35, 0)	(35, 74, 5)	(74, 22, 5)	nan
(57, 35, 0)	(35, 74, 5)	(74, 22, 1)	nan
(57, 35, 0)	(35, 68, 7)	(68, 22, 5)	nan
(57, 35, 0)	(35, 68, 7)	(68, 22, 5)	nan
(57, 35, 0)	(35, 68, 7)	(68, 22, 3)	nan
(57, 35, 0)	(35, 68, 7)	(68, 22, 1)	nan
(57, 35, 0)	(35, 56, 1)	(56, 22, 5)	nan
(57, 35, 0)	(35, 30, 8)	(30, 22, 5)	nan
(57, 35, 0)	(35, 30, 8)	(30, 22, 7)	nan
(57, 35, 0)	(35, 52, 3)	(52, 22, 5)	nan
(57, 35, 0)	(35, 52, 3)	(52, 22, 5)	nan
(57, 35, 0)	(35, 52, 3)	(52, 22, 0)	nan
