(57, 35, 8)	(35, 28, 7)	nan
(57, 35, 8)	(35, 28, 1)	nan
(57, 35, 8)	(35, 74, 5)	(74, 28, 7)	nan
(57, 35, 8)	(35, 74, 5)	(74, 28, 7)	nan
(57, 35, 8)	(35, 74, 5)	(74, 28, 8)	nan
(57, 35, 8)	(35, 74, 5)	(74, 28, 3)	nan
(57, 35, 8)	(35, 68, 7)	(68, 28, 7)	nan
(57, 35, 8)	(35, 68, 7)	(68, 28, 2)	nan
(57, 35, 8)	(35, 56, 1)	(56, 28, 7)	nan
(57, 35, 8)	(35, 56, 1)	(56, 28, 2)	nan
(57, 35, 8)	(35, 88, 1)	(88, 28, 7)	nan
(57, 35, 8)	(35, 88, 1)	(88, 28, 3)	nan
(57, 35, 8)	(35, 28, 7)	nan
(57, 35, 8)	(35, 28, 1)	nan
(57, 35, 8)	(35, 74, 5)	(74, 28, 7)	nan
(57, 35, 8)	(35, 74, 5)	(74, 28, 7)	nan
(57, 35, 8)	(35, 74, 5)	(74, 28, 8)	nan
(57, 35, 8)	(35, 74, 5)	(74, 28, 3)	nan
(57, 35, 8)	(35, 68, 7)	(68, 28, 7)	nan
(57, 35, 8)	(35, 68, 7)	(68, 28, 2)	nan
(57, 35, 8)	(35, 56, 1)	(56, 28, 7)	nan
(57, 35, 8)	(35, 56, 1)	(56, 28, 2)	nan
(57, 35, 8)	(35, 88, 1)	(88, 28, 7)	nan
(57, 35, 8)	(35, 88, 1)	(88, 28, 3)	nan
(57, 35, 0)	(35, 28, 7)	nan
(57, 35, 0)	(35, 28, 1)	nan
(57, 35, 0)	(35, 74, 5)	(74, 28, 7)	nan
(57, 35, 0)	(35, 74, 5)	(74, 28, 7)	nan
(57, 35, 0)	(35, 74, 5)	(74, 28, 8)	nan
(57, 35, 0)	(35, 74, 5)	(74, 28, 3)	nan
(57, 35, 0)	(35, 68, 7)	(68, 28, 7)	nan
(57, 35, 0)	(35, 68, 7)	(68, 28, 2)	nan
(57, 35, 0)	(35, 56, 1)	(56, 28, 7)	nan
(57, 35, 0)	(35, 56, 1)	(56, 28, 2)	nan
(57, 35, 0)	(35, 88, 1)	(88, 28, 7)	nan
(57, 35, 0)	(35, 88, 1)	(88, 28, 3)	nan
(57, 28, 7)	nan
(57, 28, 3)	nan
(57, 28, 2)	nan
(57, 71, 3)	(71, 28, 7)	nan
(57, 71, 3)	(71, 28, 7)	nan
(57, 71, 3)	(71, 28, 4)	nan
(57, 71, 3)	(71, 28, 1)	nan
(57, 71, 3)	(71, 74, 7)	(74, 28, 7)	nan
(57, 71, 3)	(71, 74, 7)	(74, 28, 7)	nan
(57, 71, 3)	(71, 74, 7)	(74, 28, 8)	nan
(57, 71, 3)	(71, 74, 7)	(74, 28, 3)	nan
(57, 71, 3)	(71, 31, 7)	(31, 28, 7)	nan
(57, 71, 3)	(71, 31, 7)	(31, 28, 6)	nan
(57, 50, 7)	(50, 32, 8)	(32, 28, 7)	nan
