(57, 35, 0)	nan
(57, 71, 3)	(71, 34, 8)	(34, 35, 8)	nan
(57, 71, 3)	(71, 34, 8)	(34, 35, 8)	nan
(57, 71, 3)	(71, 34, 1)	(34, 35, 8)	nan
(57, 71, 3)	(71, 34, 1)	(34, 35, 8)	nan
(57, 71, 3)	(71, 74, 7)	(74, 35, 7)	nan
(57, 71, 3)	(71, 31, 7)	(31, 35, 8)	nan
(57, 50, 7)	(50, 61, 5)	(61, 35, 8)	nan
(57, 50, 7)	(50, 61, 5)	(61, 35, 7)	nan
(57, 50, 7)	(50, 34, 8)	(34, 35, 8)	nan
(57, 50, 7)	(50, 31, 7)	(31, 35, 8)	nan
(57, 50, 7)	(50, 78, 8)	(78, 35, 8)	nan
(57, 56, 7)	(56, 35, 8)	nan
(57, 56, 7)	(56, 35, 8)	nan
(57, 56, 7)	(56, 35, 4)	nan
(57, 56, 7)	(56, 29, 8)	(29, 35, 1)	nan
(57, 56, 7)	(56, 41, 2)	(41, 35, 8)	nan
(57, 32, 8)	(32, 29, 3)	(29, 35, 1)	nan
(57, 32, 8)	(32, 61, 1)	(61, 35, 8)	nan
(57, 32, 8)	(32, 61, 1)	(61, 35, 7)	nan
(57, 32, 8)	(32, 76, 7)	(76, 35, 8)	nan
(57, 32, 8)	(32, 76, 7)	(76, 35, 8)	nan
(57, 32, 8)	(32, 41, 3)	(41, 35, 8)	nan
(57, 32, 1)	(32, 29, 3)	(29, 35, 1)	nan
(57, 32, 1)	(32, 61, 1)	(61, 35, 8)	nan
(57, 32, 1)	(32, 61, 1)	(61, 35, 7)	nan
(57, 32, 1)	(32, 76, 7)	(76, 35, 8)	nan
(57, 32, 1)	(32, 76, 7)	(76, 35, 8)	nan
(57, 32, 1)	(32, 41, 3)	(41, 35, 8)	nan
(57, 41, 1)	(41, 31, 8)	(31, 35, 8)	nan
(57, 41, 1)	(41, 29, 5)	(29, 35, 1)	nan
(57, 41, 1)	(41, 76, 0)	(76, 35, 8)	nan
(57, 41, 1)	(41, 76, 0)	(76, 35, 8)	nan
(57, 41, 1)	(41, 34, 8)	(34, 35, 8)	nan
(57, 41, 1)	(41, 35, 8)	nan
(57, 78, 7)	(78, 35, 8)	nan
(57, 87, 7)	(87, 34, 8)	(34, 35, 8)	nan
(57, 87, 7)	(87, 34, 7)	(34, 35, 8)	nan
(57, 87, 7)	(87, 35, 8)	nan
(57, 58, 4)	(58, 35, 8)	nan
(57, 58, 4)	(58, 35, 2)	nan
(57, 58, 4)	(58, 54, 7)	(54, 35, 3)	nan
(57, 58, 4)	(58, 34, 8)	(34, 35, 8)	nan
