(57, 35, 8)	(35, 30, 8)	(30, 34, 8)	nan
(57, 35, 8)	(35, 75, 7)	(75, 34, 8)	nan
(57, 35, 8)	(35, 30, 8)	(30, 34, 8)	nan
(57, 35, 8)	(35, 75, 7)	(75, 34, 8)	nan
(57, 35, 0)	(35, 30, 8)	(30, 34, 8)	nan
(57, 35, 0)	(35, 75, 7)	(75, 34, 8)	nan
(57, 71, 3)	(71, 34, 8)	nan
(57, 71, 3)	(71, 34, 8)	nan
(57, 71, 3)	(71, 34, 1)	nan
(57, 71, 3)	(71, 34, 1)	nan
(57, 50, 7)	(50, 30, 8)	(30, 34, 8)	nan
(57, 50, 7)	(50, 61, 5)	(61, 34, 8)	nan
(57, 50, 7)	(50, 34, 8)	nan
(57, 56, 7)	(56, 70, 4)	(70, 34, 8)	nan
(57, 56, 7)	(56, 70, 4)	(70, 34, 8)	nan
(57, 56, 7)	(56, 70, 4)	(70, 34, 7)	nan
(57, 56, 7)	(56, 41, 2)	(41, 34, 8)	nan
(57, 56, 7)	(56, 30, 8)	(30, 34, 8)	nan
(57, 80, 3)	(80, 71, 5)	(71, 34, 8)	nan
(57, 80, 3)	(80, 71, 5)	(71, 34, 8)	nan
(57, 80, 3)	(80, 71, 5)	(71, 34, 1)	nan
(57, 80, 3)	(80, 71, 5)	(71, 34, 1)	nan
(57, 32, 8)	(32, 61, 1)	(61, 34, 8)	nan
(57, 32, 8)	(32, 41, 3)	(41, 34, 8)	nan
(57, 32, 1)	(32, 61, 1)	(61, 34, 8)	nan
(57, 32, 1)	(32, 41, 3)	(41, 34, 8)	nan
(57, 41, 1)	(41, 30, 8)	(30, 34, 8)	nan
(57, 41, 1)	(41, 30, 1)	(30, 34, 8)	nan
(57, 41, 1)	(41, 48, 5)	(48, 34, 0)	nan
(57, 41, 1)	(41, 34, 8)	nan
(57, 87, 7)	(87, 34, 8)	nan
(57, 87, 7)	(87, 34, 7)	nan
(57, 58, 4)	(58, 34, 8)	nan
(57, 58, 4)	(58, 71, 5)	(71, 34, 8)	nan
(57, 58, 4)	(58, 71, 5)	(71, 34, 8)	nan
(57, 58, 4)	(58, 71, 5)	(71, 34, 1)	nan
(57, 58, 4)	(58, 71, 5)	(71, 34, 1)	nan
