(57, 35, 8)	(35, 74, 5)	(74, 51, 7)	nan
(57, 35, 8)	(35, 75, 7)	(75, 51, 0)	nan
(57, 35, 8)	(35, 74, 5)	(74, 51, 7)	nan
(57, 35, 8)	(35, 75, 7)	(75, 51, 0)	nan
(57, 35, 0)	(35, 74, 5)	(74, 51, 7)	nan
(57, 35, 0)	(35, 75, 7)	(75, 51, 0)	nan
(57, 71, 3)	(71, 74, 7)	(74, 51, 7)	nan
(57, 50, 7)	(50, 32, 8)	(32, 51, 1)	nan
(57, 50, 7)	(50, 32, 1)	(32, 51, 1)	nan
(57, 56, 7)	(56, 70, 4)	(70, 51, 1)	nan
(57, 32, 8)	(32, 51, 1)	nan
(57, 32, 1)	(32, 51, 1)	nan
(57, 41, 1)	(41, 32, 7)	(32, 51, 1)	nan
(57, 87, 7)	(87, 51, 7)	nan
