(57, 35, 8)	(35, 7, 1)	nan
(57, 35, 8)	(35, 7, 0)	nan
(57, 35, 8)	(35, 74, 5)	(74, 7, 1)	nan
(57, 35, 8)	(35, 68, 7)	(68, 7, 5)	nan
(57, 35, 8)	(35, 30, 8)	(30, 7, 1)	nan
(57, 35, 8)	(35, 30, 8)	(30, 7, 4)	nan
(57, 35, 8)	(35, 52, 3)	(52, 7, 1)	nan
(57, 35, 8)	(35, 52, 3)	(52, 7, 0)	nan
(57, 35, 8)	(35, 75, 7)	(75, 7, 1)	nan
(57, 35, 8)	(35, 75, 7)	(75, 7, 5)	nan
(57, 35, 8)	(35, 7, 1)	nan
(57, 35, 8)	(35, 7, 0)	nan
(57, 35, 8)	(35, 74, 5)	(74, 7, 1)	nan
(57, 35, 8)	(35, 68, 7)	(68, 7, 5)	nan
(57, 35, 8)	(35, 30, 8)	(30, 7, 1)	nan
(57, 35, 8)	(35, 30, 8)	(30, 7, 4)	nan
(57, 35, 8)	(35, 52, 3)	(52, 7, 1)	nan
(57, 35, 8)	(35, 52, 3)	(52, 7, 0)	nan
(57, 35, 8)	(35, 75, 7)	(75, 7, 1)	nan
(57, 35, 8)	(35, 75, 7)	(75, 7, 5)	nan
(57, 35, 0)	(35, 7, 1)	nan
(57, 35, 0)	(35, 7, 0)	nan
(57, 35, 0)	(35, 74, 5)	(74, 7, 1)	nan
(57, 35, 0)	(35, 68, 7)	(68, 7, 5)	nan
(57, 35, 0)	(35, 30, 8)	(30, 7, 1)	nan
(57, 35, 0)	(35, 30, 8)	(30, 7, 4)	nan
(57, 35, 0)	(35, 52, 3)	(52, 7, 1)	nan
(57, 35, 0)	(35, 52, 3)	(52, 7, 0)	nan
(57, 35, 0)	(35, 75, 7)	(75, 7, 1)	nan
(57, 35, 0)	(35, 75, 7)	(75, 7, 5)	nan
(57, 7, 1)	nan
(57, 7, 4)	nan
(57, 7, 6)	nan
(57, 71, 3)	(71, 34, 8)	(34, 7, 1)	nan
(57, 71, 3)	(71, 34, 8)	(34, 7, 3)	nan
(57, 71, 3)	(71, 34, 8)	(34, 7, 1)	nan
(57, 71, 3)	(71, 34, 8)	(34, 7, 3)	nan
(57, 71, 3)	(71, 34, 1)	(34, 7, 1)	nan
(57, 71, 3)	(71, 34, 1)	(34, 7, 3)	nan
(57, 71, 3)	(71, 34, 1)	(34, 7, 1)	nan
(57, 71, 3)	(71, 34, 1)	(34, 7, 3)	nan
(57, 71, 3)	(71, 7, 1)	nan
(57, 71, 3)	(71, 7, 6)	nan
(57, 71, 3)	(71, 83, 8)	(83, 7, 1)	nan
(57, 71, 3)	(71, 83, 8)	(83, 7, 3)	nan
(57, 71, 3)	(71, 74, 7)	(74, 7, 1)	nan
(57, 50, 7)	(50, 32, 8)	(32, 7, 1)	nan
(57, 50, 7)	(50, 32, 8)	(32, 7, 6)	nan
(57, 50, 7)	(50, 32, 1)	(32, 7, 1)	nan
(57, 50, 7)	(50, 32, 1)	(32, 7, 6)	nan
