(57, 35, 8)	(35, 8, 1)	nan
(57, 35, 8)	(35, 8, 4)	nan
(57, 35, 8)	(35, 68, 7)	(68, 8, 1)	nan
(57, 35, 8)	(35, 68, 7)	(68, 8, 8)	nan
(57, 35, 8)	(35, 52, 3)	(52, 8, 1)	nan
(57, 35, 8)	(35, 52, 3)	(52, 8, 5)	nan
(57, 35, 8)	(35, 52, 3)	(52, 8, 3)	nan
(57, 35, 8)	(35, 75, 7)	(75, 8, 1)	nan
(57, 35, 8)	(35, 75, 7)	(75, 8, 4)	nan
(57, 35, 8)	(35, 88, 1)	(88, 8, 1)	nan
(57, 35, 8)	(35, 88, 1)	(88, 8, 1)	nan
(57, 35, 8)	(35, 8, 1)	nan
(57, 35, 8)	(35, 8, 4)	nan
(57, 35, 8)	(35, 68, 7)	(68, 8, 1)	nan
(57, 35, 8)	(35, 68, 7)	(68, 8, 8)	nan
(57, 35, 8)	(35, 52, 3)	(52, 8, 1)	nan
(57, 35, 8)	(35, 52, 3)	(52, 8, 5)	nan
(57, 35, 8)	(35, 52, 3)	(52, 8, 3)	nan
(57, 35, 8)	(35, 75, 7)	(75, 8, 1)	nan
(57, 35, 8)	(35, 75, 7)	(75, 8, 4)	nan
(57, 35, 8)	(35, 88, 1)	(88, 8, 1)	nan
(57, 35, 8)	(35, 88, 1)	(88, 8, 1)	nan
(57, 35, 0)	(35, 8, 1)	nan
(57, 35, 0)	(35, 8, 4)	nan
(57, 35, 0)	(35, 68, 7)	(68, 8, 1)	nan
(57, 35, 0)	(35, 68, 7)	(68, 8, 8)	nan
(57, 35, 0)	(35, 52, 3)	(52, 8, 1)	nan
(57, 35, 0)	(35, 52, 3)	(52, 8, 5)	nan
(57, 35, 0)	(35, 52, 3)	(52, 8, 3)	nan
(57, 35, 0)	(35, 75, 7)	(75, 8, 1)	nan
(57, 35, 0)	(35, 75, 7)	(75, 8, 4)	nan
(57, 35, 0)	(35, 88, 1)	(88, 8, 1)	nan
(57, 35, 0)	(35, 88, 1)	(88, 8, 1)	nan
(57, 8, 1)	nan
(57, 8, 3)	nan
(57, 71, 3)	(71, 34, 8)	(34, 8, 1)	nan
(57, 71, 3)	(71, 34, 8)	(34, 8, 1)	nan
(57, 71, 3)	(71, 34, 8)	(34, 8, 2)	nan
(57, 71, 3)	(71, 34, 8)	(34, 8, 4)	nan
(57, 71, 3)	(71, 34, 8)	(34, 8, 1)	nan
(57, 71, 3)	(71, 34, 8)	(34, 8, 1)	nan
(57, 71, 3)	(71, 34, 8)	(34, 8, 2)	nan
(57, 71, 3)	(71, 34, 8)	(34, 8, 4)	nan
(57, 71, 3)	(71, 34, 1)	(34, 8, 1)	nan
(57, 71, 3)	(71, 34, 1)	(34, 8, 1)	nan
(57, 71, 3)	(71, 34, 1)	(34, 8, 2)	nan
(57, 71, 3)	(71, 34, 1)	(34, 8, 4)	nan
(57, 71, 3)	(71, 34, 1)	(34, 8, 1)	nan
(57, 71, 3)	(71, 34, 1)	(34, 8, 1)	nan
(57, 71, 3)	(71, 34, 1)	(34, 8, 2)	nan
(57, 71, 3)	(71, 34, 1)	(34, 8, 4)	nan
