(58, 17, 2)	nan
(58, 17, 6)	nan
(58, 35, 8)	(35, 56, 1)	(56, 17, 3)	nan
(58, 35, 8)	(35, 56, 1)	(56, 17, 1)	nan
(58, 35, 8)	(35, 30, 8)	(30, 17, 3)	nan
(58, 35, 2)	(35, 56, 1)	(56, 17, 3)	nan
(58, 35, 2)	(35, 56, 1)	(56, 17, 1)	nan
(58, 35, 2)	(35, 30, 8)	(30, 17, 3)	nan
(58, 90, 3)	(90, 71, 0)	(71, 17, 3)	nan
(58, 90, 3)	(90, 71, 0)	(71, 17, 7)	nan
(58, 90, 3)	(90, 55, 0)	(55, 17, 3)	nan
(58, 90, 3)	(90, 55, 0)	(55, 17, 1)	nan
(58, 90, 3)	(90, 63, 7)	(63, 17, 3)	nan
(58, 90, 3)	(90, 30, 7)	(30, 17, 3)	nan
(58, 54, 7)	(54, 17, 3)	nan
(58, 54, 7)	(54, 17, 3)	nan
(58, 54, 7)	(54, 17, 7)	nan
(58, 54, 7)	(54, 17, 4)	nan
(58, 54, 7)	(54, 43, 7)	(43, 17, 8)	nan
(58, 54, 7)	(54, 56, 3)	(56, 17, 3)	nan
(58, 54, 7)	(54, 56, 3)	(56, 17, 1)	nan
(58, 54, 7)	(54, 38, 2)	(38, 17, 3)	nan
(58, 54, 7)	(54, 38, 2)	(38, 17, 3)	nan
(58, 34, 8)	(34, 17, 3)	nan
(58, 34, 8)	(34, 17, 3)	nan
(58, 34, 8)	(34, 17, 0)	nan
(58, 34, 8)	(34, 59, 7)	(59, 17, 3)	nan
(58, 34, 8)	(34, 59, 7)	(59, 17, 4)	nan
(58, 34, 8)	(34, 59, 3)	(59, 17, 3)	nan
(58, 34, 8)	(34, 59, 3)	(59, 17, 4)	nan
(58, 34, 8)	(34, 59, 3)	(59, 17, 3)	nan
(58, 34, 8)	(34, 59, 3)	(59, 17, 4)	nan
(58, 34, 8)	(34, 33, 8)	(33, 17, 3)	nan
(58, 44, 1)	(44, 30, 8)	(30, 17, 3)	nan
(58, 44, 1)	(44, 29, 8)	(29, 17, 3)	nan
(58, 44, 1)	(44, 29, 8)	(29, 17, 3)	nan
(58, 44, 1)	(44, 29, 8)	(29, 17, 0)	nan
(58, 44, 1)	(44, 71, 0)	(71, 17, 3)	nan
(58, 44, 1)	(44, 71, 0)	(71, 17, 7)	nan
(58, 44, 1)	(44, 63, 0)	(63, 17, 3)	nan
(58, 44, 1)	(44, 17, 3)	nan
(58, 44, 1)	(44, 17, 3)	nan
(58, 46, 7)	(46, 30, 8)	(30, 17, 3)	nan
(58, 46, 7)	(46, 29, 8)	(29, 17, 3)	nan
(58, 46, 7)	(46, 29, 8)	(29, 17, 3)	nan
(58, 46, 7)	(46, 29, 8)	(29, 17, 0)	nan
(58, 46, 7)	(46, 54, 5)	(54, 17, 3)	nan
(58, 46, 7)	(46, 54, 5)	(54, 17, 3)	nan
(58, 46, 7)	(46, 54, 5)	(54, 17, 7)	nan
