(58, 35, 8)	(35, 30, 8)	(30, 13, 3)	nan
(58, 35, 8)	(35, 88, 1)	(88, 13, 7)	nan
(58, 35, 8)	(35, 13, 3)	nan
(58, 35, 2)	(35, 30, 8)	(30, 13, 3)	nan
(58, 35, 2)	(35, 88, 1)	(88, 13, 7)	nan
(58, 35, 2)	(35, 13, 3)	nan
(58, 90, 3)	(90, 55, 0)	(55, 13, 3)	nan
(58, 90, 3)	(90, 30, 7)	(30, 13, 3)	nan
(58, 54, 7)	(54, 35, 3)	(35, 13, 3)	nan
(58, 54, 7)	(54, 43, 7)	(43, 13, 3)	nan
(58, 54, 7)	(54, 13, 3)	nan
(58, 54, 7)	(54, 13, 3)	nan
(58, 54, 7)	(54, 13, 3)	nan
(58, 34, 8)	(34, 13, 3)	nan
(58, 34, 8)	(34, 13, 6)	nan
(58, 34, 8)	(34, 33, 8)	(33, 13, 7)	nan
(58, 34, 8)	(34, 35, 8)	(35, 13, 3)	nan
(58, 44, 1)	(44, 30, 8)	(30, 13, 3)	nan
(58, 44, 1)	(44, 29, 8)	(29, 13, 3)	nan
(58, 44, 1)	(44, 29, 8)	(29, 13, 3)	nan
(58, 44, 1)	(44, 13, 1)	nan
(58, 46, 7)	(46, 30, 8)	(30, 13, 3)	nan
(58, 46, 7)	(46, 29, 8)	(29, 13, 3)	nan
(58, 46, 7)	(46, 29, 8)	(29, 13, 3)	nan
(58, 46, 7)	(46, 54, 5)	(54, 13, 3)	nan
(58, 46, 7)	(46, 54, 5)	(54, 13, 3)	nan
(58, 46, 7)	(46, 54, 5)	(54, 13, 3)	nan
(58, 46, 7)	(46, 53, 0)	(53, 13, 3)	nan
(58, 46, 7)	(46, 53, 0)	(53, 13, 3)	nan
(58, 59, 3)	(59, 29, 3)	(29, 13, 3)	nan
(58, 59, 3)	(59, 29, 3)	(29, 13, 3)	nan
(58, 59, 3)	(59, 33, 8)	(33, 13, 7)	nan
(58, 13, 1)	nan
(58, 37, 2)	(37, 32, 8)	(32, 13, 3)	nan
(58, 37, 2)	(37, 32, 8)	(32, 13, 4)	nan
(58, 71, 5)	(71, 34, 8)	(34, 13, 3)	nan
(58, 71, 5)	(71, 34, 8)	(34, 13, 6)	nan
(58, 71, 5)	(71, 34, 8)	(34, 13, 3)	nan
(58, 71, 5)	(71, 34, 8)	(34, 13, 6)	nan
(58, 71, 5)	(71, 34, 1)	(34, 13, 3)	nan
(58, 71, 5)	(71, 34, 1)	(34, 13, 6)	nan
(58, 71, 5)	(71, 34, 1)	(34, 13, 3)	nan
(58, 71, 5)	(71, 34, 1)	(34, 13, 6)	nan
(58, 68, 2)	(68, 32, 8)	(32, 13, 3)	nan
(58, 68, 2)	(68, 32, 8)	(32, 13, 4)	nan
(58, 68, 2)	(68, 32, 8)	(32, 13, 3)	nan
(58, 68, 2)	(68, 32, 8)	(32, 13, 4)	nan
(58, 68, 2)	(68, 32, 6)	(32, 13, 3)	nan
(58, 68, 2)	(68, 32, 6)	(32, 13, 4)	nan
(58, 68, 2)	(68, 33, 8)	(33, 13, 7)	nan
(58, 68, 2)	(68, 33, 7)	(33, 13, 7)	nan
