(58, 12, 1)	nan
(58, 12, 2)	nan
(58, 35, 8)	(35, 12, 3)	nan
(58, 35, 8)	(35, 12, 3)	nan
(58, 35, 8)	(35, 12, 4)	nan
(58, 35, 8)	(35, 56, 1)	(56, 12, 3)	nan
(58, 35, 8)	(35, 56, 1)	(56, 12, 8)	nan
(58, 35, 8)	(35, 30, 8)	(30, 12, 3)	nan
(58, 35, 2)	(35, 12, 3)	nan
(58, 35, 2)	(35, 12, 3)	nan
(58, 35, 2)	(35, 12, 4)	nan
(58, 35, 2)	(35, 56, 1)	(56, 12, 3)	nan
(58, 35, 2)	(35, 56, 1)	(56, 12, 8)	nan
(58, 35, 2)	(35, 30, 8)	(30, 12, 3)	nan
(58, 90, 3)	(90, 70, 5)	(70, 12, 3)	nan
(58, 90, 3)	(90, 85, 0)	(85, 12, 3)	nan
(58, 90, 3)	(90, 30, 7)	(30, 12, 3)	nan
(58, 54, 7)	(54, 12, 3)	nan
(58, 54, 7)	(54, 12, 3)	nan
(58, 54, 7)	(54, 12, 8)	nan
(58, 54, 7)	(54, 12, 1)	nan
(58, 54, 7)	(54, 12, 1)	nan
(58, 54, 7)	(54, 35, 3)	(35, 12, 3)	nan
(58, 54, 7)	(54, 35, 3)	(35, 12, 3)	nan
(58, 54, 7)	(54, 35, 3)	(35, 12, 4)	nan
(58, 54, 7)	(54, 43, 7)	(43, 12, 0)	nan
(58, 54, 7)	(54, 87, 7)	(87, 12, 3)	nan
(58, 54, 7)	(54, 56, 3)	(56, 12, 3)	nan
(58, 54, 7)	(54, 56, 3)	(56, 12, 8)	nan
(58, 54, 7)	(54, 69, 3)	(69, 12, 3)	nan
(58, 54, 7)	(54, 69, 3)	(69, 12, 3)	nan
(58, 54, 7)	(54, 69, 3)	(69, 12, 6)	nan
(58, 54, 7)	(54, 69, 3)	(69, 12, 0)	nan
(58, 34, 8)	(34, 12, 3)	nan
(58, 34, 8)	(34, 70, 3)	(70, 12, 3)	nan
(58, 34, 8)	(34, 33, 8)	(33, 12, 3)	nan
(58, 34, 8)	(34, 35, 8)	(35, 12, 3)	nan
(58, 34, 8)	(34, 35, 8)	(35, 12, 3)	nan
(58, 34, 8)	(34, 35, 8)	(35, 12, 4)	nan
(58, 44, 1)	(44, 30, 8)	(30, 12, 3)	nan
(58, 44, 1)	(44, 29, 8)	(29, 12, 3)	nan
(58, 44, 1)	(44, 29, 8)	(29, 12, 4)	nan
(58, 44, 1)	(44, 85, 0)	(85, 12, 3)	nan
(58, 44, 1)	(44, 12, 3)	nan
(58, 46, 7)	(46, 30, 8)	(30, 12, 3)	nan
(58, 46, 7)	(46, 29, 8)	(29, 12, 3)	nan
(58, 46, 7)	(46, 29, 8)	(29, 12, 4)	nan
(58, 46, 7)	(46, 69, 0)	(69, 12, 3)	nan
(58, 46, 7)	(46, 69, 0)	(69, 12, 3)	nan
