(58, 35, 8)	(35, 19, 4)	nan
(58, 35, 8)	(35, 19, 7)	nan
(58, 35, 8)	(35, 74, 5)	(74, 19, 4)	nan
(58, 35, 8)	(35, 74, 5)	(74, 19, 4)	nan
(58, 35, 8)	(35, 74, 5)	(74, 19, 0)	nan
(58, 35, 8)	(35, 74, 5)	(74, 19, 5)	nan
(58, 35, 8)	(35, 74, 5)	(74, 19, 1)	nan
(58, 35, 8)	(35, 74, 5)	(74, 19, 7)	nan
(58, 35, 8)	(35, 68, 7)	(68, 19, 4)	nan
(58, 35, 8)	(35, 68, 7)	(68, 19, 5)	nan
(58, 35, 8)	(35, 56, 1)	(56, 19, 4)	nan
(58, 35, 8)	(35, 56, 1)	(56, 19, 3)	nan
(58, 35, 8)	(35, 30, 8)	(30, 19, 4)	nan
(58, 35, 8)	(35, 52, 3)	(52, 19, 4)	nan
(58, 35, 8)	(35, 52, 3)	(52, 19, 2)	nan
(58, 35, 8)	(35, 75, 7)	(75, 19, 4)	nan
(58, 35, 8)	(35, 75, 7)	(75, 19, 7)	nan
(58, 35, 8)	(35, 88, 1)	(88, 19, 4)	nan
(58, 35, 8)	(35, 88, 1)	(88, 19, 0)	nan
(58, 35, 2)	(35, 19, 4)	nan
(58, 35, 2)	(35, 19, 7)	nan
(58, 35, 2)	(35, 74, 5)	(74, 19, 4)	nan
(58, 35, 2)	(35, 74, 5)	(74, 19, 4)	nan
(58, 35, 2)	(35, 74, 5)	(74, 19, 0)	nan
(58, 35, 2)	(35, 74, 5)	(74, 19, 5)	nan
(58, 35, 2)	(35, 74, 5)	(74, 19, 1)	nan
(58, 35, 2)	(35, 74, 5)	(74, 19, 7)	nan
(58, 35, 2)	(35, 68, 7)	(68, 19, 4)	nan
(58, 35, 2)	(35, 68, 7)	(68, 19, 5)	nan
(58, 35, 2)	(35, 56, 1)	(56, 19, 4)	nan
(58, 35, 2)	(35, 56, 1)	(56, 19, 3)	nan
(58, 35, 2)	(35, 30, 8)	(30, 19, 4)	nan
(58, 35, 2)	(35, 52, 3)	(52, 19, 4)	nan
(58, 35, 2)	(35, 52, 3)	(52, 19, 2)	nan
(58, 35, 2)	(35, 75, 7)	(75, 19, 4)	nan
(58, 35, 2)	(35, 75, 7)	(75, 19, 7)	nan
(58, 35, 2)	(35, 88, 1)	(88, 19, 4)	nan
(58, 35, 2)	(35, 88, 1)	(88, 19, 0)	nan
(58, 19, 4)	nan
(58, 19, 8)	nan
(58, 90, 3)	(90, 19, 4)	nan
(58, 90, 3)	(90, 19, 0)	nan
(58, 90, 3)	(90, 19, 8)	nan
(58, 90, 3)	(90, 70, 5)	(70, 19, 4)	nan
(58, 90, 3)	(90, 70, 5)	(70, 19, 7)	nan
(58, 90, 3)	(90, 55, 0)	(55, 19, 4)	nan
(58, 90, 3)	(90, 63, 7)	(63, 19, 4)	nan
(58, 90, 3)	(90, 63, 7)	(63, 19, 4)	nan
(58, 90, 3)	(90, 63, 7)	(63, 19, 5)	nan
(58, 90, 3)	(90, 63, 7)	(63, 19, 4)	nan
