(58, 35, 8)	(35, 18, 4)	nan
(58, 35, 8)	(35, 18, 7)	nan
(58, 35, 8)	(35, 74, 5)	(74, 18, 4)	nan
(58, 35, 8)	(35, 68, 7)	(68, 18, 4)	nan
(58, 35, 8)	(35, 68, 7)	(68, 18, 4)	nan
(58, 35, 8)	(35, 68, 7)	(68, 18, 1)	nan
(58, 35, 8)	(35, 68, 7)	(68, 18, 7)	nan
(58, 35, 8)	(35, 56, 1)	(56, 18, 4)	nan
(58, 35, 8)	(35, 52, 3)	(52, 18, 4)	nan
(58, 35, 8)	(35, 88, 1)	(88, 18, 4)	nan
(58, 35, 2)	(35, 18, 4)	nan
(58, 35, 2)	(35, 18, 7)	nan
(58, 35, 2)	(35, 74, 5)	(74, 18, 4)	nan
(58, 35, 2)	(35, 68, 7)	(68, 18, 4)	nan
(58, 35, 2)	(35, 68, 7)	(68, 18, 4)	nan
(58, 35, 2)	(35, 68, 7)	(68, 18, 1)	nan
(58, 35, 2)	(35, 68, 7)	(68, 18, 7)	nan
(58, 35, 2)	(35, 56, 1)	(56, 18, 4)	nan
(58, 35, 2)	(35, 52, 3)	(52, 18, 4)	nan
(58, 35, 2)	(35, 88, 1)	(88, 18, 4)	nan
(58, 18, 4)	nan
(58, 18, 3)	nan
(58, 90, 3)	(90, 71, 0)	(71, 18, 4)	nan
(58, 90, 3)	(90, 71, 0)	(71, 18, 0)	nan
(58, 90, 3)	(90, 71, 0)	(71, 18, 8)	nan
(58, 90, 3)	(90, 55, 0)	(55, 18, 4)	nan
(58, 90, 3)	(90, 55, 0)	(55, 18, 5)	nan
(58, 90, 3)	(90, 63, 7)	(63, 18, 4)	nan
(58, 90, 3)	(90, 63, 7)	(63, 18, 4)	nan
(58, 90, 3)	(90, 63, 7)	(63, 18, 7)	nan
(58, 90, 3)	(90, 63, 7)	(63, 18, 7)	nan
(58, 54, 7)	(54, 18, 4)	nan
(58, 54, 7)	(54, 18, 5)	nan
(58, 54, 7)	(54, 35, 3)	(35, 18, 4)	nan
(58, 54, 7)	(54, 35, 3)	(35, 18, 7)	nan
(58, 54, 7)	(54, 87, 7)	(87, 18, 4)	nan
(58, 54, 7)	(54, 87, 7)	(87, 18, 6)	nan
(58, 54, 7)	(54, 56, 3)	(56, 18, 4)	nan
(58, 54, 7)	(54, 38, 2)	(38, 18, 4)	nan
(58, 34, 8)	(34, 67, 2)	(67, 18, 4)	nan
(58, 34, 8)	(34, 67, 2)	(67, 18, 4)	nan
(58, 34, 8)	(34, 59, 7)	(59, 18, 4)	nan
(58, 34, 8)	(34, 59, 7)	(59, 18, 0)	nan
(58, 34, 8)	(34, 59, 3)	(59, 18, 4)	nan
(58, 34, 8)	(34, 59, 3)	(59, 18, 0)	nan
(58, 34, 8)	(34, 59, 3)	(59, 18, 4)	nan
(58, 34, 8)	(34, 59, 3)	(59, 18, 0)	nan
(58, 34, 8)	(34, 92, 1)	(92, 18, 4)	nan
(58, 34, 8)	(34, 92, 5)	(92, 18, 4)	nan
(58, 34, 8)	(34, 41, 7)	(41, 18, 4)	nan
(58, 34, 8)	(34, 35, 8)	(35, 18, 4)	nan
