(58, 10, 6)	nan
(58, 10, 4)	nan
(58, 35, 8)	(35, 10, 2)	nan
(58, 35, 8)	(35, 10, 5)	nan
(58, 35, 8)	(35, 74, 5)	(74, 10, 2)	nan
(58, 35, 8)	(35, 74, 5)	(74, 10, 7)	nan
(58, 35, 8)	(35, 68, 7)	(68, 10, 2)	nan
(58, 35, 8)	(35, 56, 1)	(56, 10, 2)	nan
(58, 35, 8)	(35, 56, 1)	(56, 10, 2)	nan
(58, 35, 8)	(35, 56, 1)	(56, 10, 7)	nan
(58, 35, 8)	(35, 52, 3)	(52, 10, 2)	nan
(58, 35, 8)	(35, 52, 3)	(52, 10, 2)	nan
(58, 35, 8)	(35, 52, 3)	(52, 10, 2)	nan
(58, 35, 2)	(35, 10, 2)	nan
(58, 35, 2)	(35, 10, 5)	nan
(58, 35, 2)	(35, 74, 5)	(74, 10, 2)	nan
(58, 35, 2)	(35, 74, 5)	(74, 10, 7)	nan
(58, 35, 2)	(35, 68, 7)	(68, 10, 2)	nan
(58, 35, 2)	(35, 56, 1)	(56, 10, 2)	nan
(58, 35, 2)	(35, 56, 1)	(56, 10, 2)	nan
(58, 35, 2)	(35, 56, 1)	(56, 10, 7)	nan
(58, 35, 2)	(35, 52, 3)	(52, 10, 2)	nan
(58, 35, 2)	(35, 52, 3)	(52, 10, 2)	nan
(58, 35, 2)	(35, 52, 3)	(52, 10, 2)	nan
(58, 90, 3)	(90, 71, 0)	(71, 10, 2)	nan
(58, 90, 3)	(90, 70, 5)	(70, 10, 2)	nan
(58, 90, 3)	(90, 55, 0)	(55, 10, 2)	nan
(58, 90, 3)	(90, 55, 0)	(55, 10, 4)	nan
(58, 90, 3)	(90, 63, 7)	(63, 10, 2)	nan
(58, 90, 3)	(90, 63, 7)	(63, 10, 2)	nan
(58, 90, 3)	(90, 85, 0)	(85, 10, 2)	nan
(58, 54, 7)	(54, 10, 2)	nan
(58, 54, 7)	(54, 10, 5)	nan
(58, 54, 7)	(54, 35, 3)	(35, 10, 2)	nan
(58, 54, 7)	(54, 35, 3)	(35, 10, 5)	nan
(58, 54, 7)	(54, 79, 1)	(79, 10, 2)	nan
(58, 54, 7)	(54, 43, 7)	(43, 10, 2)	nan
(58, 54, 7)	(54, 43, 7)	(43, 10, 2)	nan
(58, 54, 7)	(54, 43, 7)	(43, 10, 2)	nan
(58, 54, 7)	(54, 56, 3)	(56, 10, 2)	nan
(58, 54, 7)	(54, 56, 3)	(56, 10, 2)	nan
(58, 54, 7)	(54, 56, 3)	(56, 10, 7)	nan
(58, 54, 7)	(54, 69, 3)	(69, 10, 2)	nan
(58, 54, 7)	(54, 69, 3)	(69, 10, 8)	nan
(58, 34, 8)	(34, 10, 2)	nan
(58, 34, 8)	(34, 59, 7)	(59, 10, 2)	nan
(58, 34, 8)	(34, 59, 7)	(59, 10, 3)	nan
(58, 34, 8)	(34, 59, 3)	(59, 10, 2)	nan
