(58, 35, 8)	(35, 11, 2)	nan
(58, 35, 8)	(35, 11, 8)	nan
(58, 35, 8)	(35, 74, 5)	(74, 11, 2)	nan
(58, 35, 8)	(35, 74, 5)	(74, 11, 7)	nan
(58, 35, 8)	(35, 74, 5)	(74, 11, 3)	nan
(58, 35, 8)	(35, 68, 7)	(68, 11, 2)	nan
(58, 35, 8)	(35, 68, 7)	(68, 11, 3)	nan
(58, 35, 8)	(35, 56, 1)	(56, 11, 2)	nan
(58, 35, 8)	(35, 56, 1)	(56, 11, 5)	nan
(58, 35, 8)	(35, 30, 8)	(30, 11, 2)	nan
(58, 35, 8)	(35, 52, 3)	(52, 11, 2)	nan
(58, 35, 8)	(35, 52, 3)	(52, 11, 2)	nan
(58, 35, 8)	(35, 52, 3)	(52, 11, 6)	nan
(58, 35, 8)	(35, 75, 7)	(75, 11, 2)	nan
(58, 35, 8)	(35, 75, 7)	(75, 11, 3)	nan
(58, 35, 8)	(35, 88, 1)	(88, 11, 2)	nan
(58, 35, 8)	(35, 88, 1)	(88, 11, 1)	nan
(58, 35, 2)	(35, 11, 2)	nan
(58, 35, 2)	(35, 11, 8)	nan
(58, 35, 2)	(35, 74, 5)	(74, 11, 2)	nan
(58, 35, 2)	(35, 74, 5)	(74, 11, 7)	nan
(58, 35, 2)	(35, 74, 5)	(74, 11, 3)	nan
(58, 35, 2)	(35, 68, 7)	(68, 11, 2)	nan
(58, 35, 2)	(35, 68, 7)	(68, 11, 3)	nan
(58, 35, 2)	(35, 56, 1)	(56, 11, 2)	nan
(58, 35, 2)	(35, 56, 1)	(56, 11, 5)	nan
(58, 35, 2)	(35, 30, 8)	(30, 11, 2)	nan
(58, 35, 2)	(35, 52, 3)	(52, 11, 2)	nan
(58, 35, 2)	(35, 52, 3)	(52, 11, 2)	nan
(58, 35, 2)	(35, 52, 3)	(52, 11, 6)	nan
(58, 35, 2)	(35, 75, 7)	(75, 11, 2)	nan
(58, 35, 2)	(35, 75, 7)	(75, 11, 3)	nan
(58, 35, 2)	(35, 88, 1)	(88, 11, 2)	nan
(58, 35, 2)	(35, 88, 1)	(88, 11, 1)	nan
(58, 11, 2)	nan
(58, 11, 5)	nan
(58, 90, 3)	(90, 11, 2)	nan
(58, 90, 3)	(90, 11, 5)	nan
(58, 90, 3)	(90, 71, 0)	(71, 11, 7)	nan
(58, 90, 3)	(90, 70, 5)	(70, 11, 2)	nan
(58, 90, 3)	(90, 70, 5)	(70, 11, 1)	nan
(58, 90, 3)	(90, 55, 0)	(55, 11, 2)	nan
(58, 90, 3)	(90, 55, 0)	(55, 11, 5)	nan
(58, 90, 3)	(90, 63, 7)	(63, 11, 2)	nan
(58, 90, 3)	(90, 63, 7)	(63, 11, 3)	nan
(58, 90, 3)	(90, 85, 0)	(85, 11, 2)	nan
(58, 90, 3)	(90, 85, 0)	(85, 11, 5)	nan
(58, 90, 3)	(90, 30, 7)	(30, 11, 2)	nan
(58, 54, 7)	(54, 11, 2)	nan
(58, 54, 7)	(54, 11, 2)	nan
(58, 54, 7)	(54, 11, 7)	nan
