(58, 20, 8)	nan
(58, 35, 8)	(35, 20, 5)	nan
(58, 35, 8)	(35, 20, 7)	nan
(58, 35, 8)	(35, 74, 5)	(74, 20, 5)	nan
(58, 35, 8)	(35, 74, 5)	(74, 20, 2)	nan
(58, 35, 8)	(35, 56, 1)	(56, 20, 2)	nan
(58, 35, 8)	(35, 56, 1)	(56, 20, 5)	nan
(58, 35, 8)	(35, 56, 1)	(56, 20, 5)	nan
(58, 35, 8)	(35, 52, 3)	(52, 20, 5)	nan
(58, 35, 8)	(35, 52, 3)	(52, 20, 5)	nan
(58, 35, 8)	(35, 52, 3)	(52, 20, 7)	nan
(58, 35, 8)	(35, 52, 3)	(52, 20, 1)	nan
(58, 35, 8)	(35, 75, 7)	(75, 20, 5)	nan
(58, 35, 8)	(35, 75, 7)	(75, 20, 7)	nan
(58, 35, 2)	(35, 20, 5)	nan
(58, 35, 2)	(35, 20, 7)	nan
(58, 35, 2)	(35, 74, 5)	(74, 20, 5)	nan
(58, 35, 2)	(35, 74, 5)	(74, 20, 2)	nan
(58, 35, 2)	(35, 56, 1)	(56, 20, 2)	nan
(58, 35, 2)	(35, 56, 1)	(56, 20, 5)	nan
(58, 35, 2)	(35, 56, 1)	(56, 20, 5)	nan
(58, 35, 2)	(35, 52, 3)	(52, 20, 5)	nan
(58, 35, 2)	(35, 52, 3)	(52, 20, 5)	nan
(58, 35, 2)	(35, 52, 3)	(52, 20, 7)	nan
(58, 35, 2)	(35, 52, 3)	(52, 20, 1)	nan
(58, 35, 2)	(35, 75, 7)	(75, 20, 5)	nan
(58, 35, 2)	(35, 75, 7)	(75, 20, 7)	nan
(58, 90, 3)	(90, 20, 5)	nan
(58, 90, 3)	(90, 20, 3)	nan
(58, 90, 3)	(90, 71, 0)	(71, 20, 5)	nan
(58, 90, 3)	(90, 71, 0)	(71, 20, 8)	nan
(58, 90, 3)	(90, 55, 0)	(55, 20, 5)	nan
(58, 90, 3)	(90, 55, 0)	(55, 20, 5)	nan
(58, 90, 3)	(90, 63, 7)	(63, 20, 5)	nan
(58, 90, 3)	(90, 63, 7)	(63, 20, 2)	nan
(58, 90, 3)	(90, 85, 0)	(85, 20, 5)	nan
(58, 54, 7)	(54, 35, 3)	(35, 20, 5)	nan
(58, 54, 7)	(54, 35, 3)	(35, 20, 7)	nan
(58, 54, 7)	(54, 79, 1)	(79, 20, 5)	nan
(58, 54, 7)	(54, 79, 1)	(79, 20, 6)	nan
(58, 54, 7)	(54, 43, 7)	(43, 20, 5)	nan
(58, 54, 7)	(54, 43, 7)	(43, 20, 0)	nan
(58, 54, 7)	(54, 87, 7)	(87, 20, 5)	nan
(58, 54, 7)	(54, 87, 7)	(87, 20, 5)	nan
(58, 54, 7)	(54, 87, 7)	(87, 20, 8)	nan
(58, 54, 7)	(54, 20, 5)	nan
(58, 54, 7)	(54, 20, 5)	nan
(58, 54, 7)	(54, 56, 3)	(56, 20, 2)	nan
(58, 54, 7)	(54, 56, 3)	(56, 20, 5)	nan
(58, 54, 7)	(54, 56, 3)	(56, 20, 5)	nan
