(58, 35, 8)	(35, 28, 7)	nan
(58, 35, 8)	(35, 28, 1)	nan
(58, 35, 8)	(35, 74, 5)	(74, 28, 7)	nan
(58, 35, 8)	(35, 74, 5)	(74, 28, 7)	nan
(58, 35, 8)	(35, 74, 5)	(74, 28, 8)	nan
(58, 35, 8)	(35, 74, 5)	(74, 28, 3)	nan
(58, 35, 8)	(35, 68, 7)	(68, 28, 7)	nan
(58, 35, 8)	(35, 68, 7)	(68, 28, 2)	nan
(58, 35, 8)	(35, 56, 1)	(56, 28, 7)	nan
(58, 35, 8)	(35, 56, 1)	(56, 28, 2)	nan
(58, 35, 8)	(35, 88, 1)	(88, 28, 7)	nan
(58, 35, 8)	(35, 88, 1)	(88, 28, 3)	nan
(58, 35, 2)	(35, 28, 7)	nan
(58, 35, 2)	(35, 28, 1)	nan
(58, 35, 2)	(35, 74, 5)	(74, 28, 7)	nan
(58, 35, 2)	(35, 74, 5)	(74, 28, 7)	nan
(58, 35, 2)	(35, 74, 5)	(74, 28, 8)	nan
(58, 35, 2)	(35, 74, 5)	(74, 28, 3)	nan
(58, 35, 2)	(35, 68, 7)	(68, 28, 7)	nan
(58, 35, 2)	(35, 68, 7)	(68, 28, 2)	nan
(58, 35, 2)	(35, 56, 1)	(56, 28, 7)	nan
(58, 35, 2)	(35, 56, 1)	(56, 28, 2)	nan
(58, 35, 2)	(35, 88, 1)	(88, 28, 7)	nan
(58, 35, 2)	(35, 88, 1)	(88, 28, 3)	nan
(58, 28, 7)	nan
(58, 28, 6)	nan
(58, 90, 3)	(90, 28, 7)	nan
(58, 90, 3)	(90, 28, 5)	nan
(58, 90, 3)	(90, 71, 0)	(71, 28, 7)	nan
(58, 90, 3)	(90, 71, 0)	(71, 28, 7)	nan
(58, 90, 3)	(90, 71, 0)	(71, 28, 4)	nan
(58, 90, 3)	(90, 71, 0)	(71, 28, 1)	nan
(58, 90, 3)	(90, 70, 5)	(70, 28, 7)	nan
(58, 90, 3)	(90, 70, 5)	(70, 28, 4)	nan
(58, 90, 3)	(90, 55, 0)	(55, 28, 7)	nan
(58, 90, 3)	(90, 55, 0)	(55, 28, 7)	nan
(58, 90, 3)	(90, 55, 0)	(55, 28, 0)	nan
(58, 90, 3)	(90, 55, 0)	(55, 28, 6)	nan
(58, 90, 3)	(90, 63, 7)	(63, 28, 7)	nan
(58, 90, 3)	(90, 63, 7)	(63, 28, 4)	nan
(58, 90, 3)	(90, 85, 0)	(85, 28, 7)	nan
(58, 90, 3)	(90, 85, 0)	(85, 28, 2)	nan
(58, 54, 7)	(54, 28, 7)	nan
(58, 54, 7)	(54, 28, 3)	nan
(58, 54, 7)	(54, 35, 3)	(35, 28, 7)	nan
(58, 54, 7)	(54, 35, 3)	(35, 28, 1)	nan
(58, 54, 7)	(54, 79, 1)	(79, 28, 7)	nan
(58, 54, 7)	(54, 79, 1)	(79, 28, 7)	nan
(58, 54, 7)	(54, 79, 1)	(79, 28, 0)	nan
(58, 54, 7)	(54, 79, 1)	(79, 28, 0)	nan
(58, 54, 7)	(54, 43, 7)	(43, 28, 7)	nan
