(58, 35, 8)	(35, 22, 5)	nan
(58, 35, 8)	(35, 22, 5)	nan
(58, 35, 8)	(35, 22, 3)	nan
(58, 35, 8)	(35, 74, 5)	(74, 22, 5)	nan
(58, 35, 8)	(35, 74, 5)	(74, 22, 1)	nan
(58, 35, 8)	(35, 68, 7)	(68, 22, 5)	nan
(58, 35, 8)	(35, 68, 7)	(68, 22, 5)	nan
(58, 35, 8)	(35, 68, 7)	(68, 22, 3)	nan
(58, 35, 8)	(35, 68, 7)	(68, 22, 1)	nan
(58, 35, 8)	(35, 56, 1)	(56, 22, 5)	nan
(58, 35, 8)	(35, 30, 8)	(30, 22, 5)	nan
(58, 35, 8)	(35, 30, 8)	(30, 22, 7)	nan
(58, 35, 8)	(35, 52, 3)	(52, 22, 5)	nan
(58, 35, 8)	(35, 52, 3)	(52, 22, 5)	nan
(58, 35, 8)	(35, 52, 3)	(52, 22, 0)	nan
(58, 35, 8)	(35, 52, 3)	(52, 22, 2)	nan
(58, 35, 8)	(35, 75, 7)	(75, 22, 5)	nan
(58, 35, 8)	(35, 75, 7)	(75, 22, 5)	nan
(58, 35, 2)	(35, 22, 5)	nan
(58, 35, 2)	(35, 22, 5)	nan
(58, 35, 2)	(35, 22, 3)	nan
(58, 35, 2)	(35, 74, 5)	(74, 22, 5)	nan
(58, 35, 2)	(35, 74, 5)	(74, 22, 1)	nan
(58, 35, 2)	(35, 68, 7)	(68, 22, 5)	nan
(58, 35, 2)	(35, 68, 7)	(68, 22, 5)	nan
(58, 35, 2)	(35, 68, 7)	(68, 22, 3)	nan
(58, 35, 2)	(35, 68, 7)	(68, 22, 1)	nan
(58, 35, 2)	(35, 56, 1)	(56, 22, 5)	nan
(58, 35, 2)	(35, 30, 8)	(30, 22, 5)	nan
(58, 35, 2)	(35, 30, 8)	(30, 22, 7)	nan
(58, 35, 2)	(35, 52, 3)	(52, 22, 5)	nan
(58, 35, 2)	(35, 52, 3)	(52, 22, 5)	nan
(58, 35, 2)	(35, 52, 3)	(52, 22, 0)	nan
(58, 35, 2)	(35, 52, 3)	(52, 22, 2)	nan
(58, 35, 2)	(35, 75, 7)	(75, 22, 5)	nan
(58, 35, 2)	(35, 75, 7)	(75, 22, 5)	nan
(58, 22, 5)	nan
(58, 90, 3)	(90, 71, 0)	(71, 22, 5)	nan
(58, 90, 3)	(90, 71, 0)	(71, 22, 5)	nan
(58, 90, 3)	(90, 70, 5)	(70, 22, 5)	nan
(58, 90, 3)	(90, 55, 0)	(55, 22, 5)	nan
(58, 90, 3)	(90, 63, 7)	(63, 22, 5)	nan
(58, 90, 3)	(90, 30, 7)	(30, 22, 5)	nan
(58, 90, 3)	(90, 30, 7)	(30, 22, 7)	nan
(58, 54, 7)	(54, 35, 3)	(35, 22, 5)	nan
(58, 54, 7)	(54, 35, 3)	(35, 22, 5)	nan
(58, 54, 7)	(54, 35, 3)	(35, 22, 3)	nan
(58, 54, 7)	(54, 43, 7)	(43, 22, 5)	nan
(58, 54, 7)	(54, 87, 7)	(87, 22, 5)	nan
(58, 54, 7)	(54, 87, 7)	(87, 22, 6)	nan
(58, 54, 7)	(54, 56, 3)	(56, 22, 5)	nan
