(58, 35, 8)	(35, 6, 1)	nan
(58, 35, 8)	(35, 6, 1)	nan
(58, 35, 8)	(35, 74, 5)	(74, 6, 1)	nan
(58, 35, 8)	(35, 74, 5)	(74, 6, 1)	nan
(58, 35, 8)	(35, 74, 5)	(74, 6, 3)	nan
(58, 35, 8)	(35, 74, 5)	(74, 6, 2)	nan
(58, 35, 8)	(35, 68, 7)	(68, 6, 1)	nan
(58, 35, 8)	(35, 68, 7)	(68, 6, 1)	nan
(58, 35, 8)	(35, 68, 7)	(68, 6, 3)	nan
(58, 35, 8)	(35, 56, 1)	(56, 6, 5)	nan
(58, 35, 8)	(35, 52, 3)	(52, 6, 1)	nan
(58, 35, 8)	(35, 52, 3)	(52, 6, 0)	nan
(58, 35, 8)	(35, 88, 1)	(88, 6, 1)	nan
(58, 35, 2)	(35, 6, 1)	nan
(58, 35, 2)	(35, 6, 1)	nan
(58, 35, 2)	(35, 74, 5)	(74, 6, 1)	nan
(58, 35, 2)	(35, 74, 5)	(74, 6, 1)	nan
(58, 35, 2)	(35, 74, 5)	(74, 6, 3)	nan
(58, 35, 2)	(35, 74, 5)	(74, 6, 2)	nan
(58, 35, 2)	(35, 68, 7)	(68, 6, 1)	nan
(58, 35, 2)	(35, 68, 7)	(68, 6, 1)	nan
(58, 35, 2)	(35, 68, 7)	(68, 6, 3)	nan
(58, 35, 2)	(35, 56, 1)	(56, 6, 5)	nan
(58, 35, 2)	(35, 52, 3)	(52, 6, 1)	nan
(58, 35, 2)	(35, 52, 3)	(52, 6, 0)	nan
(58, 35, 2)	(35, 88, 1)	(88, 6, 1)	nan
(58, 6, 1)	nan
(58, 90, 3)	(90, 6, 0)	nan
(58, 90, 3)	(90, 70, 5)	(70, 6, 1)	nan
(58, 90, 3)	(90, 55, 0)	(55, 6, 1)	nan
(58, 90, 3)	(90, 55, 0)	(55, 6, 7)	nan
(58, 90, 3)	(90, 85, 0)	(85, 6, 1)	nan
(58, 90, 3)	(90, 85, 0)	(85, 6, 1)	nan
(58, 90, 3)	(90, 85, 0)	(85, 6, 2)	nan
(58, 90, 3)	(90, 85, 0)	(85, 6, 5)	nan
(58, 54, 7)	(54, 6, 1)	nan
(58, 54, 7)	(54, 6, 1)	nan
(58, 54, 7)	(54, 6, 7)	nan
(58, 54, 7)	(54, 35, 3)	(35, 6, 1)	nan
(58, 54, 7)	(54, 35, 3)	(35, 6, 1)	nan
(58, 54, 7)	(54, 79, 1)	(79, 6, 1)	nan
(58, 54, 7)	(54, 79, 1)	(79, 6, 4)	nan
(58, 54, 7)	(54, 43, 7)	(43, 6, 1)	nan
(58, 54, 7)	(54, 43, 7)	(43, 6, 3)	nan
(58, 54, 7)	(54, 87, 7)	(87, 6, 1)	nan
(58, 54, 7)	(54, 87, 7)	(87, 6, 2)	nan
(58, 54, 7)	(54, 56, 3)	(56, 6, 5)	nan
(58, 54, 7)	(54, 38, 2)	(38, 6, 1)	nan
(58, 54, 7)	(54, 38, 2)	(38, 6, 1)	nan
(58, 54, 7)	(54, 38, 2)	(38, 6, 1)	nan
(58, 54, 7)	(54, 38, 2)	(38, 6, 1)	nan
