(58, 35, 8)	(35, 7, 1)	nan
(58, 35, 8)	(35, 7, 0)	nan
(58, 35, 8)	(35, 74, 5)	(74, 7, 1)	nan
(58, 35, 8)	(35, 68, 7)	(68, 7, 5)	nan
(58, 35, 8)	(35, 30, 8)	(30, 7, 1)	nan
(58, 35, 8)	(35, 30, 8)	(30, 7, 4)	nan
(58, 35, 8)	(35, 52, 3)	(52, 7, 1)	nan
(58, 35, 8)	(35, 52, 3)	(52, 7, 0)	nan
(58, 35, 8)	(35, 75, 7)	(75, 7, 1)	nan
(58, 35, 8)	(35, 75, 7)	(75, 7, 5)	nan
(58, 35, 2)	(35, 7, 1)	nan
(58, 35, 2)	(35, 7, 0)	nan
(58, 35, 2)	(35, 74, 5)	(74, 7, 1)	nan
(58, 35, 2)	(35, 68, 7)	(68, 7, 5)	nan
(58, 35, 2)	(35, 30, 8)	(30, 7, 1)	nan
(58, 35, 2)	(35, 30, 8)	(30, 7, 4)	nan
(58, 35, 2)	(35, 52, 3)	(52, 7, 1)	nan
(58, 35, 2)	(35, 52, 3)	(52, 7, 0)	nan
(58, 35, 2)	(35, 75, 7)	(75, 7, 1)	nan
(58, 35, 2)	(35, 75, 7)	(75, 7, 5)	nan
(58, 90, 3)	(90, 7, 1)	nan
(58, 90, 3)	(90, 7, 2)	nan
(58, 90, 3)	(90, 71, 0)	(71, 7, 1)	nan
(58, 90, 3)	(90, 71, 0)	(71, 7, 6)	nan
(58, 90, 3)	(90, 55, 0)	(55, 7, 1)	nan
(58, 90, 3)	(90, 55, 0)	(55, 7, 2)	nan
(58, 90, 3)	(90, 63, 7)	(63, 7, 1)	nan
(58, 90, 3)	(90, 63, 7)	(63, 7, 3)	nan
(58, 90, 3)	(90, 85, 0)	(85, 7, 1)	nan
(58, 90, 3)	(90, 85, 0)	(85, 7, 6)	nan
(58, 90, 3)	(90, 30, 7)	(30, 7, 1)	nan
(58, 90, 3)	(90, 30, 7)	(30, 7, 4)	nan
(58, 54, 7)	(54, 7, 1)	nan
(58, 54, 7)	(54, 7, 0)	nan
(58, 54, 7)	(54, 35, 3)	(35, 7, 1)	nan
(58, 54, 7)	(54, 35, 3)	(35, 7, 0)	nan
(58, 54, 7)	(54, 79, 1)	(79, 7, 1)	nan
(58, 54, 7)	(54, 79, 1)	(79, 7, 1)	nan
(58, 54, 7)	(54, 87, 7)	(87, 7, 1)	nan
(58, 54, 7)	(54, 87, 7)	(87, 7, 1)	nan
(58, 54, 7)	(54, 87, 7)	(87, 7, 1)	nan
(58, 54, 7)	(54, 38, 2)	(38, 7, 1)	nan
(58, 54, 7)	(54, 38, 2)	(38, 7, 1)	nan
(58, 54, 7)	(54, 69, 3)	(69, 7, 1)	nan
(58, 54, 7)	(54, 69, 3)	(69, 7, 7)	nan
(58, 34, 8)	(34, 7, 1)	nan
(58, 34, 8)	(34, 7, 3)	nan
(58, 34, 8)	(34, 59, 7)	(59, 7, 1)	nan
(58, 34, 8)	(34, 59, 7)	(59, 7, 6)	nan
(58, 34, 8)	(34, 59, 7)	(59, 7, 7)	nan
