(59, 0, 2)	nan
(59, 29, 3)	(29, 0, 0)	nan
(59, 29, 3)	(29, 0, 5)	nan
(59, 29, 3)	(29, 50, 5)	(50, 0, 0)	nan
(59, 29, 3)	(29, 50, 5)	(50, 0, 5)	nan
(59, 29, 3)	(29, 88, 0)	(88, 0, 0)	nan
(59, 29, 3)	(29, 88, 0)	(88, 0, 3)	nan
(59, 29, 3)	(29, 88, 0)	(88, 0, 7)	nan
(59, 29, 3)	(29, 35, 1)	(35, 0, 0)	nan
(59, 29, 3)	(29, 35, 1)	(35, 0, 3)	nan
(59, 29, 3)	(29, 35, 1)	(35, 0, 4)	nan
(59, 29, 3)	(29, 52, 7)	(52, 0, 0)	nan
(59, 29, 3)	(29, 52, 7)	(52, 0, 1)	nan
(59, 29, 3)	(29, 76, 3)	(76, 0, 0)	nan
(59, 29, 3)	(29, 86, 1)	(86, 0, 0)	nan
(59, 29, 3)	(29, 86, 1)	(86, 0, 0)	nan
(59, 29, 3)	(29, 86, 1)	(86, 0, 0)	nan
(59, 29, 3)	(29, 86, 1)	(86, 0, 0)	nan
(59, 29, 3)	(29, 86, 1)	(86, 0, 0)	nan
(59, 29, 3)	(29, 86, 1)	(86, 0, 0)	nan
(59, 29, 3)	(29, 86, 1)	(86, 0, 0)	nan
(59, 29, 3)	(29, 86, 1)	(86, 0, 0)	nan
(59, 29, 3)	(29, 86, 1)	(86, 0, 0)	nan
(59, 29, 3)	(29, 86, 1)	(86, 0, 0)	nan
(59, 29, 3)	(29, 86, 1)	(86, 0, 0)	nan
(59, 29, 3)	(29, 86, 1)	(86, 0, 0)	nan
(59, 29, 3)	(29, 86, 1)	(86, 0, 0)	nan
(59, 29, 3)	(29, 86, 1)	(86, 0, 0)	nan
(59, 29, 3)	(29, 86, 1)	(86, 0, 0)	nan
(59, 29, 3)	(29, 86, 1)	(86, 0, 0)	nan
(59, 29, 3)	(29, 86, 1)	(86, 0, 0)	nan
(59, 29, 3)	(29, 86, 1)	(86, 0, 0)	nan
(59, 29, 3)	(29, 61, 7)	(61, 0, 0)	nan
(59, 29, 3)	(29, 61, 7)	(61, 0, 5)	nan
(59, 77, 3)	(77, 34, 8)	(34, 0, 0)	nan
(59, 77, 3)	(77, 34, 8)	(34, 0, 2)	nan
(59, 77, 3)	(77, 34, 2)	(34, 0, 0)	nan
(59, 77, 3)	(77, 34, 2)	(34, 0, 2)	nan
(59, 77, 3)	(77, 0, 0)	nan
(59, 77, 3)	(77, 0, 1)	nan
(59, 77, 3)	(77, 0, 7)	nan
(59, 77, 3)	(77, 35, 7)	(35, 0, 0)	nan
(59, 77, 3)	(77, 35, 7)	(35, 0, 3)	nan
(59, 77, 3)	(77, 35, 7)	(35, 0, 4)	nan
(59, 77, 3)	(77, 30, 7)	(30, 0, 0)	nan
(59, 77, 3)	(77, 30, 7)	(30, 0, 4)	nan
(59, 47, 5)	(47, 0, 0)	nan
(59, 47, 5)	(47, 0, 2)	nan
(59, 47, 5)	(47, 0, 8)	nan
(59, 47, 5)	(47, 60, 5)	(60, 0, 0)	nan
