(59, 29, 3)	(29, 19, 4)	nan
(59, 29, 3)	(29, 19, 8)	nan
(59, 29, 3)	(29, 88, 0)	(88, 19, 4)	nan
(59, 29, 3)	(29, 88, 0)	(88, 19, 0)	nan
(59, 29, 3)	(29, 35, 1)	(35, 19, 4)	nan
(59, 29, 3)	(29, 35, 1)	(35, 19, 7)	nan
(59, 29, 3)	(29, 52, 7)	(52, 19, 4)	nan
(59, 29, 3)	(29, 52, 7)	(52, 19, 2)	nan
(59, 29, 3)	(29, 76, 3)	(76, 19, 4)	nan
(59, 29, 3)	(29, 76, 3)	(76, 19, 4)	nan
(59, 29, 3)	(29, 76, 3)	(76, 19, 6)	nan
(59, 29, 3)	(29, 76, 3)	(76, 19, 6)	nan
(59, 29, 3)	(29, 86, 1)	(86, 19, 4)	nan
(59, 29, 3)	(29, 86, 1)	(86, 19, 4)	nan
(59, 29, 3)	(29, 61, 7)	(61, 19, 1)	nan
(59, 29, 3)	(29, 61, 7)	(61, 19, 4)	nan
(59, 77, 3)	(77, 19, 4)	nan
(59, 77, 3)	(77, 34, 8)	(34, 19, 4)	nan
(59, 77, 3)	(77, 34, 8)	(34, 19, 3)	nan
(59, 77, 3)	(77, 34, 2)	(34, 19, 4)	nan
(59, 77, 3)	(77, 34, 2)	(34, 19, 3)	nan
(59, 77, 3)	(77, 35, 7)	(35, 19, 4)	nan
(59, 77, 3)	(77, 35, 7)	(35, 19, 7)	nan
(59, 77, 3)	(77, 30, 7)	(30, 19, 4)	nan
(59, 47, 5)	(47, 19, 4)	nan
(59, 47, 5)	(47, 19, 0)	nan
(59, 47, 5)	(47, 60, 5)	(60, 19, 4)	nan
(59, 47, 5)	(47, 60, 5)	(60, 19, 4)	nan
(59, 47, 5)	(47, 60, 0)	(60, 19, 4)	nan
(59, 47, 5)	(47, 60, 0)	(60, 19, 4)	nan
(59, 47, 5)	(47, 45, 7)	(45, 19, 4)	nan
(59, 47, 5)	(47, 57, 2)	(57, 19, 4)	nan
(59, 47, 5)	(47, 57, 2)	(57, 19, 0)	nan
(59, 47, 5)	(47, 72, 7)	(72, 19, 4)	nan
(59, 47, 5)	(47, 72, 7)	(72, 19, 4)	nan
(59, 47, 5)	(47, 72, 7)	(72, 19, 0)	nan
(59, 47, 5)	(47, 72, 7)	(72, 19, 5)	nan
(59, 47, 5)	(47, 72, 7)	(72, 19, 1)	nan
(59, 47, 5)	(47, 83, 0)	(83, 19, 4)	nan
(59, 47, 5)	(47, 39, 5)	(39, 19, 0)	nan
(59, 47, 2)	(47, 19, 4)	nan
(59, 47, 2)	(47, 19, 0)	nan
(59, 47, 2)	(47, 60, 5)	(60, 19, 4)	nan
(59, 47, 2)	(47, 60, 5)	(60, 19, 4)	nan
(59, 47, 2)	(47, 60, 0)	(60, 19, 4)	nan
(59, 47, 2)	(47, 60, 0)	(60, 19, 4)	nan
(59, 47, 2)	(47, 45, 7)	(45, 19, 4)	nan
(59, 47, 2)	(47, 57, 2)	(57, 19, 4)	nan
(59, 47, 2)	(47, 57, 2)	(57, 19, 0)	nan
(59, 47, 2)	(47, 72, 7)	(72, 19, 4)	nan
(59, 47, 2)	(47, 72, 7)	(72, 19, 4)	nan
