(59, 11, 6)	nan
(59, 29, 3)	(29, 11, 2)	nan
(59, 29, 3)	(29, 11, 2)	nan
(59, 29, 3)	(29, 11, 7)	nan
(59, 29, 3)	(29, 88, 0)	(88, 11, 2)	nan
(59, 29, 3)	(29, 88, 0)	(88, 11, 1)	nan
(59, 29, 3)	(29, 35, 1)	(35, 11, 2)	nan
(59, 29, 3)	(29, 35, 1)	(35, 11, 8)	nan
(59, 29, 3)	(29, 52, 7)	(52, 11, 2)	nan
(59, 29, 3)	(29, 52, 7)	(52, 11, 2)	nan
(59, 29, 3)	(29, 52, 7)	(52, 11, 6)	nan
(59, 29, 3)	(29, 76, 3)	(76, 11, 2)	nan
(59, 29, 3)	(29, 76, 3)	(76, 11, 7)	nan
(59, 29, 3)	(29, 86, 1)	(86, 11, 2)	nan
(59, 29, 3)	(29, 86, 1)	(86, 11, 2)	nan
(59, 29, 3)	(29, 86, 1)	(86, 11, 5)	nan
(59, 29, 3)	(29, 86, 1)	(86, 11, 5)	nan
(59, 29, 3)	(29, 61, 7)	(61, 11, 2)	nan
(59, 29, 3)	(29, 61, 7)	(61, 11, 2)	nan
(59, 29, 3)	(29, 61, 7)	(61, 11, 5)	nan
(59, 77, 3)	(77, 34, 8)	(34, 11, 2)	nan
(59, 77, 3)	(77, 34, 8)	(34, 11, 8)	nan
(59, 77, 3)	(77, 34, 2)	(34, 11, 2)	nan
(59, 77, 3)	(77, 34, 2)	(34, 11, 8)	nan
(59, 77, 3)	(77, 11, 2)	nan
(59, 77, 3)	(77, 11, 2)	nan
(59, 77, 3)	(77, 11, 2)	nan
(59, 77, 3)	(77, 35, 7)	(35, 11, 2)	nan
(59, 77, 3)	(77, 35, 7)	(35, 11, 8)	nan
(59, 77, 3)	(77, 30, 7)	(30, 11, 2)	nan
(59, 47, 5)	(47, 11, 2)	nan
(59, 47, 5)	(47, 11, 2)	nan
(59, 47, 5)	(47, 11, 4)	nan
(59, 47, 5)	(47, 11, 4)	nan
(59, 47, 5)	(47, 60, 5)	(60, 11, 2)	nan
(59, 47, 5)	(47, 60, 0)	(60, 11, 2)	nan
(59, 47, 5)	(47, 72, 7)	(72, 11, 2)	nan
(59, 47, 5)	(47, 83, 0)	(83, 11, 2)	nan
(59, 47, 5)	(47, 83, 0)	(83, 11, 2)	nan
(59, 47, 5)	(47, 83, 0)	(83, 11, 2)	nan
(59, 47, 5)	(47, 83, 0)	(83, 11, 2)	nan
(59, 47, 5)	(47, 43, 0)	(43, 11, 2)	nan
(59, 47, 5)	(47, 39, 5)	(39, 11, 2)	nan
(59, 47, 2)	(47, 11, 2)	nan
(59, 47, 2)	(47, 11, 2)	nan
(59, 47, 2)	(47, 11, 4)	nan
(59, 47, 2)	(47, 11, 4)	nan
(59, 47, 2)	(47, 60, 5)	(60, 11, 2)	nan
(59, 47, 2)	(47, 60, 0)	(60, 11, 2)	nan
(59, 47, 2)	(47, 72, 7)	(72, 11, 2)	nan
