(59, 29, 3)	(29, 1, 0)	nan
(59, 29, 3)	(29, 88, 0)	(88, 1, 0)	nan
(59, 29, 3)	(29, 35, 1)	(35, 1, 0)	nan
(59, 29, 3)	(29, 61, 7)	(61, 1, 0)	nan
(59, 29, 3)	(29, 61, 7)	(61, 1, 0)	nan
(59, 77, 3)	(77, 35, 7)	(35, 1, 0)	nan
(59, 77, 3)	(77, 1, 0)	nan
(59, 47, 5)	(47, 60, 5)	(60, 1, 0)	nan
(59, 47, 5)	(47, 60, 0)	(60, 1, 0)	nan
(59, 47, 5)	(47, 72, 7)	(72, 1, 0)	nan
(59, 47, 5)	(47, 83, 0)	(83, 1, 0)	nan
(59, 47, 5)	(47, 83, 0)	(83, 1, 0)	nan
(59, 47, 5)	(47, 83, 0)	(83, 1, 1)	nan
(59, 47, 5)	(47, 43, 0)	(43, 1, 0)	nan
(59, 47, 5)	(47, 43, 0)	(43, 1, 5)	nan
(59, 47, 5)	(47, 39, 5)	(39, 1, 0)	nan
(59, 47, 5)	(47, 39, 5)	(39, 1, 0)	nan
(59, 47, 5)	(47, 39, 5)	(39, 1, 2)	nan
(59, 47, 2)	(47, 60, 5)	(60, 1, 0)	nan
(59, 47, 2)	(47, 60, 0)	(60, 1, 0)	nan
(59, 47, 2)	(47, 72, 7)	(72, 1, 0)	nan
(59, 47, 2)	(47, 83, 0)	(83, 1, 0)	nan
(59, 47, 2)	(47, 83, 0)	(83, 1, 0)	nan
(59, 47, 2)	(47, 83, 0)	(83, 1, 1)	nan
(59, 47, 2)	(47, 43, 0)	(43, 1, 0)	nan
(59, 47, 2)	(47, 43, 0)	(43, 1, 5)	nan
(59, 47, 2)	(47, 39, 5)	(39, 1, 0)	nan
(59, 47, 2)	(47, 39, 5)	(39, 1, 0)	nan
(59, 47, 2)	(47, 39, 5)	(39, 1, 2)	nan
(59, 81, 3)	(81, 1, 0)	nan
(59, 81, 3)	(81, 1, 0)	nan
(59, 81, 3)	(81, 1, 4)	nan
(59, 81, 3)	(81, 1, 5)	nan
(59, 81, 3)	(81, 29, 8)	(29, 1, 0)	nan
(59, 81, 3)	(81, 29, 7)	(29, 1, 0)	nan
(59, 81, 3)	(81, 29, 1)	(29, 1, 0)	nan
(59, 81, 3)	(81, 32, 8)	(32, 1, 0)	nan
(59, 81, 3)	(81, 85, 0)	(85, 1, 0)	nan
(59, 81, 3)	(81, 85, 0)	(85, 1, 0)	nan
(59, 81, 3)	(81, 85, 0)	(85, 1, 0)	nan
(59, 81, 3)	(81, 69, 0)	(69, 1, 0)	nan
(59, 81, 3)	(81, 69, 0)	(69, 1, 0)	nan
(59, 81, 3)	(81, 69, 0)	(69, 1, 0)	nan
(59, 81, 3)	(81, 69, 0)	(69, 1, 0)	nan
(59, 81, 3)	(81, 33, 0)	(33, 1, 0)	nan
(59, 81, 3)	(81, 33, 0)	(33, 1, 0)	nan
(59, 81, 3)	(81, 33, 0)	(33, 1, 3)	nan
(59, 46, 7)	(46, 1, 0)	nan
(59, 46, 7)	(46, 1, 0)	nan
(59, 46, 7)	(46, 1, 3)	nan
(59, 46, 7)	(46, 1, 5)	nan
