(59, 10, 3)	nan
(59, 29, 3)	(29, 10, 2)	nan
(59, 29, 3)	(29, 10, 2)	nan
(59, 29, 3)	(29, 10, 5)	nan
(59, 29, 3)	(29, 10, 4)	nan
(59, 29, 3)	(29, 35, 1)	(35, 10, 2)	nan
(59, 29, 3)	(29, 35, 1)	(35, 10, 5)	nan
(59, 29, 3)	(29, 52, 7)	(52, 10, 2)	nan
(59, 29, 3)	(29, 52, 7)	(52, 10, 2)	nan
(59, 29, 3)	(29, 52, 7)	(52, 10, 2)	nan
(59, 29, 3)	(29, 76, 3)	(76, 10, 2)	nan
(59, 29, 3)	(29, 61, 7)	(61, 10, 2)	nan
(59, 29, 3)	(29, 61, 7)	(61, 10, 2)	nan
(59, 77, 3)	(77, 34, 8)	(34, 10, 2)	nan
(59, 77, 3)	(77, 34, 2)	(34, 10, 2)	nan
(59, 77, 3)	(77, 35, 7)	(35, 10, 2)	nan
(59, 77, 3)	(77, 35, 7)	(35, 10, 5)	nan
(59, 47, 5)	(47, 10, 2)	nan
(59, 47, 5)	(47, 10, 2)	nan
(59, 47, 5)	(47, 60, 5)	(60, 10, 2)	nan
(59, 47, 5)	(47, 60, 5)	(60, 10, 2)	nan
(59, 47, 5)	(47, 60, 0)	(60, 10, 2)	nan
(59, 47, 5)	(47, 60, 0)	(60, 10, 2)	nan
(59, 47, 5)	(47, 72, 7)	(72, 10, 2)	nan
(59, 47, 5)	(47, 43, 0)	(43, 10, 2)	nan
(59, 47, 5)	(47, 43, 0)	(43, 10, 2)	nan
(59, 47, 5)	(47, 43, 0)	(43, 10, 2)	nan
(59, 47, 5)	(47, 39, 5)	(39, 10, 2)	nan
(59, 47, 2)	(47, 10, 2)	nan
(59, 47, 2)	(47, 10, 2)	nan
(59, 47, 2)	(47, 60, 5)	(60, 10, 2)	nan
(59, 47, 2)	(47, 60, 5)	(60, 10, 2)	nan
(59, 47, 2)	(47, 60, 0)	(60, 10, 2)	nan
(59, 47, 2)	(47, 60, 0)	(60, 10, 2)	nan
(59, 47, 2)	(47, 72, 7)	(72, 10, 2)	nan
(59, 47, 2)	(47, 43, 0)	(43, 10, 2)	nan
(59, 47, 2)	(47, 43, 0)	(43, 10, 2)	nan
(59, 47, 2)	(47, 43, 0)	(43, 10, 2)	nan
(59, 47, 2)	(47, 39, 5)	(39, 10, 2)	nan
(59, 81, 3)	(81, 29, 8)	(29, 10, 2)	nan
(59, 81, 3)	(81, 29, 8)	(29, 10, 2)	nan
(59, 81, 3)	(81, 29, 8)	(29, 10, 5)	nan
(59, 81, 3)	(81, 29, 8)	(29, 10, 4)	nan
(59, 81, 3)	(81, 29, 7)	(29, 10, 2)	nan
(59, 81, 3)	(81, 29, 7)	(29, 10, 2)	nan
(59, 81, 3)	(81, 29, 7)	(29, 10, 5)	nan
(59, 81, 3)	(81, 29, 7)	(29, 10, 4)	nan
(59, 81, 3)	(81, 29, 1)	(29, 10, 2)	nan
(59, 81, 3)	(81, 29, 1)	(29, 10, 2)	nan
(59, 81, 3)	(81, 29, 1)	(29, 10, 5)	nan
