(59, 14, 3)	nan
(59, 29, 3)	(29, 50, 5)	(50, 14, 3)	nan
(59, 29, 3)	(29, 88, 0)	(88, 14, 0)	nan
(59, 29, 3)	(29, 52, 7)	(52, 14, 3)	nan
(59, 47, 5)	(47, 60, 5)	(60, 14, 5)	nan
(59, 47, 5)	(47, 60, 0)	(60, 14, 5)	nan
(59, 47, 5)	(47, 57, 2)	(57, 14, 3)	nan
(59, 47, 5)	(47, 83, 0)	(83, 14, 3)	nan
(59, 47, 5)	(47, 14, 2)	nan
(59, 47, 2)	(47, 60, 5)	(60, 14, 5)	nan
(59, 47, 2)	(47, 60, 0)	(60, 14, 5)	nan
(59, 47, 2)	(47, 57, 2)	(57, 14, 3)	nan
(59, 47, 2)	(47, 83, 0)	(83, 14, 3)	nan
(59, 47, 2)	(47, 14, 2)	nan
(59, 81, 3)	(81, 14, 3)	nan
(59, 81, 3)	(81, 14, 3)	nan
(59, 81, 3)	(81, 32, 8)	(32, 14, 3)	nan
(59, 81, 3)	(81, 57, 7)	(57, 14, 3)	nan
(59, 81, 3)	(81, 33, 0)	(33, 14, 3)	nan
(59, 81, 3)	(81, 33, 0)	(33, 14, 2)	nan
(59, 46, 7)	(46, 14, 3)	nan
(59, 46, 7)	(46, 14, 1)	nan
(59, 46, 7)	(46, 50, 2)	(50, 14, 3)	nan
(59, 46, 7)	(46, 54, 5)	(54, 14, 3)	nan
(59, 46, 7)	(46, 53, 0)	(53, 14, 3)	nan
(59, 46, 7)	(46, 53, 0)	(53, 14, 3)	nan
(59, 46, 7)	(46, 53, 0)	(53, 14, 5)	nan
(59, 46, 7)	(46, 64, 1)	(64, 14, 3)	nan
(59, 46, 7)	(46, 64, 1)	(64, 14, 3)	nan
(59, 46, 7)	(46, 64, 1)	(64, 14, 3)	nan
(59, 46, 7)	(46, 47, 8)	(47, 14, 2)	nan
(59, 46, 7)	(46, 14, 3)	nan
(59, 46, 7)	(46, 14, 1)	nan
(59, 46, 7)	(46, 50, 2)	(50, 14, 3)	nan
(59, 46, 7)	(46, 54, 5)	(54, 14, 3)	nan
(59, 46, 7)	(46, 53, 0)	(53, 14, 3)	nan
(59, 46, 7)	(46, 53, 0)	(53, 14, 3)	nan
(59, 46, 7)	(46, 53, 0)	(53, 14, 5)	nan
(59, 46, 7)	(46, 64, 1)	(64, 14, 3)	nan
(59, 46, 7)	(46, 64, 1)	(64, 14, 3)	nan
(59, 46, 7)	(46, 64, 1)	(64, 14, 3)	nan
(59, 46, 7)	(46, 47, 8)	(47, 14, 2)	nan
(59, 46, 1)	(46, 14, 3)	nan
(59, 46, 1)	(46, 14, 1)	nan
(59, 46, 1)	(46, 50, 2)	(50, 14, 3)	nan
(59, 46, 1)	(46, 54, 5)	(54, 14, 3)	nan
(59, 46, 1)	(46, 53, 0)	(53, 14, 3)	nan
(59, 46, 1)	(46, 53, 0)	(53, 14, 3)	nan
(59, 46, 1)	(46, 53, 0)	(53, 14, 5)	nan
(59, 46, 1)	(46, 64, 1)	(64, 14, 3)	nan
(59, 46, 1)	(46, 64, 1)	(64, 14, 3)	nan
