(59, 18, 4)	nan
(59, 18, 0)	nan
(59, 29, 3)	(29, 88, 0)	(88, 18, 4)	nan
(59, 29, 3)	(29, 35, 1)	(35, 18, 4)	nan
(59, 29, 3)	(29, 35, 1)	(35, 18, 7)	nan
(59, 29, 3)	(29, 18, 4)	nan
(59, 29, 3)	(29, 52, 7)	(52, 18, 4)	nan
(59, 29, 3)	(29, 76, 3)	(76, 18, 4)	nan
(59, 29, 3)	(29, 76, 3)	(76, 18, 4)	nan
(59, 29, 3)	(29, 61, 7)	(61, 18, 4)	nan
(59, 29, 3)	(29, 61, 7)	(61, 18, 0)	nan
(59, 77, 3)	(77, 18, 4)	nan
(59, 77, 3)	(77, 18, 4)	nan
(59, 77, 3)	(77, 35, 7)	(35, 18, 4)	nan
(59, 77, 3)	(77, 35, 7)	(35, 18, 7)	nan
(59, 47, 5)	(47, 45, 7)	(45, 18, 4)	nan
(59, 47, 5)	(47, 57, 2)	(57, 18, 4)	nan
(59, 47, 5)	(47, 57, 2)	(57, 18, 7)	nan
(59, 47, 2)	(47, 45, 7)	(45, 18, 4)	nan
(59, 47, 2)	(47, 57, 2)	(57, 18, 4)	nan
(59, 47, 2)	(47, 57, 2)	(57, 18, 7)	nan
(59, 81, 3)	(81, 29, 8)	(29, 18, 4)	nan
(59, 81, 3)	(81, 29, 7)	(29, 18, 4)	nan
(59, 81, 3)	(81, 29, 1)	(29, 18, 4)	nan
(59, 81, 3)	(81, 76, 0)	(76, 18, 4)	nan
(59, 81, 3)	(81, 76, 0)	(76, 18, 4)	nan
(59, 81, 3)	(81, 32, 8)	(32, 18, 4)	nan
(59, 81, 3)	(81, 32, 8)	(32, 18, 4)	nan
(59, 81, 3)	(81, 57, 7)	(57, 18, 4)	nan
(59, 81, 3)	(81, 57, 7)	(57, 18, 7)	nan
(59, 46, 7)	(46, 74, 0)	(74, 18, 4)	nan
(59, 46, 7)	(46, 29, 8)	(29, 18, 4)	nan
(59, 46, 7)	(46, 18, 4)	nan
(59, 46, 7)	(46, 54, 5)	(54, 18, 4)	nan
(59, 46, 7)	(46, 54, 5)	(54, 18, 5)	nan
(59, 46, 7)	(46, 53, 0)	(53, 18, 4)	nan
(59, 46, 7)	(46, 53, 0)	(53, 18, 1)	nan
(59, 46, 7)	(46, 74, 0)	(74, 18, 4)	nan
(59, 46, 7)	(46, 29, 8)	(29, 18, 4)	nan
(59, 46, 7)	(46, 18, 4)	nan
(59, 46, 7)	(46, 54, 5)	(54, 18, 4)	nan
(59, 46, 7)	(46, 54, 5)	(54, 18, 5)	nan
(59, 46, 7)	(46, 53, 0)	(53, 18, 4)	nan
(59, 46, 7)	(46, 53, 0)	(53, 18, 1)	nan
(59, 46, 1)	(46, 74, 0)	(74, 18, 4)	nan
(59, 46, 1)	(46, 29, 8)	(29, 18, 4)	nan
(59, 46, 1)	(46, 18, 4)	nan
(59, 46, 1)	(46, 54, 5)	(54, 18, 4)	nan
(59, 46, 1)	(46, 54, 5)	(54, 18, 5)	nan
(59, 46, 1)	(46, 53, 0)	(53, 18, 4)	nan
(59, 46, 1)	(46, 53, 0)	(53, 18, 1)	nan
