(59, 26, 6)	nan
(59, 26, 0)	nan
(59, 29, 3)	(29, 26, 7)	nan
(59, 29, 3)	(29, 26, 2)	nan
(59, 29, 3)	(29, 88, 0)	(88, 26, 7)	nan
(59, 29, 3)	(29, 88, 0)	(88, 26, 7)	nan
(59, 29, 3)	(29, 88, 0)	(88, 26, 8)	nan
(59, 29, 3)	(29, 88, 0)	(88, 26, 2)	nan
(59, 29, 3)	(29, 35, 1)	(35, 26, 7)	nan
(59, 29, 3)	(29, 76, 3)	(76, 26, 7)	nan
(59, 29, 3)	(29, 76, 3)	(76, 26, 7)	nan
(59, 29, 3)	(29, 76, 3)	(76, 26, 7)	nan
(59, 29, 3)	(29, 76, 3)	(76, 26, 7)	nan
(59, 29, 3)	(29, 76, 3)	(76, 26, 7)	nan
(59, 29, 3)	(29, 86, 1)	(86, 26, 7)	nan
(59, 29, 3)	(29, 61, 7)	(61, 26, 7)	nan
(59, 29, 3)	(29, 61, 7)	(61, 26, 8)	nan
(59, 77, 3)	(77, 26, 7)	nan
(59, 77, 3)	(77, 26, 7)	nan
(59, 77, 3)	(77, 26, 8)	nan
(59, 77, 3)	(77, 26, 8)	nan
(59, 77, 3)	(77, 34, 8)	(34, 26, 7)	nan
(59, 77, 3)	(77, 34, 8)	(34, 26, 5)	nan
(59, 77, 3)	(77, 34, 2)	(34, 26, 7)	nan
(59, 77, 3)	(77, 34, 2)	(34, 26, 5)	nan
(59, 77, 3)	(77, 35, 7)	(35, 26, 7)	nan
(59, 77, 3)	(77, 30, 7)	(30, 26, 7)	nan
(59, 77, 3)	(77, 30, 7)	(30, 26, 7)	nan
(59, 77, 3)	(77, 30, 7)	(30, 26, 4)	nan
(59, 77, 3)	(77, 30, 7)	(30, 26, 5)	nan
(59, 47, 5)	(47, 60, 5)	(60, 26, 7)	nan
(59, 47, 5)	(47, 60, 5)	(60, 26, 5)	nan
(59, 47, 5)	(47, 60, 0)	(60, 26, 7)	nan
(59, 47, 5)	(47, 60, 0)	(60, 26, 5)	nan
(59, 47, 5)	(47, 45, 7)	(45, 26, 7)	nan
(59, 47, 5)	(47, 45, 7)	(45, 26, 7)	nan
(59, 47, 5)	(47, 45, 7)	(45, 26, 6)	nan
(59, 47, 5)	(47, 45, 7)	(45, 26, 4)	nan
(59, 47, 5)	(47, 57, 2)	(57, 26, 7)	nan
(59, 47, 5)	(47, 57, 2)	(57, 26, 7)	nan
(59, 47, 5)	(47, 57, 2)	(57, 26, 4)	nan
(59, 47, 5)	(47, 57, 2)	(57, 26, 6)	nan
(59, 47, 5)	(47, 72, 7)	(72, 26, 7)	nan
(59, 47, 5)	(47, 83, 0)	(83, 26, 7)	nan
(59, 47, 5)	(47, 83, 0)	(83, 26, 7)	nan
(59, 47, 5)	(47, 83, 0)	(83, 26, 7)	nan
(59, 47, 5)	(47, 83, 0)	(83, 26, 7)	nan
(59, 47, 5)	(47, 83, 0)	(83, 26, 7)	nan
(59, 47, 5)	(47, 83, 0)	(83, 26, 7)	nan
