(59, 29, 3)	(29, 27, 7)	nan
(59, 29, 3)	(29, 27, 5)	nan
(59, 29, 3)	(29, 50, 5)	(50, 27, 7)	nan
(59, 29, 3)	(29, 50, 5)	(50, 27, 2)	nan
(59, 29, 3)	(29, 88, 0)	(88, 27, 7)	nan
(59, 29, 3)	(29, 88, 0)	(88, 27, 7)	nan
(59, 29, 3)	(29, 88, 0)	(88, 27, 5)	nan
(59, 29, 3)	(29, 88, 0)	(88, 27, 3)	nan
(59, 29, 3)	(29, 35, 1)	(35, 27, 7)	nan
(59, 29, 3)	(29, 52, 7)	(52, 27, 7)	nan
(59, 29, 3)	(29, 52, 7)	(52, 27, 1)	nan
(59, 29, 3)	(29, 76, 3)	(76, 27, 7)	nan
(59, 29, 3)	(29, 76, 3)	(76, 27, 7)	nan
(59, 29, 3)	(29, 76, 3)	(76, 27, 7)	nan
(59, 29, 3)	(29, 76, 3)	(76, 27, 7)	nan
(59, 29, 3)	(29, 76, 3)	(76, 27, 7)	nan
(59, 29, 3)	(29, 76, 3)	(76, 27, 7)	nan
(59, 29, 3)	(29, 76, 3)	(76, 27, 7)	nan
(59, 29, 3)	(29, 76, 3)	(76, 27, 7)	nan
(59, 29, 3)	(29, 76, 3)	(76, 27, 7)	nan
(59, 29, 3)	(29, 76, 3)	(76, 27, 7)	nan
(59, 29, 3)	(29, 76, 3)	(76, 27, 7)	nan
(59, 29, 3)	(29, 76, 3)	(76, 27, 7)	nan
(59, 29, 3)	(29, 86, 1)	(86, 27, 7)	nan
(59, 29, 3)	(29, 61, 7)	(61, 27, 7)	nan
(59, 29, 3)	(29, 61, 7)	(61, 27, 8)	nan
(59, 77, 3)	(77, 27, 7)	nan
(59, 77, 3)	(77, 27, 5)	nan
(59, 77, 3)	(77, 34, 8)	(34, 27, 7)	nan
(59, 77, 3)	(77, 34, 8)	(34, 27, 7)	nan
(59, 77, 3)	(77, 34, 2)	(34, 27, 7)	nan
(59, 77, 3)	(77, 34, 2)	(34, 27, 7)	nan
(59, 77, 3)	(77, 35, 7)	(35, 27, 7)	nan
(59, 77, 3)	(77, 30, 7)	(30, 27, 7)	nan
(59, 47, 5)	(47, 27, 7)	nan
(59, 47, 5)	(47, 27, 5)	nan
(59, 47, 5)	(47, 27, 4)	nan
(59, 47, 5)	(47, 60, 5)	(60, 27, 3)	nan
(59, 47, 5)	(47, 60, 0)	(60, 27, 3)	nan
(59, 47, 5)	(47, 57, 2)	(57, 27, 7)	nan
(59, 47, 5)	(47, 57, 2)	(57, 27, 7)	nan
(59, 47, 5)	(47, 57, 2)	(57, 27, 1)	nan
(59, 47, 5)	(47, 43, 0)	(43, 27, 7)	nan
(59, 47, 5)	(47, 43, 0)	(43, 27, 2)	nan
(59, 47, 5)	(47, 39, 5)	(39, 27, 7)	nan
(59, 47, 5)	(47, 39, 5)	(39, 27, 7)	nan
(59, 47, 5)	(47, 39, 5)	(39, 27, 4)	nan
(59, 47, 2)	(47, 27, 7)	nan
(59, 47, 2)	(47, 27, 5)	nan
(59, 47, 2)	(47, 27, 4)	nan
