(59, 28, 5)	nan
(59, 29, 3)	(29, 28, 7)	nan
(59, 29, 3)	(29, 28, 3)	nan
(59, 29, 3)	(29, 50, 5)	(50, 28, 7)	nan
(59, 29, 3)	(29, 50, 5)	(50, 28, 5)	nan
(59, 29, 3)	(29, 88, 0)	(88, 28, 7)	nan
(59, 29, 3)	(29, 88, 0)	(88, 28, 3)	nan
(59, 29, 3)	(29, 35, 1)	(35, 28, 7)	nan
(59, 29, 3)	(29, 35, 1)	(35, 28, 1)	nan
(59, 29, 3)	(29, 76, 3)	(76, 28, 7)	nan
(59, 29, 3)	(29, 76, 3)	(76, 28, 0)	nan
(59, 29, 3)	(29, 61, 7)	(61, 28, 7)	nan
(59, 29, 3)	(29, 61, 7)	(61, 28, 7)	nan
(59, 29, 3)	(29, 61, 7)	(61, 28, 4)	nan
(59, 29, 3)	(29, 61, 7)	(61, 28, 3)	nan
(59, 77, 3)	(77, 28, 7)	nan
(59, 77, 3)	(77, 28, 2)	nan
(59, 77, 3)	(77, 35, 7)	(35, 28, 7)	nan
(59, 77, 3)	(77, 35, 7)	(35, 28, 1)	nan
(59, 47, 5)	(47, 28, 7)	nan
(59, 47, 5)	(47, 28, 7)	nan
(59, 47, 5)	(47, 28, 6)	nan
(59, 47, 5)	(47, 28, 4)	nan
(59, 47, 5)	(47, 45, 7)	(45, 28, 7)	nan
(59, 47, 5)	(47, 45, 7)	(45, 28, 2)	nan
(59, 47, 5)	(47, 57, 2)	(57, 28, 7)	nan
(59, 47, 5)	(47, 57, 2)	(57, 28, 7)	nan
(59, 47, 5)	(47, 57, 2)	(57, 28, 3)	nan
(59, 47, 5)	(47, 57, 2)	(57, 28, 2)	nan
(59, 47, 5)	(47, 72, 7)	(72, 28, 7)	nan
(59, 47, 5)	(47, 72, 7)	(72, 28, 6)	nan
(59, 47, 5)	(47, 43, 0)	(43, 28, 7)	nan
(59, 47, 5)	(47, 43, 0)	(43, 28, 5)	nan
(59, 47, 5)	(47, 43, 0)	(43, 28, 6)	nan
(59, 47, 5)	(47, 39, 5)	(39, 28, 7)	nan
(59, 47, 5)	(47, 39, 5)	(39, 28, 8)	nan
(59, 47, 2)	(47, 28, 7)	nan
(59, 47, 2)	(47, 28, 7)	nan
(59, 47, 2)	(47, 28, 6)	nan
(59, 47, 2)	(47, 28, 4)	nan
(59, 47, 2)	(47, 45, 7)	(45, 28, 7)	nan
(59, 47, 2)	(47, 45, 7)	(45, 28, 2)	nan
(59, 47, 2)	(47, 57, 2)	(57, 28, 7)	nan
(59, 47, 2)	(47, 57, 2)	(57, 28, 7)	nan
(59, 47, 2)	(47, 57, 2)	(57, 28, 3)	nan
(59, 47, 2)	(47, 57, 2)	(57, 28, 2)	nan
(59, 47, 2)	(47, 72, 7)	(72, 28, 7)	nan
(59, 47, 2)	(47, 72, 7)	(72, 28, 6)	nan
(59, 47, 2)	(47, 43, 0)	(43, 28, 7)	nan
(59, 47, 2)	(47, 43, 0)	(43, 28, 5)	nan
