(59, 29, 3)	(29, 21, 5)	nan
(59, 29, 3)	(29, 21, 5)	nan
(59, 29, 3)	(29, 21, 0)	nan
(59, 29, 3)	(29, 21, 2)	nan
(59, 29, 3)	(29, 50, 5)	(50, 21, 5)	nan
(59, 29, 3)	(29, 50, 5)	(50, 21, 6)	nan
(59, 29, 3)	(29, 35, 1)	(35, 21, 5)	nan
(59, 29, 3)	(29, 35, 1)	(35, 21, 3)	nan
(59, 29, 3)	(29, 52, 7)	(52, 21, 5)	nan
(59, 29, 3)	(29, 52, 7)	(52, 21, 5)	nan
(59, 29, 3)	(29, 52, 7)	(52, 21, 8)	nan
(59, 29, 3)	(29, 52, 7)	(52, 21, 4)	nan
(59, 29, 3)	(29, 76, 3)	(76, 21, 5)	nan
(59, 29, 3)	(29, 76, 3)	(76, 21, 5)	nan
(59, 29, 3)	(29, 76, 3)	(76, 21, 5)	nan
(59, 29, 3)	(29, 76, 3)	(76, 21, 5)	nan
(59, 29, 3)	(29, 86, 1)	(86, 21, 5)	nan
(59, 29, 3)	(29, 86, 1)	(86, 21, 5)	nan
(59, 29, 3)	(29, 86, 1)	(86, 21, 3)	nan
(59, 29, 3)	(29, 61, 7)	(61, 21, 5)	nan
(59, 77, 3)	(77, 34, 8)	(34, 21, 5)	nan
(59, 77, 3)	(77, 34, 2)	(34, 21, 5)	nan
(59, 77, 3)	(77, 21, 5)	nan
(59, 77, 3)	(77, 21, 5)	nan
(59, 77, 3)	(77, 21, 5)	nan
(59, 77, 3)	(77, 21, 5)	nan
(59, 77, 3)	(77, 21, 5)	nan
(59, 77, 3)	(77, 35, 7)	(35, 21, 5)	nan
(59, 77, 3)	(77, 35, 7)	(35, 21, 3)	nan
(59, 77, 3)	(77, 30, 7)	(30, 21, 5)	nan
(59, 77, 3)	(77, 30, 7)	(30, 21, 3)	nan
(59, 47, 5)	(47, 21, 5)	nan
(59, 47, 5)	(47, 21, 6)	nan
(59, 47, 5)	(47, 60, 5)	(60, 21, 5)	nan
(59, 47, 5)	(47, 60, 0)	(60, 21, 5)	nan
(59, 47, 5)	(47, 72, 7)	(72, 21, 5)	nan
(59, 47, 5)	(47, 83, 0)	(83, 21, 5)	nan
(59, 47, 5)	(47, 83, 0)	(83, 21, 5)	nan
(59, 47, 5)	(47, 43, 0)	(43, 21, 5)	nan
(59, 47, 5)	(47, 43, 0)	(43, 21, 5)	nan
(59, 47, 5)	(47, 43, 0)	(43, 21, 0)	nan
(59, 47, 5)	(47, 43, 0)	(43, 21, 7)	nan
(59, 47, 5)	(47, 43, 0)	(43, 21, 1)	nan
(59, 47, 5)	(47, 39, 5)	(39, 21, 5)	nan
(59, 47, 2)	(47, 21, 5)	nan
(59, 47, 2)	(47, 21, 6)	nan
(59, 47, 2)	(47, 60, 5)	(60, 21, 5)	nan
(59, 47, 2)	(47, 60, 0)	(60, 21, 5)	nan
(59, 47, 2)	(47, 72, 7)	(72, 21, 5)	nan
(59, 47, 2)	(47, 83, 0)	(83, 21, 5)	nan
