(59, 25, 6)	nan
(59, 29, 3)	(29, 25, 7)	nan
(59, 29, 3)	(29, 25, 3)	nan
(59, 29, 3)	(29, 50, 5)	(50, 25, 7)	nan
(59, 29, 3)	(29, 50, 5)	(50, 25, 0)	nan
(59, 29, 3)	(29, 52, 7)	(52, 25, 7)	nan
(59, 29, 3)	(29, 52, 7)	(52, 25, 0)	nan
(59, 29, 3)	(29, 76, 3)	(76, 25, 7)	nan
(59, 29, 3)	(29, 76, 3)	(76, 25, 7)	nan
(59, 29, 3)	(29, 76, 3)	(76, 25, 7)	nan
(59, 29, 3)	(29, 76, 3)	(76, 25, 7)	nan
(59, 29, 3)	(29, 76, 3)	(76, 25, 7)	nan
(59, 29, 3)	(29, 76, 3)	(76, 25, 7)	nan
(59, 29, 3)	(29, 76, 3)	(76, 25, 7)	nan
(59, 29, 3)	(29, 86, 1)	(86, 25, 7)	nan
(59, 29, 3)	(29, 86, 1)	(86, 25, 7)	nan
(59, 29, 3)	(29, 86, 1)	(86, 25, 1)	nan
(59, 29, 3)	(29, 61, 7)	(61, 25, 7)	nan
(59, 29, 3)	(29, 61, 7)	(61, 25, 7)	nan
(59, 29, 3)	(29, 61, 7)	(61, 25, 2)	nan
(59, 77, 3)	(77, 25, 7)	nan
(59, 77, 3)	(77, 30, 7)	(30, 25, 7)	nan
(59, 77, 3)	(77, 30, 7)	(30, 25, 2)	nan
(59, 47, 5)	(47, 25, 7)	nan
(59, 47, 5)	(47, 25, 1)	nan
(59, 47, 5)	(47, 45, 7)	(45, 25, 7)	nan
(59, 47, 5)	(47, 45, 7)	(45, 25, 7)	nan
(59, 47, 5)	(47, 45, 7)	(45, 25, 4)	nan
(59, 47, 5)	(47, 45, 7)	(45, 25, 5)	nan
(59, 47, 5)	(47, 57, 2)	(57, 25, 7)	nan
(59, 47, 5)	(47, 72, 7)	(72, 25, 7)	nan
(59, 47, 5)	(47, 72, 7)	(72, 25, 7)	nan
(59, 47, 5)	(47, 72, 7)	(72, 25, 4)	nan
(59, 47, 5)	(47, 83, 0)	(83, 25, 7)	nan
(59, 47, 5)	(47, 83, 0)	(83, 25, 1)	nan
(59, 47, 5)	(47, 39, 5)	(39, 25, 7)	nan
(59, 47, 5)	(47, 39, 5)	(39, 25, 7)	nan
(59, 47, 5)	(47, 39, 5)	(39, 25, 8)	nan
(59, 47, 5)	(47, 39, 5)	(39, 25, 2)	nan
(59, 47, 2)	(47, 25, 7)	nan
(59, 47, 2)	(47, 25, 1)	nan
(59, 47, 2)	(47, 45, 7)	(45, 25, 7)	nan
(59, 47, 2)	(47, 45, 7)	(45, 25, 7)	nan
(59, 47, 2)	(47, 45, 7)	(45, 25, 4)	nan
(59, 47, 2)	(47, 45, 7)	(45, 25, 5)	nan
(59, 47, 2)	(47, 57, 2)	(57, 25, 7)	nan
(59, 47, 2)	(47, 72, 7)	(72, 25, 7)	nan
(59, 47, 2)	(47, 72, 7)	(72, 25, 7)	nan
(59, 47, 2)	(47, 72, 7)	(72, 25, 4)	nan
