(59, 29, 3)	(29, 3, 0)	nan
(59, 29, 3)	(29, 88, 0)	(88, 3, 0)	nan
(59, 29, 3)	(29, 88, 0)	(88, 3, 0)	nan
(59, 29, 3)	(29, 88, 0)	(88, 3, 3)	nan
(59, 29, 3)	(29, 35, 1)	(35, 3, 0)	nan
(59, 29, 3)	(29, 52, 7)	(52, 3, 1)	nan
(59, 29, 3)	(29, 76, 3)	(76, 3, 0)	nan
(59, 29, 3)	(29, 61, 7)	(61, 3, 0)	nan
(59, 29, 3)	(29, 61, 7)	(61, 3, 0)	nan
(59, 77, 3)	(77, 34, 8)	(34, 3, 0)	nan
(59, 77, 3)	(77, 34, 2)	(34, 3, 0)	nan
(59, 77, 3)	(77, 35, 7)	(35, 3, 0)	nan
(59, 77, 3)	(77, 30, 7)	(30, 3, 0)	nan
(59, 77, 3)	(77, 30, 7)	(30, 3, 3)	nan
(59, 77, 3)	(77, 3, 0)	nan
(59, 47, 5)	(47, 3, 0)	nan
(59, 47, 5)	(47, 3, 1)	nan
(59, 47, 5)	(47, 60, 5)	(60, 3, 0)	nan
(59, 47, 5)	(47, 60, 0)	(60, 3, 0)	nan
(59, 47, 5)	(47, 83, 0)	(83, 3, 0)	nan
(59, 47, 5)	(47, 43, 0)	(43, 3, 0)	nan
(59, 47, 5)	(47, 39, 5)	(39, 3, 0)	nan
(59, 47, 2)	(47, 3, 0)	nan
(59, 47, 2)	(47, 3, 1)	nan
(59, 47, 2)	(47, 60, 5)	(60, 3, 0)	nan
(59, 47, 2)	(47, 60, 0)	(60, 3, 0)	nan
(59, 47, 2)	(47, 83, 0)	(83, 3, 0)	nan
(59, 47, 2)	(47, 43, 0)	(43, 3, 0)	nan
(59, 47, 2)	(47, 39, 5)	(39, 3, 0)	nan
(59, 81, 3)	(81, 29, 8)	(29, 3, 0)	nan
(59, 81, 3)	(81, 29, 7)	(29, 3, 0)	nan
(59, 81, 3)	(81, 29, 1)	(29, 3, 0)	nan
(59, 81, 3)	(81, 3, 0)	nan
(59, 81, 3)	(81, 3, 7)	nan
(59, 81, 3)	(81, 76, 0)	(76, 3, 0)	nan
(59, 81, 3)	(81, 32, 8)	(32, 3, 0)	nan
(59, 81, 3)	(81, 32, 8)	(32, 3, 0)	nan
(59, 81, 3)	(81, 32, 8)	(32, 3, 0)	nan
(59, 81, 3)	(81, 69, 0)	(69, 3, 8)	nan
(59, 46, 7)	(46, 3, 0)	nan
(59, 46, 7)	(46, 3, 6)	nan
(59, 46, 7)	(46, 30, 8)	(30, 3, 0)	nan
(59, 46, 7)	(46, 30, 8)	(30, 3, 3)	nan
(59, 46, 7)	(46, 74, 0)	(74, 3, 0)	nan
(59, 46, 7)	(46, 29, 8)	(29, 3, 0)	nan
(59, 46, 7)	(46, 69, 0)	(69, 3, 8)	nan
(59, 46, 7)	(46, 47, 8)	(47, 3, 0)	nan
(59, 46, 7)	(46, 47, 8)	(47, 3, 1)	nan
(59, 46, 7)	(46, 3, 0)	nan
(59, 46, 7)	(46, 3, 6)	nan
(59, 46, 7)	(46, 30, 8)	(30, 3, 0)	nan
