(59, 29, 3)	(29, 88, 0)	(88, 4, 0)	nan
(59, 29, 3)	(29, 61, 7)	(61, 4, 0)	nan
(59, 29, 3)	(29, 4, 0)	nan
(59, 77, 3)	(77, 4, 0)	nan
(59, 77, 3)	(77, 30, 7)	(30, 4, 0)	nan
(59, 77, 3)	(77, 30, 7)	(30, 4, 7)	nan
(59, 47, 5)	(47, 4, 0)	nan
(59, 47, 5)	(47, 4, 5)	nan
(59, 47, 5)	(47, 45, 7)	(45, 4, 0)	nan
(59, 47, 5)	(47, 57, 2)	(57, 4, 0)	nan
(59, 47, 5)	(47, 57, 2)	(57, 4, 0)	nan
(59, 47, 5)	(47, 43, 0)	(43, 4, 0)	nan
(59, 47, 5)	(47, 43, 0)	(43, 4, 5)	nan
(59, 47, 5)	(47, 39, 5)	(39, 4, 0)	nan
(59, 47, 5)	(47, 39, 5)	(39, 4, 0)	nan
(59, 47, 5)	(47, 39, 5)	(39, 4, 6)	nan
(59, 47, 5)	(47, 39, 5)	(39, 4, 4)	nan
(59, 47, 2)	(47, 4, 0)	nan
(59, 47, 2)	(47, 4, 5)	nan
(59, 47, 2)	(47, 45, 7)	(45, 4, 0)	nan
(59, 47, 2)	(47, 57, 2)	(57, 4, 0)	nan
(59, 47, 2)	(47, 57, 2)	(57, 4, 0)	nan
(59, 47, 2)	(47, 43, 0)	(43, 4, 0)	nan
(59, 47, 2)	(47, 43, 0)	(43, 4, 5)	nan
(59, 47, 2)	(47, 39, 5)	(39, 4, 0)	nan
(59, 47, 2)	(47, 39, 5)	(39, 4, 0)	nan
(59, 47, 2)	(47, 39, 5)	(39, 4, 6)	nan
(59, 47, 2)	(47, 39, 5)	(39, 4, 4)	nan
(59, 81, 3)	(81, 29, 8)	(29, 4, 0)	nan
(59, 81, 3)	(81, 29, 7)	(29, 4, 0)	nan
(59, 81, 3)	(81, 29, 1)	(29, 4, 0)	nan
(59, 81, 3)	(81, 69, 0)	(69, 4, 0)	nan
(59, 81, 3)	(81, 57, 7)	(57, 4, 0)	nan
(59, 81, 3)	(81, 57, 7)	(57, 4, 0)	nan
(59, 81, 3)	(81, 33, 0)	(33, 4, 0)	nan
(59, 4, 0)	nan
(59, 46, 7)	(46, 4, 0)	nan
(59, 46, 7)	(46, 4, 0)	nan
(59, 46, 7)	(46, 4, 5)	nan
(59, 46, 7)	(46, 4, 4)	nan
(59, 46, 7)	(46, 30, 8)	(30, 4, 0)	nan
(59, 46, 7)	(46, 30, 8)	(30, 4, 7)	nan
(59, 46, 7)	(46, 29, 8)	(29, 4, 0)	nan
(59, 46, 7)	(46, 69, 0)	(69, 4, 0)	nan
(59, 46, 7)	(46, 47, 8)	(47, 4, 0)	nan
(59, 46, 7)	(46, 47, 8)	(47, 4, 5)	nan
(59, 46, 7)	(46, 4, 0)	nan
(59, 46, 7)	(46, 4, 0)	nan
(59, 46, 7)	(46, 4, 5)	nan
(59, 46, 7)	(46, 4, 4)	nan
(59, 46, 7)	(46, 30, 8)	(30, 4, 0)	nan
