(59, 29, 3)	(29, 50, 5)	(50, 5, 0)	nan
(59, 77, 3)	(77, 34, 8)	(34, 5, 0)	nan
(59, 77, 3)	(77, 34, 2)	(34, 5, 0)	nan
(59, 47, 5)	(47, 5, 0)	nan
(59, 47, 5)	(47, 5, 0)	nan
(59, 47, 5)	(47, 5, 7)	nan
(59, 47, 5)	(47, 5, 4)	nan
(59, 47, 5)	(47, 45, 7)	(45, 5, 0)	nan
(59, 47, 5)	(47, 45, 7)	(45, 5, 0)	nan
(59, 47, 5)	(47, 45, 7)	(45, 5, 2)	nan
(59, 47, 5)	(47, 45, 7)	(45, 5, 4)	nan
(59, 47, 5)	(47, 72, 7)	(72, 5, 0)	nan
(59, 47, 5)	(47, 43, 0)	(43, 5, 0)	nan
(59, 47, 5)	(47, 43, 0)	(43, 5, 0)	nan
(59, 47, 5)	(47, 43, 0)	(43, 5, 4)	nan
(59, 47, 5)	(47, 39, 5)	(39, 5, 0)	nan
(59, 47, 5)	(47, 39, 5)	(39, 5, 0)	nan
(59, 47, 5)	(47, 39, 5)	(39, 5, 7)	nan
(59, 47, 5)	(47, 39, 5)	(39, 5, 2)	nan
(59, 47, 2)	(47, 5, 0)	nan
(59, 47, 2)	(47, 5, 0)	nan
(59, 47, 2)	(47, 5, 7)	nan
(59, 47, 2)	(47, 5, 4)	nan
(59, 47, 2)	(47, 45, 7)	(45, 5, 0)	nan
(59, 47, 2)	(47, 45, 7)	(45, 5, 0)	nan
(59, 47, 2)	(47, 45, 7)	(45, 5, 2)	nan
(59, 47, 2)	(47, 45, 7)	(45, 5, 4)	nan
(59, 47, 2)	(47, 72, 7)	(72, 5, 0)	nan
(59, 47, 2)	(47, 43, 0)	(43, 5, 0)	nan
(59, 47, 2)	(47, 43, 0)	(43, 5, 0)	nan
(59, 47, 2)	(47, 43, 0)	(43, 5, 4)	nan
(59, 47, 2)	(47, 39, 5)	(39, 5, 0)	nan
(59, 47, 2)	(47, 39, 5)	(39, 5, 0)	nan
(59, 47, 2)	(47, 39, 5)	(39, 5, 7)	nan
(59, 47, 2)	(47, 39, 5)	(39, 5, 2)	nan
(59, 81, 3)	(81, 5, 0)	nan
(59, 81, 3)	(81, 5, 0)	nan
(59, 81, 3)	(81, 69, 0)	(69, 5, 0)	nan
(59, 46, 7)	(46, 5, 0)	nan
(59, 46, 7)	(46, 50, 2)	(50, 5, 0)	nan
(59, 46, 7)	(46, 69, 0)	(69, 5, 0)	nan
(59, 46, 7)	(46, 64, 1)	(64, 5, 0)	nan
(59, 46, 7)	(46, 47, 8)	(47, 5, 0)	nan
(59, 46, 7)	(46, 47, 8)	(47, 5, 0)	nan
(59, 46, 7)	(46, 47, 8)	(47, 5, 7)	nan
(59, 46, 7)	(46, 47, 8)	(47, 5, 4)	nan
(59, 46, 7)	(46, 5, 0)	nan
(59, 46, 7)	(46, 50, 2)	(50, 5, 0)	nan
(59, 46, 7)	(46, 69, 0)	(69, 5, 0)	nan
(59, 46, 7)	(46, 64, 1)	(64, 5, 0)	nan
(59, 46, 7)	(46, 47, 8)	(47, 5, 0)	nan
