(59, 29, 3)	(29, 8, 1)	nan
(59, 29, 3)	(29, 88, 0)	(88, 8, 1)	nan
(59, 29, 3)	(29, 88, 0)	(88, 8, 1)	nan
(59, 29, 3)	(29, 35, 1)	(35, 8, 1)	nan
(59, 29, 3)	(29, 35, 1)	(35, 8, 4)	nan
(59, 29, 3)	(29, 52, 7)	(52, 8, 1)	nan
(59, 29, 3)	(29, 52, 7)	(52, 8, 5)	nan
(59, 29, 3)	(29, 52, 7)	(52, 8, 3)	nan
(59, 29, 3)	(29, 76, 3)	(76, 8, 1)	nan
(59, 29, 3)	(29, 76, 3)	(76, 8, 1)	nan
(59, 29, 3)	(29, 61, 7)	(61, 8, 1)	nan
(59, 29, 3)	(29, 61, 7)	(61, 8, 1)	nan
(59, 29, 3)	(29, 61, 7)	(61, 8, 3)	nan
(59, 29, 3)	(29, 61, 7)	(61, 8, 0)	nan
(59, 77, 3)	(77, 34, 8)	(34, 8, 1)	nan
(59, 77, 3)	(77, 34, 8)	(34, 8, 1)	nan
(59, 77, 3)	(77, 34, 8)	(34, 8, 2)	nan
(59, 77, 3)	(77, 34, 8)	(34, 8, 4)	nan
(59, 77, 3)	(77, 34, 2)	(34, 8, 1)	nan
(59, 77, 3)	(77, 34, 2)	(34, 8, 1)	nan
(59, 77, 3)	(77, 34, 2)	(34, 8, 2)	nan
(59, 77, 3)	(77, 34, 2)	(34, 8, 4)	nan
(59, 77, 3)	(77, 35, 7)	(35, 8, 1)	nan
(59, 77, 3)	(77, 35, 7)	(35, 8, 4)	nan
(59, 77, 3)	(77, 8, 1)	nan
(59, 77, 3)	(77, 8, 1)	nan
(59, 77, 3)	(77, 8, 1)	nan
(59, 77, 3)	(77, 8, 1)	nan
(59, 47, 5)	(47, 8, 1)	nan
(59, 47, 5)	(47, 8, 3)	nan
(59, 47, 5)	(47, 60, 5)	(60, 8, 1)	nan
(59, 47, 5)	(47, 60, 5)	(60, 8, 8)	nan
(59, 47, 5)	(47, 60, 0)	(60, 8, 1)	nan
(59, 47, 5)	(47, 60, 0)	(60, 8, 8)	nan
(59, 47, 5)	(47, 45, 7)	(45, 8, 1)	nan
(59, 47, 5)	(47, 45, 7)	(45, 8, 1)	nan
(59, 47, 5)	(47, 45, 7)	(45, 8, 3)	nan
(59, 47, 5)	(47, 45, 7)	(45, 8, 3)	nan
(59, 47, 5)	(47, 57, 2)	(57, 8, 1)	nan
(59, 47, 5)	(47, 57, 2)	(57, 8, 3)	nan
(59, 47, 5)	(47, 72, 7)	(72, 8, 1)	nan
(59, 47, 5)	(47, 72, 7)	(72, 8, 7)	nan
(59, 47, 5)	(47, 72, 7)	(72, 8, 2)	nan
(59, 47, 5)	(47, 83, 0)	(83, 8, 1)	nan
(59, 47, 5)	(47, 43, 0)	(43, 8, 1)	nan
(59, 47, 5)	(47, 43, 0)	(43, 8, 2)	nan
(59, 47, 5)	(47, 39, 5)	(39, 8, 1)	nan
(59, 47, 2)	(47, 8, 1)	nan
(59, 47, 2)	(47, 8, 3)	nan
(59, 47, 2)	(47, 60, 5)	(60, 8, 1)	nan
(59, 47, 2)	(47, 60, 5)	(60, 8, 8)	nan
