(60, 35, 8)	(35, 15, 3)	nan
(60, 35, 8)	(35, 15, 8)	nan
(60, 35, 8)	(35, 68, 7)	(68, 15, 3)	nan
(60, 35, 8)	(35, 56, 1)	(56, 15, 3)	nan
(60, 35, 8)	(35, 30, 8)	(30, 15, 3)	nan
(60, 35, 8)	(35, 75, 7)	(75, 15, 3)	nan
(60, 35, 8)	(35, 15, 3)	nan
(60, 35, 8)	(35, 15, 8)	nan
(60, 35, 8)	(35, 68, 7)	(68, 15, 3)	nan
(60, 35, 8)	(35, 56, 1)	(56, 15, 3)	nan
(60, 35, 8)	(35, 30, 8)	(30, 15, 3)	nan
(60, 35, 8)	(35, 75, 7)	(75, 15, 3)	nan
(60, 15, 3)	nan
(60, 15, 7)	nan
(60, 15, 0)	nan
(60, 32, 8)	(32, 29, 3)	(29, 15, 3)	nan
(60, 32, 8)	(32, 29, 3)	(29, 15, 8)	nan
(60, 32, 8)	(32, 86, 7)	(86, 15, 3)	nan
(60, 32, 8)	(32, 61, 1)	(61, 15, 3)	nan
(60, 32, 8)	(32, 61, 1)	(61, 15, 3)	nan
(60, 32, 8)	(32, 61, 1)	(61, 15, 7)	nan
(60, 32, 8)	(32, 76, 7)	(76, 15, 3)	nan
(60, 32, 8)	(32, 76, 7)	(76, 15, 3)	nan
(60, 32, 8)	(32, 51, 1)	(51, 15, 3)	nan
(60, 32, 8)	(32, 51, 1)	(51, 15, 7)	nan
(60, 32, 8)	(32, 41, 3)	(41, 15, 3)	nan
(60, 32, 8)	(32, 41, 3)	(41, 15, 0)	nan
(60, 32, 8)	(32, 40, 5)	(40, 15, 3)	nan
(60, 36, 1)	(36, 62, 5)	(62, 15, 3)	nan
(60, 36, 1)	(36, 62, 5)	(62, 15, 3)	nan
(60, 36, 1)	(36, 62, 5)	(62, 15, 2)	nan
(60, 36, 1)	(36, 62, 5)	(62, 15, 6)	nan
(60, 36, 1)	(36, 76, 7)	(76, 15, 3)	nan
(60, 36, 1)	(36, 76, 7)	(76, 15, 3)	nan
(60, 36, 1)	(36, 55, 0)	(55, 15, 3)	nan
(60, 36, 1)	(36, 55, 0)	(55, 15, 3)	nan
(60, 36, 1)	(36, 55, 0)	(55, 15, 7)	nan
(60, 36, 1)	(36, 29, 7)	(29, 15, 3)	nan
(60, 36, 1)	(36, 29, 7)	(29, 15, 8)	nan
(60, 36, 1)	(36, 29, 8)	(29, 15, 3)	nan
(60, 36, 1)	(36, 29, 8)	(29, 15, 8)	nan
(60, 79, 1)	(79, 68, 1)	(68, 15, 3)	nan
(60, 30, 8)	(30, 72, 4)	(72, 15, 3)	nan
(60, 30, 8)	(30, 72, 4)	(72, 15, 3)	nan
(60, 30, 8)	(30, 72, 4)	(72, 15, 3)	nan
(60, 30, 8)	(30, 72, 4)	(72, 15, 3)	nan
(60, 30, 8)	(30, 75, 7)	(75, 15, 3)	nan
(60, 30, 8)	(30, 34, 8)	(34, 15, 3)	nan
(60, 30, 8)	(30, 34, 8)	(34, 15, 1)	nan
(60, 30, 8)	(30, 85, 0)	(85, 15, 3)	nan
