(60, 35, 8)	(35, 68, 7)	(68, 23, 6)	nan
(60, 35, 8)	(35, 68, 7)	(68, 23, 6)	nan
(60, 23, 6)	nan
(60, 23, 8)	nan
(60, 32, 8)	(32, 86, 7)	(86, 23, 6)	nan
(60, 32, 8)	(32, 86, 7)	(86, 23, 6)	nan
(60, 32, 8)	(32, 61, 1)	(61, 23, 6)	nan
(60, 32, 8)	(32, 61, 1)	(61, 23, 6)	nan
(60, 32, 8)	(32, 61, 1)	(61, 23, 8)	nan
(60, 32, 8)	(32, 51, 1)	(51, 23, 6)	nan
(60, 32, 8)	(32, 41, 3)	(41, 23, 0)	nan
(60, 36, 1)	(36, 62, 5)	(62, 23, 6)	nan
(60, 36, 1)	(36, 62, 5)	(62, 23, 7)	nan
(60, 36, 1)	(36, 66, 1)	(66, 23, 6)	nan
(60, 36, 1)	(36, 66, 1)	(66, 23, 7)	nan
(60, 36, 1)	(36, 55, 0)	(55, 23, 3)	nan
(60, 79, 1)	(79, 66, 1)	(66, 23, 6)	nan
(60, 79, 1)	(79, 66, 1)	(66, 23, 7)	nan
(60, 79, 1)	(79, 68, 1)	(68, 23, 6)	nan
(60, 79, 1)	(79, 23, 6)	nan
(60, 34, 6)	(34, 41, 7)	(41, 23, 0)	nan
(60, 74, 1)	(74, 90, 1)	(90, 23, 0)	nan
(60, 74, 1)	(74, 51, 7)	(51, 23, 6)	nan
