(60, 35, 8)	(35, 26, 7)	nan
(60, 35, 8)	(35, 74, 5)	(74, 26, 7)	nan
(60, 35, 8)	(35, 74, 5)	(74, 26, 0)	nan
(60, 35, 8)	(35, 68, 7)	(68, 26, 7)	nan
(60, 35, 8)	(35, 56, 1)	(56, 26, 7)	nan
(60, 35, 8)	(35, 56, 1)	(56, 26, 2)	nan
(60, 35, 8)	(35, 56, 1)	(56, 26, 3)	nan
(60, 35, 8)	(35, 30, 8)	(30, 26, 7)	nan
(60, 35, 8)	(35, 30, 8)	(30, 26, 7)	nan
(60, 35, 8)	(35, 30, 8)	(30, 26, 4)	nan
(60, 35, 8)	(35, 30, 8)	(30, 26, 5)	nan
(60, 35, 8)	(35, 75, 7)	(75, 26, 7)	nan
(60, 35, 8)	(35, 75, 7)	(75, 26, 8)	nan
(60, 35, 8)	(35, 88, 1)	(88, 26, 7)	nan
(60, 35, 8)	(35, 88, 1)	(88, 26, 7)	nan
(60, 35, 8)	(35, 88, 1)	(88, 26, 8)	nan
(60, 35, 8)	(35, 88, 1)	(88, 26, 2)	nan
(60, 35, 8)	(35, 26, 7)	nan
(60, 35, 8)	(35, 74, 5)	(74, 26, 7)	nan
(60, 35, 8)	(35, 74, 5)	(74, 26, 0)	nan
(60, 35, 8)	(35, 68, 7)	(68, 26, 7)	nan
(60, 35, 8)	(35, 56, 1)	(56, 26, 7)	nan
(60, 35, 8)	(35, 56, 1)	(56, 26, 2)	nan
(60, 35, 8)	(35, 56, 1)	(56, 26, 3)	nan
(60, 35, 8)	(35, 30, 8)	(30, 26, 7)	nan
(60, 35, 8)	(35, 30, 8)	(30, 26, 7)	nan
(60, 35, 8)	(35, 30, 8)	(30, 26, 4)	nan
(60, 35, 8)	(35, 30, 8)	(30, 26, 5)	nan
(60, 35, 8)	(35, 75, 7)	(75, 26, 7)	nan
(60, 35, 8)	(35, 75, 7)	(75, 26, 8)	nan
(60, 35, 8)	(35, 88, 1)	(88, 26, 7)	nan
(60, 35, 8)	(35, 88, 1)	(88, 26, 7)	nan
(60, 35, 8)	(35, 88, 1)	(88, 26, 8)	nan
(60, 35, 8)	(35, 88, 1)	(88, 26, 2)	nan
(60, 26, 7)	nan
(60, 26, 5)	nan
(60, 32, 8)	(32, 26, 7)	nan
(60, 32, 8)	(32, 26, 8)	nan
(60, 32, 8)	(32, 29, 3)	(29, 26, 7)	nan
(60, 32, 8)	(32, 29, 3)	(29, 26, 2)	nan
(60, 32, 8)	(32, 86, 7)	(86, 26, 7)	nan
(60, 32, 8)	(32, 61, 1)	(61, 26, 7)	nan
(60, 32, 8)	(32, 61, 1)	(61, 26, 8)	nan
(60, 32, 8)	(32, 76, 7)	(76, 26, 7)	nan
(60, 32, 8)	(32, 76, 7)	(76, 26, 7)	nan
(60, 32, 8)	(32, 76, 7)	(76, 26, 7)	nan
(60, 32, 8)	(32, 76, 7)	(76, 26, 7)	nan
(60, 32, 8)	(32, 76, 7)	(76, 26, 7)	nan
(60, 32, 8)	(32, 41, 3)	(41, 26, 7)	nan
(60, 36, 1)	(36, 26, 7)	nan
(60, 36, 1)	(36, 62, 5)	(62, 26, 7)	nan
