(60, 35, 8)	(35, 20, 5)	nan
(60, 35, 8)	(35, 20, 7)	nan
(60, 35, 8)	(35, 74, 5)	(74, 20, 5)	nan
(60, 35, 8)	(35, 74, 5)	(74, 20, 2)	nan
(60, 35, 8)	(35, 56, 1)	(56, 20, 2)	nan
(60, 35, 8)	(35, 56, 1)	(56, 20, 5)	nan
(60, 35, 8)	(35, 56, 1)	(56, 20, 5)	nan
(60, 35, 8)	(35, 52, 3)	(52, 20, 5)	nan
(60, 35, 8)	(35, 52, 3)	(52, 20, 5)	nan
(60, 35, 8)	(35, 52, 3)	(52, 20, 7)	nan
(60, 35, 8)	(35, 52, 3)	(52, 20, 1)	nan
(60, 35, 8)	(35, 75, 7)	(75, 20, 5)	nan
(60, 35, 8)	(35, 75, 7)	(75, 20, 7)	nan
(60, 35, 8)	(35, 20, 5)	nan
(60, 35, 8)	(35, 20, 7)	nan
(60, 35, 8)	(35, 74, 5)	(74, 20, 5)	nan
(60, 35, 8)	(35, 74, 5)	(74, 20, 2)	nan
(60, 35, 8)	(35, 56, 1)	(56, 20, 2)	nan
(60, 35, 8)	(35, 56, 1)	(56, 20, 5)	nan
(60, 35, 8)	(35, 56, 1)	(56, 20, 5)	nan
(60, 35, 8)	(35, 52, 3)	(52, 20, 5)	nan
(60, 35, 8)	(35, 52, 3)	(52, 20, 5)	nan
(60, 35, 8)	(35, 52, 3)	(52, 20, 7)	nan
(60, 35, 8)	(35, 52, 3)	(52, 20, 1)	nan
(60, 35, 8)	(35, 75, 7)	(75, 20, 5)	nan
(60, 35, 8)	(35, 75, 7)	(75, 20, 7)	nan
(60, 32, 8)	(32, 29, 3)	(29, 20, 5)	nan
(60, 32, 8)	(32, 29, 3)	(29, 20, 5)	nan
(60, 32, 8)	(32, 29, 3)	(29, 20, 4)	nan
(60, 32, 8)	(32, 86, 7)	(86, 20, 5)	nan
(60, 32, 8)	(32, 86, 7)	(86, 20, 5)	nan
(60, 32, 8)	(32, 76, 7)	(76, 20, 5)	nan
(60, 32, 8)	(32, 51, 1)	(51, 20, 5)	nan
(60, 32, 8)	(32, 51, 1)	(51, 20, 0)	nan
(60, 32, 8)	(32, 41, 3)	(41, 20, 5)	nan
(60, 32, 8)	(32, 41, 3)	(41, 20, 5)	nan
(60, 32, 8)	(32, 41, 3)	(41, 20, 3)	nan
(60, 32, 8)	(32, 41, 3)	(41, 20, 0)	nan
(60, 36, 1)	(36, 20, 5)	nan
(60, 36, 1)	(36, 20, 5)	nan
(60, 36, 1)	(36, 20, 1)	nan
(60, 36, 1)	(36, 20, 0)	nan
(60, 36, 1)	(36, 31, 8)	(31, 20, 5)	nan
(60, 36, 1)	(36, 31, 8)	(31, 20, 7)	nan
(60, 36, 1)	(36, 31, 0)	(31, 20, 5)	nan
(60, 36, 1)	(36, 31, 0)	(31, 20, 7)	nan
(60, 36, 1)	(36, 31, 0)	(31, 20, 5)	nan
(60, 36, 1)	(36, 31, 0)	(31, 20, 7)	nan
(60, 36, 1)	(36, 62, 5)	(62, 20, 5)	nan
(60, 36, 1)	(36, 62, 5)	(62, 20, 1)	nan
(60, 36, 1)	(36, 66, 1)	(66, 20, 5)	nan
