(60, 35, 8)	(35, 6, 1)	nan
(60, 35, 8)	(35, 6, 1)	nan
(60, 35, 8)	(35, 74, 5)	(74, 6, 1)	nan
(60, 35, 8)	(35, 74, 5)	(74, 6, 1)	nan
(60, 35, 8)	(35, 74, 5)	(74, 6, 3)	nan
(60, 35, 8)	(35, 74, 5)	(74, 6, 2)	nan
(60, 35, 8)	(35, 68, 7)	(68, 6, 1)	nan
(60, 35, 8)	(35, 68, 7)	(68, 6, 1)	nan
(60, 35, 8)	(35, 68, 7)	(68, 6, 3)	nan
(60, 35, 8)	(35, 56, 1)	(56, 6, 5)	nan
(60, 35, 8)	(35, 52, 3)	(52, 6, 1)	nan
(60, 35, 8)	(35, 52, 3)	(52, 6, 0)	nan
(60, 35, 8)	(35, 88, 1)	(88, 6, 1)	nan
(60, 35, 8)	(35, 6, 1)	nan
(60, 35, 8)	(35, 6, 1)	nan
(60, 35, 8)	(35, 74, 5)	(74, 6, 1)	nan
(60, 35, 8)	(35, 74, 5)	(74, 6, 1)	nan
(60, 35, 8)	(35, 74, 5)	(74, 6, 3)	nan
(60, 35, 8)	(35, 74, 5)	(74, 6, 2)	nan
(60, 35, 8)	(35, 68, 7)	(68, 6, 1)	nan
(60, 35, 8)	(35, 68, 7)	(68, 6, 1)	nan
(60, 35, 8)	(35, 68, 7)	(68, 6, 3)	nan
(60, 35, 8)	(35, 56, 1)	(56, 6, 5)	nan
(60, 35, 8)	(35, 52, 3)	(52, 6, 1)	nan
(60, 35, 8)	(35, 52, 3)	(52, 6, 0)	nan
(60, 35, 8)	(35, 88, 1)	(88, 6, 1)	nan
(60, 6, 1)	nan
(60, 6, 8)	nan
(60, 32, 8)	(32, 29, 3)	(29, 6, 1)	nan
(60, 32, 8)	(32, 29, 3)	(29, 6, 2)	nan
(60, 32, 8)	(32, 61, 1)	(61, 6, 1)	nan
(60, 32, 8)	(32, 61, 1)	(61, 6, 1)	nan
(60, 32, 8)	(32, 76, 7)	(76, 6, 1)	nan
(60, 32, 8)	(32, 76, 7)	(76, 6, 1)	nan
(60, 32, 8)	(32, 76, 7)	(76, 6, 1)	nan
(60, 32, 8)	(32, 76, 7)	(76, 6, 1)	nan
(60, 32, 8)	(32, 76, 7)	(76, 6, 1)	nan
(60, 32, 8)	(32, 76, 7)	(76, 6, 1)	nan
(60, 32, 8)	(32, 76, 7)	(76, 6, 1)	nan
(60, 32, 8)	(32, 51, 1)	(51, 6, 1)	nan
(60, 32, 8)	(32, 51, 1)	(51, 6, 3)	nan
(60, 32, 8)	(32, 41, 3)	(41, 6, 1)	nan
(60, 32, 8)	(32, 41, 3)	(41, 6, 1)	nan
(60, 32, 8)	(32, 41, 3)	(41, 6, 0)	nan
(60, 32, 8)	(32, 41, 3)	(41, 6, 2)	nan
(60, 32, 8)	(32, 40, 5)	(40, 6, 1)	nan
(60, 32, 8)	(32, 40, 5)	(40, 6, 1)	nan
(60, 32, 8)	(32, 40, 5)	(40, 6, 8)	nan
(60, 32, 8)	(32, 40, 5)	(40, 6, 3)	nan
(60, 36, 1)	(36, 31, 8)	(31, 6, 1)	nan
