(60, 35, 8)	(35, 7, 1)	nan
(60, 35, 8)	(35, 7, 0)	nan
(60, 35, 8)	(35, 74, 5)	(74, 7, 1)	nan
(60, 35, 8)	(35, 68, 7)	(68, 7, 5)	nan
(60, 35, 8)	(35, 30, 8)	(30, 7, 1)	nan
(60, 35, 8)	(35, 30, 8)	(30, 7, 4)	nan
(60, 35, 8)	(35, 52, 3)	(52, 7, 1)	nan
(60, 35, 8)	(35, 52, 3)	(52, 7, 0)	nan
(60, 35, 8)	(35, 75, 7)	(75, 7, 1)	nan
(60, 35, 8)	(35, 75, 7)	(75, 7, 5)	nan
(60, 35, 8)	(35, 7, 1)	nan
(60, 35, 8)	(35, 7, 0)	nan
(60, 35, 8)	(35, 74, 5)	(74, 7, 1)	nan
(60, 35, 8)	(35, 68, 7)	(68, 7, 5)	nan
(60, 35, 8)	(35, 30, 8)	(30, 7, 1)	nan
(60, 35, 8)	(35, 30, 8)	(30, 7, 4)	nan
(60, 35, 8)	(35, 52, 3)	(52, 7, 1)	nan
(60, 35, 8)	(35, 52, 3)	(52, 7, 0)	nan
(60, 35, 8)	(35, 75, 7)	(75, 7, 1)	nan
(60, 35, 8)	(35, 75, 7)	(75, 7, 5)	nan
(60, 7, 1)	nan
(60, 7, 6)	nan
(60, 32, 8)	(32, 7, 1)	nan
(60, 32, 8)	(32, 7, 6)	nan
(60, 32, 8)	(32, 86, 7)	(86, 7, 8)	nan
(60, 32, 8)	(32, 76, 7)	(76, 7, 1)	nan
(60, 32, 8)	(32, 76, 7)	(76, 7, 0)	nan
(60, 32, 8)	(32, 41, 3)	(41, 7, 1)	nan
(60, 32, 8)	(32, 41, 3)	(41, 7, 3)	nan
(60, 32, 8)	(32, 40, 5)	(40, 7, 1)	nan
(60, 36, 1)	(36, 62, 5)	(62, 7, 1)	nan
(60, 36, 1)	(36, 62, 5)	(62, 7, 1)	nan
(60, 36, 1)	(36, 62, 5)	(62, 7, 8)	nan
(60, 36, 1)	(36, 66, 1)	(66, 7, 1)	nan
(60, 36, 1)	(36, 66, 1)	(66, 7, 1)	nan
(60, 36, 1)	(36, 66, 1)	(66, 7, 1)	nan
(60, 36, 1)	(36, 66, 1)	(66, 7, 1)	nan
(60, 36, 1)	(36, 58, 7)	(58, 7, 1)	nan
(60, 36, 1)	(36, 76, 7)	(76, 7, 1)	nan
(60, 36, 1)	(36, 76, 7)	(76, 7, 0)	nan
(60, 36, 1)	(36, 55, 0)	(55, 7, 1)	nan
(60, 36, 1)	(36, 55, 0)	(55, 7, 2)	nan
(60, 36, 1)	(36, 32, 5)	(32, 7, 1)	nan
(60, 36, 1)	(36, 32, 5)	(32, 7, 6)	nan
(60, 79, 1)	(79, 7, 1)	nan
(60, 79, 1)	(79, 7, 1)	nan
(60, 79, 1)	(79, 74, 1)	(74, 7, 1)	nan
(60, 79, 1)	(79, 66, 1)	(66, 7, 1)	nan
(60, 79, 1)	(79, 66, 1)	(66, 7, 1)	nan
(60, 79, 1)	(79, 66, 1)	(66, 7, 1)	nan
(60, 79, 1)	(79, 66, 1)	(66, 7, 1)	nan
