(60, 35, 8)	(35, 8, 1)	nan
(60, 35, 8)	(35, 8, 4)	nan
(60, 35, 8)	(35, 68, 7)	(68, 8, 1)	nan
(60, 35, 8)	(35, 68, 7)	(68, 8, 8)	nan
(60, 35, 8)	(35, 52, 3)	(52, 8, 1)	nan
(60, 35, 8)	(35, 52, 3)	(52, 8, 5)	nan
(60, 35, 8)	(35, 52, 3)	(52, 8, 3)	nan
(60, 35, 8)	(35, 75, 7)	(75, 8, 1)	nan
(60, 35, 8)	(35, 75, 7)	(75, 8, 4)	nan
(60, 35, 8)	(35, 88, 1)	(88, 8, 1)	nan
(60, 35, 8)	(35, 88, 1)	(88, 8, 1)	nan
(60, 35, 8)	(35, 8, 1)	nan
(60, 35, 8)	(35, 8, 4)	nan
(60, 35, 8)	(35, 68, 7)	(68, 8, 1)	nan
(60, 35, 8)	(35, 68, 7)	(68, 8, 8)	nan
(60, 35, 8)	(35, 52, 3)	(52, 8, 1)	nan
(60, 35, 8)	(35, 52, 3)	(52, 8, 5)	nan
(60, 35, 8)	(35, 52, 3)	(52, 8, 3)	nan
(60, 35, 8)	(35, 75, 7)	(75, 8, 1)	nan
(60, 35, 8)	(35, 75, 7)	(75, 8, 4)	nan
(60, 35, 8)	(35, 88, 1)	(88, 8, 1)	nan
(60, 35, 8)	(35, 88, 1)	(88, 8, 1)	nan
(60, 8, 1)	nan
(60, 8, 8)	nan
(60, 32, 8)	(32, 8, 1)	nan
(60, 32, 8)	(32, 8, 1)	nan
(60, 32, 8)	(32, 8, 5)	nan
(60, 32, 8)	(32, 29, 3)	(29, 8, 1)	nan
(60, 32, 8)	(32, 61, 1)	(61, 8, 1)	nan
(60, 32, 8)	(32, 61, 1)	(61, 8, 1)	nan
(60, 32, 8)	(32, 61, 1)	(61, 8, 3)	nan
(60, 32, 8)	(32, 61, 1)	(61, 8, 0)	nan
(60, 32, 8)	(32, 76, 7)	(76, 8, 1)	nan
(60, 32, 8)	(32, 76, 7)	(76, 8, 1)	nan
(60, 32, 8)	(32, 41, 3)	(41, 8, 1)	nan
(60, 32, 8)	(32, 41, 3)	(41, 8, 5)	nan
(60, 32, 8)	(32, 40, 5)	(40, 8, 1)	nan
(60, 32, 8)	(32, 40, 5)	(40, 8, 3)	nan
(60, 36, 1)	(36, 8, 1)	nan
(60, 36, 1)	(36, 8, 2)	nan
(60, 36, 1)	(36, 62, 5)	(62, 8, 1)	nan
(60, 36, 1)	(36, 62, 5)	(62, 8, 7)	nan
(60, 36, 1)	(36, 66, 1)	(66, 8, 1)	nan
(60, 36, 1)	(36, 66, 1)	(66, 8, 1)	nan
(60, 36, 1)	(36, 66, 1)	(66, 8, 1)	nan
(60, 36, 1)	(36, 66, 1)	(66, 8, 1)	nan
(60, 36, 1)	(36, 66, 1)	(66, 8, 1)	nan
(60, 36, 1)	(36, 66, 1)	(66, 8, 1)	nan
(60, 36, 1)	(36, 76, 7)	(76, 8, 1)	nan
(60, 36, 1)	(36, 76, 7)	(76, 8, 1)	nan
(60, 36, 1)	(36, 67, 5)	(67, 8, 1)	nan
