(61, 35, 8)	(35, 0, 0)	nan
(61, 35, 8)	(35, 0, 3)	nan
(61, 35, 8)	(35, 0, 4)	nan
(61, 35, 8)	(35, 68, 7)	(68, 0, 0)	nan
(61, 35, 8)	(35, 68, 7)	(68, 0, 6)	nan
(61, 35, 8)	(35, 56, 1)	(56, 0, 0)	nan
(61, 35, 8)	(35, 56, 1)	(56, 0, 4)	nan
(61, 35, 8)	(35, 30, 8)	(30, 0, 0)	nan
(61, 35, 8)	(35, 30, 8)	(30, 0, 4)	nan
(61, 35, 8)	(35, 52, 3)	(52, 0, 0)	nan
(61, 35, 8)	(35, 52, 3)	(52, 0, 1)	nan
(61, 35, 8)	(35, 75, 7)	(75, 0, 0)	nan
(61, 35, 8)	(35, 75, 7)	(75, 0, 2)	nan
(61, 35, 8)	(35, 88, 1)	(88, 0, 0)	nan
(61, 35, 8)	(35, 88, 1)	(88, 0, 3)	nan
(61, 35, 8)	(35, 88, 1)	(88, 0, 7)	nan
(61, 35, 7)	(35, 0, 0)	nan
(61, 35, 7)	(35, 0, 3)	nan
(61, 35, 7)	(35, 0, 4)	nan
(61, 35, 7)	(35, 68, 7)	(68, 0, 0)	nan
(61, 35, 7)	(35, 68, 7)	(68, 0, 6)	nan
(61, 35, 7)	(35, 56, 1)	(56, 0, 0)	nan
(61, 35, 7)	(35, 56, 1)	(56, 0, 4)	nan
(61, 35, 7)	(35, 30, 8)	(30, 0, 0)	nan
(61, 35, 7)	(35, 30, 8)	(30, 0, 4)	nan
(61, 35, 7)	(35, 52, 3)	(52, 0, 0)	nan
(61, 35, 7)	(35, 52, 3)	(52, 0, 1)	nan
(61, 35, 7)	(35, 75, 7)	(75, 0, 0)	nan
(61, 35, 7)	(35, 75, 7)	(75, 0, 2)	nan
(61, 35, 7)	(35, 88, 1)	(88, 0, 0)	nan
(61, 35, 7)	(35, 88, 1)	(88, 0, 3)	nan
(61, 35, 7)	(35, 88, 1)	(88, 0, 7)	nan
(61, 0, 0)	nan
(61, 0, 5)	nan
(61, 34, 8)	(34, 0, 0)	nan
(61, 34, 8)	(34, 0, 2)	nan
(61, 34, 8)	(34, 67, 2)	(67, 0, 0)	nan
(61, 34, 8)	(34, 67, 2)	(67, 0, 6)	nan
(61, 34, 8)	(34, 59, 7)	(59, 0, 0)	nan
(61, 34, 8)	(34, 59, 7)	(59, 0, 2)	nan
(61, 34, 8)	(34, 59, 3)	(59, 0, 0)	nan
(61, 34, 8)	(34, 59, 3)	(59, 0, 2)	nan
(61, 34, 8)	(34, 59, 3)	(59, 0, 0)	nan
(61, 34, 8)	(34, 59, 3)	(59, 0, 2)	nan
(61, 34, 8)	(34, 70, 3)	(70, 0, 0)	nan
(61, 34, 8)	(34, 70, 3)	(70, 0, 0)	nan
(61, 34, 8)	(34, 92, 1)	(92, 0, 0)	nan
(61, 34, 8)	(34, 92, 1)	(92, 0, 0)	nan
(61, 34, 8)	(34, 92, 1)	(92, 0, 1)	nan
(61, 34, 8)	(34, 92, 5)	(92, 0, 0)	nan
(61, 34, 8)	(34, 92, 5)	(92, 0, 0)	nan
