(61, 35, 8)	(35, 18, 4)	nan
(61, 35, 8)	(35, 18, 7)	nan
(61, 35, 8)	(35, 74, 5)	(74, 18, 4)	nan
(61, 35, 8)	(35, 68, 7)	(68, 18, 4)	nan
(61, 35, 8)	(35, 68, 7)	(68, 18, 4)	nan
(61, 35, 8)	(35, 68, 7)	(68, 18, 1)	nan
(61, 35, 8)	(35, 68, 7)	(68, 18, 7)	nan
(61, 35, 8)	(35, 56, 1)	(56, 18, 4)	nan
(61, 35, 8)	(35, 52, 3)	(52, 18, 4)	nan
(61, 35, 8)	(35, 88, 1)	(88, 18, 4)	nan
(61, 35, 7)	(35, 18, 4)	nan
(61, 35, 7)	(35, 18, 7)	nan
(61, 35, 7)	(35, 74, 5)	(74, 18, 4)	nan
(61, 35, 7)	(35, 68, 7)	(68, 18, 4)	nan
(61, 35, 7)	(35, 68, 7)	(68, 18, 4)	nan
(61, 35, 7)	(35, 68, 7)	(68, 18, 1)	nan
(61, 35, 7)	(35, 68, 7)	(68, 18, 7)	nan
(61, 35, 7)	(35, 56, 1)	(56, 18, 4)	nan
(61, 35, 7)	(35, 52, 3)	(52, 18, 4)	nan
(61, 35, 7)	(35, 88, 1)	(88, 18, 4)	nan
(61, 18, 4)	nan
(61, 18, 0)	nan
(61, 34, 8)	(34, 67, 2)	(67, 18, 4)	nan
(61, 34, 8)	(34, 67, 2)	(67, 18, 4)	nan
(61, 34, 8)	(34, 59, 7)	(59, 18, 4)	nan
(61, 34, 8)	(34, 59, 7)	(59, 18, 0)	nan
(61, 34, 8)	(34, 59, 3)	(59, 18, 4)	nan
(61, 34, 8)	(34, 59, 3)	(59, 18, 0)	nan
(61, 34, 8)	(34, 59, 3)	(59, 18, 4)	nan
(61, 34, 8)	(34, 59, 3)	(59, 18, 0)	nan
(61, 34, 8)	(34, 92, 1)	(92, 18, 4)	nan
(61, 34, 8)	(34, 92, 5)	(92, 18, 4)	nan
(61, 34, 8)	(34, 41, 7)	(41, 18, 4)	nan
(61, 34, 8)	(34, 35, 8)	(35, 18, 4)	nan
(61, 34, 8)	(34, 35, 8)	(35, 18, 7)	nan
(61, 36, 3)	(36, 62, 5)	(62, 18, 4)	nan
(61, 36, 3)	(36, 58, 7)	(58, 18, 4)	nan
(61, 36, 3)	(36, 58, 7)	(58, 18, 3)	nan
(61, 36, 3)	(36, 76, 7)	(76, 18, 4)	nan
(61, 36, 3)	(36, 76, 7)	(76, 18, 4)	nan
(61, 36, 3)	(36, 18, 7)	nan
(61, 36, 3)	(36, 18, 4)	nan
(61, 36, 3)	(36, 18, 4)	nan
(61, 36, 3)	(36, 67, 5)	(67, 18, 4)	nan
(61, 36, 3)	(36, 67, 5)	(67, 18, 4)	nan
(61, 36, 3)	(36, 55, 0)	(55, 18, 4)	nan
(61, 36, 3)	(36, 55, 0)	(55, 18, 5)	nan
(61, 36, 3)	(36, 29, 7)	(29, 18, 4)	nan
(61, 36, 3)	(36, 29, 8)	(29, 18, 4)	nan
(61, 36, 3)	(36, 32, 5)	(32, 18, 4)	nan
(61, 36, 3)	(36, 32, 5)	(32, 18, 4)	nan
