(61, 15, 7)	nan
(61, 35, 8)	(35, 15, 3)	nan
(61, 35, 8)	(35, 15, 8)	nan
(61, 35, 8)	(35, 68, 7)	(68, 15, 3)	nan
(61, 35, 8)	(35, 56, 1)	(56, 15, 3)	nan
(61, 35, 8)	(35, 30, 8)	(30, 15, 3)	nan
(61, 35, 8)	(35, 75, 7)	(75, 15, 3)	nan
(61, 35, 7)	(35, 15, 3)	nan
(61, 35, 7)	(35, 15, 8)	nan
(61, 35, 7)	(35, 68, 7)	(68, 15, 3)	nan
(61, 35, 7)	(35, 56, 1)	(56, 15, 3)	nan
(61, 35, 7)	(35, 30, 8)	(30, 15, 3)	nan
(61, 35, 7)	(35, 75, 7)	(75, 15, 3)	nan
(61, 34, 8)	(34, 15, 3)	nan
(61, 34, 8)	(34, 15, 1)	nan
(61, 34, 8)	(34, 91, 1)	(91, 15, 3)	nan
(61, 34, 8)	(34, 91, 1)	(91, 15, 7)	nan
(61, 34, 8)	(34, 59, 7)	(59, 15, 3)	nan
(61, 34, 8)	(34, 59, 7)	(59, 15, 3)	nan
(61, 34, 8)	(34, 59, 7)	(59, 15, 7)	nan
(61, 34, 8)	(34, 59, 7)	(59, 15, 1)	nan
(61, 34, 8)	(34, 59, 3)	(59, 15, 3)	nan
(61, 34, 8)	(34, 59, 3)	(59, 15, 3)	nan
(61, 34, 8)	(34, 59, 3)	(59, 15, 7)	nan
(61, 34, 8)	(34, 59, 3)	(59, 15, 1)	nan
(61, 34, 8)	(34, 59, 3)	(59, 15, 3)	nan
(61, 34, 8)	(34, 59, 3)	(59, 15, 3)	nan
(61, 34, 8)	(34, 59, 3)	(59, 15, 7)	nan
(61, 34, 8)	(34, 59, 3)	(59, 15, 1)	nan
(61, 34, 8)	(34, 92, 1)	(92, 15, 3)	nan
(61, 34, 8)	(34, 92, 1)	(92, 15, 6)	nan
(61, 34, 8)	(34, 92, 5)	(92, 15, 3)	nan
(61, 34, 8)	(34, 92, 5)	(92, 15, 6)	nan
(61, 34, 8)	(34, 41, 7)	(41, 15, 3)	nan
(61, 34, 8)	(34, 41, 7)	(41, 15, 0)	nan
(61, 34, 8)	(34, 35, 8)	(35, 15, 3)	nan
(61, 34, 8)	(34, 35, 8)	(35, 15, 8)	nan
(61, 36, 3)	(36, 62, 5)	(62, 15, 3)	nan
(61, 36, 3)	(36, 62, 5)	(62, 15, 3)	nan
(61, 36, 3)	(36, 62, 5)	(62, 15, 2)	nan
(61, 36, 3)	(36, 62, 5)	(62, 15, 6)	nan
(61, 36, 3)	(36, 76, 7)	(76, 15, 3)	nan
(61, 36, 3)	(36, 76, 7)	(76, 15, 3)	nan
(61, 36, 3)	(36, 55, 0)	(55, 15, 3)	nan
(61, 36, 3)	(36, 55, 0)	(55, 15, 3)	nan
(61, 36, 3)	(36, 55, 0)	(55, 15, 7)	nan
(61, 36, 3)	(36, 29, 7)	(29, 15, 3)	nan
(61, 36, 3)	(36, 29, 7)	(29, 15, 8)	nan
(61, 36, 3)	(36, 29, 8)	(29, 15, 3)	nan
