(61, 35, 8)	(35, 74, 5)	(74, 1, 0)	nan
(61, 35, 8)	(35, 74, 5)	(74, 1, 3)	nan
(61, 35, 8)	(35, 56, 1)	(56, 1, 0)	nan
(61, 35, 8)	(35, 1, 0)	nan
(61, 35, 8)	(35, 75, 7)	(75, 1, 0)	nan
(61, 35, 8)	(35, 88, 1)	(88, 1, 0)	nan
(61, 35, 7)	(35, 74, 5)	(74, 1, 0)	nan
(61, 35, 7)	(35, 74, 5)	(74, 1, 3)	nan
(61, 35, 7)	(35, 56, 1)	(56, 1, 0)	nan
(61, 35, 7)	(35, 1, 0)	nan
(61, 35, 7)	(35, 75, 7)	(75, 1, 0)	nan
(61, 35, 7)	(35, 88, 1)	(88, 1, 0)	nan
(61, 34, 8)	(34, 70, 3)	(70, 1, 0)	nan
(61, 34, 8)	(34, 70, 3)	(70, 1, 0)	nan
(61, 34, 8)	(34, 92, 1)	(92, 1, 0)	nan
(61, 34, 8)	(34, 92, 5)	(92, 1, 0)	nan
(61, 34, 8)	(34, 41, 7)	(41, 1, 0)	nan
(61, 34, 8)	(34, 41, 7)	(41, 1, 7)	nan
(61, 34, 8)	(34, 33, 8)	(33, 1, 0)	nan
(61, 34, 8)	(34, 33, 8)	(33, 1, 0)	nan
(61, 34, 8)	(34, 33, 8)	(33, 1, 3)	nan
(61, 34, 8)	(34, 35, 8)	(35, 1, 0)	nan
(61, 36, 3)	(36, 1, 0)	nan
(61, 36, 3)	(36, 62, 5)	(62, 1, 0)	nan
(61, 36, 3)	(36, 66, 1)	(66, 1, 0)	nan
(61, 36, 3)	(36, 58, 7)	(58, 1, 0)	nan
(61, 36, 3)	(36, 55, 0)	(55, 1, 0)	nan
(61, 36, 3)	(36, 55, 0)	(55, 1, 0)	nan
(61, 36, 3)	(36, 55, 0)	(55, 1, 0)	nan
(61, 36, 3)	(36, 29, 7)	(29, 1, 0)	nan
(61, 36, 3)	(36, 29, 8)	(29, 1, 0)	nan
(61, 36, 3)	(36, 32, 5)	(32, 1, 0)	nan
(61, 36, 1)	(36, 1, 0)	nan
(61, 36, 1)	(36, 62, 5)	(62, 1, 0)	nan
(61, 36, 1)	(36, 66, 1)	(66, 1, 0)	nan
(61, 36, 1)	(36, 58, 7)	(58, 1, 0)	nan
(61, 36, 1)	(36, 55, 0)	(55, 1, 0)	nan
(61, 36, 1)	(36, 55, 0)	(55, 1, 0)	nan
(61, 36, 1)	(36, 55, 0)	(55, 1, 0)	nan
(61, 36, 1)	(36, 29, 7)	(29, 1, 0)	nan
(61, 36, 1)	(36, 29, 8)	(29, 1, 0)	nan
(61, 36, 1)	(36, 32, 5)	(32, 1, 0)	nan
(61, 69, 7)	(69, 33, 8)	(33, 1, 0)	nan
(61, 69, 7)	(69, 33, 8)	(33, 1, 0)	nan
(61, 69, 7)	(69, 33, 8)	(33, 1, 3)	nan
(61, 69, 7)	(69, 1, 0)	nan
(61, 69, 7)	(69, 1, 0)	nan
(61, 69, 7)	(69, 1, 0)	nan
(61, 69, 7)	(69, 1, 0)	nan
(61, 69, 7)	(69, 53, 3)	(53, 1, 0)	nan
(61, 69, 7)	(69, 73, 2)	(73, 1, 0)	nan
