(61, 11, 5)	nan
(61, 35, 8)	(35, 11, 2)	nan
(61, 35, 8)	(35, 11, 8)	nan
(61, 35, 8)	(35, 74, 5)	(74, 11, 2)	nan
(61, 35, 8)	(35, 74, 5)	(74, 11, 7)	nan
(61, 35, 8)	(35, 74, 5)	(74, 11, 3)	nan
(61, 35, 8)	(35, 68, 7)	(68, 11, 2)	nan
(61, 35, 8)	(35, 68, 7)	(68, 11, 3)	nan
(61, 35, 8)	(35, 56, 1)	(56, 11, 2)	nan
(61, 35, 8)	(35, 56, 1)	(56, 11, 5)	nan
(61, 35, 8)	(35, 30, 8)	(30, 11, 2)	nan
(61, 35, 8)	(35, 52, 3)	(52, 11, 2)	nan
(61, 35, 8)	(35, 52, 3)	(52, 11, 2)	nan
(61, 35, 8)	(35, 52, 3)	(52, 11, 6)	nan
(61, 35, 8)	(35, 75, 7)	(75, 11, 2)	nan
(61, 35, 8)	(35, 75, 7)	(75, 11, 3)	nan
(61, 35, 8)	(35, 88, 1)	(88, 11, 2)	nan
(61, 35, 8)	(35, 88, 1)	(88, 11, 1)	nan
(61, 35, 7)	(35, 11, 2)	nan
(61, 35, 7)	(35, 11, 8)	nan
(61, 35, 7)	(35, 74, 5)	(74, 11, 2)	nan
(61, 35, 7)	(35, 74, 5)	(74, 11, 7)	nan
(61, 35, 7)	(35, 74, 5)	(74, 11, 3)	nan
(61, 35, 7)	(35, 68, 7)	(68, 11, 2)	nan
(61, 35, 7)	(35, 68, 7)	(68, 11, 3)	nan
(61, 35, 7)	(35, 56, 1)	(56, 11, 2)	nan
(61, 35, 7)	(35, 56, 1)	(56, 11, 5)	nan
(61, 35, 7)	(35, 30, 8)	(30, 11, 2)	nan
(61, 35, 7)	(35, 52, 3)	(52, 11, 2)	nan
(61, 35, 7)	(35, 52, 3)	(52, 11, 2)	nan
(61, 35, 7)	(35, 52, 3)	(52, 11, 6)	nan
(61, 35, 7)	(35, 75, 7)	(75, 11, 2)	nan
(61, 35, 7)	(35, 75, 7)	(75, 11, 3)	nan
(61, 35, 7)	(35, 88, 1)	(88, 11, 2)	nan
(61, 35, 7)	(35, 88, 1)	(88, 11, 1)	nan
(61, 34, 8)	(34, 11, 2)	nan
(61, 34, 8)	(34, 11, 8)	nan
(61, 34, 8)	(34, 67, 2)	(67, 11, 2)	nan
(61, 34, 8)	(34, 67, 2)	(67, 11, 7)	nan
(61, 34, 8)	(34, 59, 7)	(59, 11, 2)	nan
(61, 34, 8)	(34, 59, 7)	(59, 11, 6)	nan
(61, 34, 8)	(34, 59, 3)	(59, 11, 2)	nan
(61, 34, 8)	(34, 59, 3)	(59, 11, 6)	nan
(61, 34, 8)	(34, 59, 3)	(59, 11, 2)	nan
(61, 34, 8)	(34, 59, 3)	(59, 11, 6)	nan
(61, 34, 8)	(34, 70, 3)	(70, 11, 2)	nan
(61, 34, 8)	(34, 70, 3)	(70, 11, 1)	nan
(61, 34, 8)	(34, 92, 1)	(92, 11, 2)	nan
(61, 34, 8)	(34, 92, 1)	(92, 11, 7)	nan
