(61, 35, 8)	(35, 26, 7)	nan
(61, 35, 8)	(35, 74, 5)	(74, 26, 7)	nan
(61, 35, 8)	(35, 74, 5)	(74, 26, 0)	nan
(61, 35, 8)	(35, 68, 7)	(68, 26, 7)	nan
(61, 35, 8)	(35, 56, 1)	(56, 26, 7)	nan
(61, 35, 8)	(35, 56, 1)	(56, 26, 2)	nan
(61, 35, 8)	(35, 56, 1)	(56, 26, 3)	nan
(61, 35, 8)	(35, 30, 8)	(30, 26, 7)	nan
(61, 35, 8)	(35, 30, 8)	(30, 26, 7)	nan
(61, 35, 8)	(35, 30, 8)	(30, 26, 4)	nan
(61, 35, 8)	(35, 30, 8)	(30, 26, 5)	nan
(61, 35, 8)	(35, 75, 7)	(75, 26, 7)	nan
(61, 35, 8)	(35, 75, 7)	(75, 26, 8)	nan
(61, 35, 8)	(35, 88, 1)	(88, 26, 7)	nan
(61, 35, 8)	(35, 88, 1)	(88, 26, 7)	nan
(61, 35, 8)	(35, 88, 1)	(88, 26, 8)	nan
(61, 35, 8)	(35, 88, 1)	(88, 26, 2)	nan
(61, 35, 7)	(35, 26, 7)	nan
(61, 35, 7)	(35, 74, 5)	(74, 26, 7)	nan
(61, 35, 7)	(35, 74, 5)	(74, 26, 0)	nan
(61, 35, 7)	(35, 68, 7)	(68, 26, 7)	nan
(61, 35, 7)	(35, 56, 1)	(56, 26, 7)	nan
(61, 35, 7)	(35, 56, 1)	(56, 26, 2)	nan
(61, 35, 7)	(35, 56, 1)	(56, 26, 3)	nan
(61, 35, 7)	(35, 30, 8)	(30, 26, 7)	nan
(61, 35, 7)	(35, 30, 8)	(30, 26, 7)	nan
(61, 35, 7)	(35, 30, 8)	(30, 26, 4)	nan
(61, 35, 7)	(35, 30, 8)	(30, 26, 5)	nan
(61, 35, 7)	(35, 75, 7)	(75, 26, 7)	nan
(61, 35, 7)	(35, 75, 7)	(75, 26, 8)	nan
(61, 35, 7)	(35, 88, 1)	(88, 26, 7)	nan
(61, 35, 7)	(35, 88, 1)	(88, 26, 7)	nan
(61, 35, 7)	(35, 88, 1)	(88, 26, 8)	nan
(61, 35, 7)	(35, 88, 1)	(88, 26, 2)	nan
(61, 26, 7)	nan
(61, 26, 8)	nan
(61, 34, 8)	(34, 26, 7)	nan
(61, 34, 8)	(34, 26, 5)	nan
(61, 34, 8)	(34, 91, 1)	(91, 26, 7)	nan
(61, 34, 8)	(34, 67, 2)	(67, 26, 7)	nan
(61, 34, 8)	(34, 59, 7)	(59, 26, 7)	nan
(61, 34, 8)	(34, 59, 7)	(59, 26, 7)	nan
(61, 34, 8)	(34, 59, 7)	(59, 26, 6)	nan
(61, 34, 8)	(34, 59, 7)	(59, 26, 0)	nan
(61, 34, 8)	(34, 59, 3)	(59, 26, 7)	nan
(61, 34, 8)	(34, 59, 3)	(59, 26, 7)	nan
(61, 34, 8)	(34, 59, 3)	(59, 26, 6)	nan
(61, 34, 8)	(34, 59, 3)	(59, 26, 0)	nan
(61, 34, 8)	(34, 59, 3)	(59, 26, 7)	nan
(61, 34, 8)	(34, 59, 3)	(59, 26, 7)	nan
(61, 34, 8)	(34, 59, 3)	(59, 26, 6)	nan
