(61, 35, 8)	(35, 88, 1)	(88, 31, 1)	nan
(61, 35, 7)	(35, 88, 1)	(88, 31, 1)	nan
(61, 34, 8)	(34, 41, 7)	(41, 31, 8)	nan
(61, 36, 3)	(36, 31, 8)	nan
(61, 36, 3)	(36, 31, 0)	nan
(61, 36, 3)	(36, 31, 0)	nan
(61, 36, 3)	(36, 62, 5)	(62, 31, 7)	nan
(61, 36, 1)	(36, 31, 8)	nan
(61, 36, 1)	(36, 31, 0)	nan
(61, 36, 1)	(36, 31, 0)	nan
(61, 36, 1)	(36, 62, 5)	(62, 31, 7)	nan
(61, 69, 7)	(69, 73, 2)	(73, 31, 8)	nan
(61, 69, 7)	(69, 36, 5)	(36, 31, 8)	nan
(61, 69, 7)	(69, 36, 5)	(36, 31, 0)	nan
(61, 69, 7)	(69, 36, 5)	(36, 31, 0)	nan
(61, 43, 5)	(43, 62, 5)	(62, 31, 7)	nan
(61, 45, 7)	(45, 37, 0)	(37, 31, 8)	nan
(61, 45, 7)	(45, 37, 0)	(37, 31, 8)	nan
(61, 45, 7)	(45, 37, 0)	(37, 31, 5)	nan
(61, 45, 7)	(45, 37, 0)	(37, 31, 0)	nan
(61, 45, 7)	(45, 62, 1)	(62, 31, 7)	nan
(61, 92, 7)	(92, 88, 7)	(88, 31, 1)	nan
