(61, 35, 8)	(35, 56, 1)	(56, 5, 0)	nan
(61, 35, 8)	(35, 75, 7)	(75, 5, 0)	nan
(61, 35, 7)	(35, 56, 1)	(56, 5, 0)	nan
(61, 35, 7)	(35, 75, 7)	(75, 5, 0)	nan
(61, 34, 8)	(34, 70, 3)	(70, 5, 8)	nan
(61, 34, 8)	(34, 5, 0)	nan
(61, 34, 8)	(34, 41, 7)	(41, 5, 0)	nan
(61, 36, 3)	(36, 31, 8)	(31, 5, 0)	nan
(61, 36, 3)	(36, 31, 0)	(31, 5, 0)	nan
(61, 36, 3)	(36, 31, 0)	(31, 5, 0)	nan
(61, 36, 3)	(36, 58, 7)	(58, 5, 0)	nan
(61, 36, 1)	(36, 31, 8)	(31, 5, 0)	nan
(61, 36, 1)	(36, 31, 0)	(31, 5, 0)	nan
(61, 36, 1)	(36, 31, 0)	(31, 5, 0)	nan
(61, 36, 1)	(36, 58, 7)	(58, 5, 0)	nan
(61, 69, 7)	(69, 34, 8)	(34, 5, 0)	nan
(61, 69, 7)	(69, 34, 8)	(34, 5, 0)	nan
(61, 69, 7)	(69, 34, 7)	(34, 5, 0)	nan
(61, 69, 7)	(69, 48, 2)	(48, 5, 0)	nan
(61, 69, 7)	(69, 5, 0)	nan
(61, 69, 7)	(69, 73, 2)	(73, 5, 0)	nan
(61, 43, 5)	(43, 5, 0)	nan
(61, 43, 5)	(43, 5, 0)	nan
(61, 43, 5)	(43, 5, 4)	nan
(61, 43, 5)	(43, 70, 1)	(70, 5, 8)	nan
(61, 45, 7)	(45, 5, 0)	nan
(61, 45, 7)	(45, 5, 0)	nan
(61, 45, 7)	(45, 5, 2)	nan
(61, 45, 7)	(45, 5, 4)	nan
(61, 45, 7)	(45, 69, 5)	(69, 5, 0)	nan
(61, 45, 7)	(45, 37, 0)	(37, 5, 0)	nan
(61, 45, 7)	(45, 46, 0)	(46, 5, 0)	nan
(61, 77, 7)	(77, 34, 8)	(34, 5, 0)	nan
(61, 77, 7)	(77, 34, 2)	(34, 5, 0)	nan
