(62, 11, 5)	nan
(62, 35, 8)	(35, 11, 2)	nan
(62, 35, 8)	(35, 11, 8)	nan
(62, 35, 8)	(35, 74, 5)	(74, 11, 2)	nan
(62, 35, 8)	(35, 74, 5)	(74, 11, 7)	nan
(62, 35, 8)	(35, 74, 5)	(74, 11, 3)	nan
(62, 35, 8)	(35, 68, 7)	(68, 11, 2)	nan
(62, 35, 8)	(35, 68, 7)	(68, 11, 3)	nan
(62, 35, 8)	(35, 56, 1)	(56, 11, 2)	nan
(62, 35, 8)	(35, 56, 1)	(56, 11, 5)	nan
(62, 35, 8)	(35, 30, 8)	(30, 11, 2)	nan
(62, 35, 8)	(35, 52, 3)	(52, 11, 2)	nan
(62, 35, 8)	(35, 52, 3)	(52, 11, 2)	nan
(62, 35, 8)	(35, 52, 3)	(52, 11, 6)	nan
(62, 35, 8)	(35, 75, 7)	(75, 11, 2)	nan
(62, 35, 8)	(35, 75, 7)	(75, 11, 3)	nan
(62, 35, 8)	(35, 88, 1)	(88, 11, 2)	nan
(62, 35, 8)	(35, 88, 1)	(88, 11, 1)	nan
(62, 81, 7)	(81, 29, 8)	(29, 11, 2)	nan
(62, 81, 7)	(81, 29, 8)	(29, 11, 2)	nan
(62, 81, 7)	(81, 29, 8)	(29, 11, 7)	nan
(62, 81, 7)	(81, 29, 7)	(29, 11, 2)	nan
(62, 81, 7)	(81, 29, 7)	(29, 11, 2)	nan
(62, 81, 7)	(81, 29, 7)	(29, 11, 7)	nan
(62, 81, 7)	(81, 29, 1)	(29, 11, 2)	nan
(62, 81, 7)	(81, 29, 1)	(29, 11, 2)	nan
(62, 81, 7)	(81, 29, 1)	(29, 11, 7)	nan
(62, 81, 7)	(81, 11, 2)	nan
(62, 81, 7)	(81, 11, 2)	nan
(62, 81, 7)	(81, 11, 2)	nan
(62, 81, 7)	(81, 11, 2)	nan
(62, 81, 7)	(81, 76, 0)	(76, 11, 2)	nan
(62, 81, 7)	(81, 76, 0)	(76, 11, 7)	nan
(62, 81, 7)	(81, 32, 8)	(32, 11, 2)	nan
(62, 81, 7)	(81, 85, 0)	(85, 11, 2)	nan
(62, 81, 7)	(81, 85, 0)	(85, 11, 5)	nan
(62, 81, 7)	(81, 69, 0)	(69, 11, 2)	nan
(62, 81, 7)	(81, 69, 0)	(69, 11, 2)	nan
(62, 81, 7)	(81, 69, 0)	(69, 11, 8)	nan
(62, 81, 7)	(81, 33, 0)	(33, 11, 2)	nan
(62, 65, 2)	(65, 11, 2)	nan
(62, 65, 2)	(65, 11, 0)	nan
(62, 65, 2)	(65, 79, 5)	(79, 11, 2)	nan
(62, 65, 2)	(65, 79, 5)	(79, 11, 6)	nan
(62, 65, 2)	(65, 35, 1)	(35, 11, 2)	nan
(62, 65, 2)	(65, 35, 1)	(35, 11, 8)	nan
(62, 65, 2)	(65, 71, 1)	(71, 11, 7)	nan
(62, 65, 2)	(65, 83, 0)	(83, 11, 2)	nan
(62, 65, 2)	(65, 83, 0)	(83, 11, 2)	nan
