(62, 35, 8)	(35, 74, 5)	(74, 2, 0)	nan
(62, 35, 8)	(35, 74, 5)	(74, 2, 0)	nan
(62, 35, 8)	(35, 68, 7)	(68, 2, 0)	nan
(62, 35, 8)	(35, 68, 7)	(68, 2, 0)	nan
(62, 35, 8)	(35, 56, 1)	(56, 2, 0)	nan
(62, 35, 8)	(35, 30, 8)	(30, 2, 0)	nan
(62, 35, 8)	(35, 52, 3)	(52, 2, 0)	nan
(62, 35, 8)	(35, 52, 3)	(52, 2, 0)	nan
(62, 35, 8)	(35, 75, 7)	(75, 2, 0)	nan
(62, 35, 8)	(35, 75, 7)	(75, 2, 5)	nan
(62, 35, 8)	(35, 88, 1)	(88, 2, 0)	nan
(62, 35, 8)	(35, 88, 1)	(88, 2, 6)	nan
(62, 81, 7)	(81, 2, 0)	nan
(62, 81, 7)	(81, 29, 8)	(29, 2, 0)	nan
(62, 81, 7)	(81, 29, 8)	(29, 2, 0)	nan
(62, 81, 7)	(81, 29, 8)	(29, 2, 8)	nan
(62, 81, 7)	(81, 29, 8)	(29, 2, 7)	nan
(62, 81, 7)	(81, 29, 7)	(29, 2, 0)	nan
(62, 81, 7)	(81, 29, 7)	(29, 2, 0)	nan
(62, 81, 7)	(81, 29, 7)	(29, 2, 8)	nan
(62, 81, 7)	(81, 29, 7)	(29, 2, 7)	nan
(62, 81, 7)	(81, 29, 1)	(29, 2, 0)	nan
(62, 81, 7)	(81, 29, 1)	(29, 2, 0)	nan
(62, 81, 7)	(81, 29, 1)	(29, 2, 8)	nan
(62, 81, 7)	(81, 29, 1)	(29, 2, 7)	nan
(62, 81, 7)	(81, 76, 0)	(76, 2, 0)	nan
(62, 81, 7)	(81, 76, 0)	(76, 2, 0)	nan
(62, 81, 7)	(81, 32, 8)	(32, 2, 7)	nan
(62, 81, 7)	(81, 57, 7)	(57, 2, 0)	nan
(62, 81, 7)	(81, 33, 0)	(33, 2, 0)	nan
(62, 81, 7)	(81, 33, 0)	(33, 2, 3)	nan
(62, 65, 2)	(65, 2, 0)	nan
(62, 65, 2)	(65, 2, 0)	nan
(62, 65, 2)	(65, 2, 1)	nan
(62, 65, 2)	(65, 33, 7)	(33, 2, 0)	nan
(62, 65, 2)	(65, 33, 7)	(33, 2, 3)	nan
(62, 65, 2)	(65, 33, 7)	(33, 2, 0)	nan
(62, 65, 2)	(65, 33, 7)	(33, 2, 3)	nan
(62, 65, 2)	(65, 41, 0)	(41, 2, 0)	nan
(62, 65, 2)	(65, 41, 5)	(41, 2, 0)	nan
(62, 65, 2)	(65, 68, 0)	(68, 2, 0)	nan
(62, 65, 2)	(65, 68, 0)	(68, 2, 0)	nan
(62, 65, 2)	(65, 30, 8)	(30, 2, 0)	nan
(62, 65, 2)	(65, 80, 7)	(80, 2, 0)	nan
(62, 65, 2)	(65, 60, 1)	(60, 2, 0)	nan
(62, 89, 5)	(89, 2, 0)	nan
(62, 89, 5)	(89, 2, 4)	nan
(62, 89, 5)	(89, 46, 7)	(46, 2, 0)	nan
(62, 89, 5)	(89, 90, 1)	(90, 2, 0)	nan
(62, 89, 5)	(89, 90, 1)	(90, 2, 4)	nan
(62, 34, 8)	(34, 2, 0)	nan
