(62, 35, 8)	nan
(62, 81, 7)	(81, 29, 8)	(29, 35, 1)	nan
(62, 81, 7)	(81, 29, 7)	(29, 35, 1)	nan
(62, 81, 7)	(81, 29, 1)	(29, 35, 1)	nan
(62, 81, 7)	(81, 76, 0)	(76, 35, 8)	nan
(62, 81, 7)	(81, 76, 0)	(76, 35, 8)	nan
(62, 81, 7)	(81, 85, 0)	(85, 35, 1)	nan
(62, 81, 7)	(81, 57, 7)	(57, 35, 8)	nan
(62, 81, 7)	(81, 57, 7)	(57, 35, 8)	nan
(62, 81, 7)	(81, 57, 7)	(57, 35, 0)	nan
(62, 65, 2)	(65, 35, 1)	nan
(62, 65, 2)	(65, 41, 0)	(41, 35, 8)	nan
(62, 65, 2)	(65, 41, 5)	(41, 35, 8)	nan
(62, 65, 2)	(65, 60, 1)	(60, 35, 8)	nan
(62, 65, 2)	(65, 60, 1)	(60, 35, 8)	nan
(62, 34, 8)	(34, 41, 7)	(41, 35, 8)	nan
(62, 34, 8)	(34, 35, 8)	nan
(62, 92, 1)	(92, 29, 7)	(29, 35, 1)	nan
(62, 92, 1)	(92, 54, 7)	(54, 35, 3)	nan
(62, 88, 5)	(88, 31, 1)	(31, 35, 8)	nan
(62, 56, 7)	(56, 35, 8)	nan
(62, 56, 7)	(56, 35, 8)	nan
(62, 56, 7)	(56, 35, 4)	nan
(62, 56, 7)	(56, 29, 8)	(29, 35, 1)	nan
(62, 56, 7)	(56, 41, 2)	(41, 35, 8)	nan
(62, 37, 1)	(37, 31, 8)	(31, 35, 8)	nan
(62, 37, 1)	(37, 31, 8)	(31, 35, 8)	nan
(62, 37, 1)	(37, 31, 5)	(31, 35, 8)	nan
(62, 37, 1)	(37, 31, 0)	(31, 35, 8)	nan
(62, 37, 1)	(37, 60, 7)	(60, 35, 8)	nan
(62, 37, 1)	(37, 60, 7)	(60, 35, 8)	nan
(62, 32, 8)	(32, 29, 3)	(29, 35, 1)	nan
(62, 32, 8)	(32, 61, 1)	(61, 35, 8)	nan
(62, 32, 8)	(32, 61, 1)	(61, 35, 7)	nan
(62, 32, 8)	(32, 76, 7)	(76, 35, 8)	nan
(62, 32, 8)	(32, 76, 7)	(76, 35, 8)	nan
(62, 32, 8)	(32, 41, 3)	(41, 35, 8)	nan
(62, 31, 7)	(31, 35, 8)	nan
(62, 31, 7)	(31, 29, 5)	(29, 35, 1)	nan
(62, 31, 7)	(31, 55, 5)	(55, 35, 8)	nan
(62, 31, 7)	(31, 55, 5)	(55, 35, 8)	nan
(62, 31, 7)	(31, 55, 5)	(55, 35, 3)	nan
(62, 31, 7)	(31, 55, 5)	(55, 35, 5)	nan
