(62, 7, 1)	nan
(62, 7, 8)	nan
(62, 35, 8)	(35, 7, 1)	nan
(62, 35, 8)	(35, 7, 0)	nan
(62, 35, 8)	(35, 74, 5)	(74, 7, 1)	nan
(62, 35, 8)	(35, 68, 7)	(68, 7, 5)	nan
(62, 35, 8)	(35, 30, 8)	(30, 7, 1)	nan
(62, 35, 8)	(35, 30, 8)	(30, 7, 4)	nan
(62, 35, 8)	(35, 52, 3)	(52, 7, 1)	nan
(62, 35, 8)	(35, 52, 3)	(52, 7, 0)	nan
(62, 35, 8)	(35, 75, 7)	(75, 7, 1)	nan
(62, 35, 8)	(35, 75, 7)	(75, 7, 5)	nan
(62, 81, 7)	(81, 76, 0)	(76, 7, 1)	nan
(62, 81, 7)	(81, 76, 0)	(76, 7, 0)	nan
(62, 81, 7)	(81, 32, 8)	(32, 7, 1)	nan
(62, 81, 7)	(81, 32, 8)	(32, 7, 6)	nan
(62, 81, 7)	(81, 85, 0)	(85, 7, 1)	nan
(62, 81, 7)	(81, 85, 0)	(85, 7, 6)	nan
(62, 81, 7)	(81, 69, 0)	(69, 7, 1)	nan
(62, 81, 7)	(81, 69, 0)	(69, 7, 7)	nan
(62, 81, 7)	(81, 57, 7)	(57, 7, 1)	nan
(62, 81, 7)	(81, 57, 7)	(57, 7, 1)	nan
(62, 81, 7)	(81, 57, 7)	(57, 7, 4)	nan
(62, 81, 7)	(81, 57, 7)	(57, 7, 6)	nan
(62, 65, 2)	(65, 7, 1)	nan
(62, 65, 2)	(65, 7, 1)	nan
(62, 65, 2)	(65, 7, 5)	nan
(62, 65, 2)	(65, 79, 5)	(79, 7, 1)	nan
(62, 65, 2)	(65, 79, 5)	(79, 7, 1)	nan
(62, 65, 2)	(65, 35, 1)	(35, 7, 1)	nan
(62, 65, 2)	(65, 35, 1)	(35, 7, 0)	nan
(62, 65, 2)	(65, 71, 1)	(71, 7, 1)	nan
(62, 65, 2)	(65, 71, 1)	(71, 7, 6)	nan
(62, 65, 2)	(65, 83, 0)	(83, 7, 1)	nan
(62, 65, 2)	(65, 83, 0)	(83, 7, 3)	nan
(62, 65, 2)	(65, 41, 0)	(41, 7, 1)	nan
(62, 65, 2)	(65, 41, 0)	(41, 7, 3)	nan
(62, 65, 2)	(65, 41, 5)	(41, 7, 1)	nan
(62, 65, 2)	(65, 41, 5)	(41, 7, 3)	nan
(62, 65, 2)	(65, 68, 0)	(68, 7, 5)	nan
(62, 65, 2)	(65, 30, 8)	(30, 7, 1)	nan
(62, 65, 2)	(65, 30, 8)	(30, 7, 4)	nan
(62, 65, 2)	(65, 53, 0)	(53, 7, 1)	nan
(62, 65, 2)	(65, 53, 0)	(53, 7, 7)	nan
(62, 65, 2)	(65, 60, 1)	(60, 7, 1)	nan
(62, 65, 2)	(65, 60, 1)	(60, 7, 6)	nan
(62, 89, 5)	(89, 7, 1)	nan
(62, 89, 5)	(89, 7, 5)	nan
(62, 89, 5)	(89, 46, 7)	(46, 7, 1)	nan
(62, 89, 5)	(89, 46, 7)	(46, 7, 1)	nan
