(62, 8, 7)	nan
(62, 35, 8)	(35, 8, 1)	nan
(62, 35, 8)	(35, 8, 4)	nan
(62, 35, 8)	(35, 68, 7)	(68, 8, 1)	nan
(62, 35, 8)	(35, 68, 7)	(68, 8, 8)	nan
(62, 35, 8)	(35, 52, 3)	(52, 8, 1)	nan
(62, 35, 8)	(35, 52, 3)	(52, 8, 5)	nan
(62, 35, 8)	(35, 52, 3)	(52, 8, 3)	nan
(62, 35, 8)	(35, 75, 7)	(75, 8, 1)	nan
(62, 35, 8)	(35, 75, 7)	(75, 8, 4)	nan
(62, 35, 8)	(35, 88, 1)	(88, 8, 1)	nan
(62, 35, 8)	(35, 88, 1)	(88, 8, 1)	nan
(62, 81, 7)	(81, 29, 8)	(29, 8, 1)	nan
(62, 81, 7)	(81, 29, 7)	(29, 8, 1)	nan
(62, 81, 7)	(81, 29, 1)	(29, 8, 1)	nan
(62, 81, 7)	(81, 8, 1)	nan
(62, 81, 7)	(81, 8, 1)	nan
(62, 81, 7)	(81, 8, 1)	nan
(62, 81, 7)	(81, 8, 1)	nan
(62, 81, 7)	(81, 8, 1)	nan
(62, 81, 7)	(81, 76, 0)	(76, 8, 1)	nan
(62, 81, 7)	(81, 76, 0)	(76, 8, 1)	nan
(62, 81, 7)	(81, 32, 8)	(32, 8, 1)	nan
(62, 81, 7)	(81, 32, 8)	(32, 8, 1)	nan
(62, 81, 7)	(81, 32, 8)	(32, 8, 5)	nan
(62, 81, 7)	(81, 85, 0)	(85, 8, 1)	nan
(62, 81, 7)	(81, 85, 0)	(85, 8, 5)	nan
(62, 81, 7)	(81, 69, 0)	(69, 8, 1)	nan
(62, 81, 7)	(81, 69, 0)	(69, 8, 1)	nan
(62, 81, 7)	(81, 69, 0)	(69, 8, 5)	nan
(62, 81, 7)	(81, 69, 0)	(69, 8, 3)	nan
(62, 81, 7)	(81, 57, 7)	(57, 8, 1)	nan
(62, 81, 7)	(81, 57, 7)	(57, 8, 3)	nan
(62, 81, 7)	(81, 33, 0)	(33, 8, 1)	nan
(62, 81, 7)	(81, 33, 0)	(33, 8, 1)	nan
(62, 81, 7)	(81, 33, 0)	(33, 8, 3)	nan
(62, 81, 7)	(81, 33, 0)	(33, 8, 6)	nan
(62, 81, 7)	(81, 33, 0)	(33, 8, 7)	nan
(62, 65, 2)	(65, 8, 1)	nan
(62, 65, 2)	(65, 8, 1)	nan
(62, 65, 2)	(65, 8, 6)	nan
(62, 65, 2)	(65, 8, 4)	nan
(62, 65, 2)	(65, 79, 5)	(79, 8, 1)	nan
(62, 65, 2)	(65, 79, 5)	(79, 8, 1)	nan
(62, 65, 2)	(65, 79, 5)	(79, 8, 3)	nan
(62, 65, 2)	(65, 79, 5)	(79, 8, 8)	nan
(62, 65, 2)	(65, 35, 1)	(35, 8, 1)	nan
(62, 65, 2)	(65, 35, 1)	(35, 8, 4)	nan
(62, 65, 2)	(65, 71, 1)	(71, 8, 1)	nan
(62, 65, 2)	(65, 71, 1)	(71, 8, 7)	nan
