(63, 35, 8)	(35, 15, 3)	nan
(63, 35, 8)	(35, 15, 8)	nan
(63, 35, 8)	(35, 68, 7)	(68, 15, 3)	nan
(63, 35, 8)	(35, 56, 1)	(56, 15, 3)	nan
(63, 35, 8)	(35, 30, 8)	(30, 15, 3)	nan
(63, 35, 8)	(35, 75, 7)	(75, 15, 3)	nan
(63, 35, 8)	(35, 15, 3)	nan
(63, 35, 8)	(35, 15, 8)	nan
(63, 35, 8)	(35, 68, 7)	(68, 15, 3)	nan
(63, 35, 8)	(35, 56, 1)	(56, 15, 3)	nan
(63, 35, 8)	(35, 30, 8)	(30, 15, 3)	nan
(63, 35, 8)	(35, 75, 7)	(75, 15, 3)	nan
(63, 35, 7)	(35, 15, 3)	nan
(63, 35, 7)	(35, 15, 8)	nan
(63, 35, 7)	(35, 68, 7)	(68, 15, 3)	nan
(63, 35, 7)	(35, 56, 1)	(56, 15, 3)	nan
(63, 35, 7)	(35, 30, 8)	(30, 15, 3)	nan
(63, 35, 7)	(35, 75, 7)	(75, 15, 3)	nan
(63, 35, 3)	(35, 15, 3)	nan
(63, 35, 3)	(35, 15, 8)	nan
(63, 35, 3)	(35, 68, 7)	(68, 15, 3)	nan
(63, 35, 3)	(35, 56, 1)	(56, 15, 3)	nan
(63, 35, 3)	(35, 30, 8)	(30, 15, 3)	nan
(63, 35, 3)	(35, 75, 7)	(75, 15, 3)	nan
(63, 15, 3)	nan
(63, 15, 7)	nan
(63, 85, 3)	(85, 15, 3)	nan
(63, 85, 3)	(85, 15, 3)	nan
(63, 85, 3)	(85, 15, 7)	nan
(63, 85, 3)	(85, 15, 1)	nan
(63, 85, 3)	(85, 35, 1)	(35, 15, 3)	nan
(63, 85, 3)	(85, 35, 1)	(35, 15, 8)	nan
(63, 85, 3)	(85, 37, 3)	(37, 15, 3)	nan
(63, 33, 7)	(33, 54, 2)	(54, 15, 3)	nan
(63, 33, 7)	(33, 54, 2)	(54, 15, 2)	nan
(63, 33, 7)	(33, 50, 3)	(50, 15, 3)	nan
(63, 33, 7)	(33, 50, 3)	(50, 15, 3)	nan
(63, 33, 7)	(33, 41, 1)	(41, 15, 3)	nan
(63, 33, 7)	(33, 41, 1)	(41, 15, 0)	nan
(63, 33, 7)	(33, 29, 2)	(29, 15, 3)	nan
(63, 33, 7)	(33, 29, 2)	(29, 15, 8)	nan
(63, 33, 8)	(33, 54, 2)	(54, 15, 3)	nan
(63, 33, 8)	(33, 54, 2)	(54, 15, 2)	nan
(63, 33, 8)	(33, 50, 3)	(50, 15, 3)	nan
(63, 33, 8)	(33, 50, 3)	(50, 15, 3)	nan
(63, 33, 8)	(33, 41, 1)	(41, 15, 3)	nan
(63, 33, 8)	(33, 41, 1)	(41, 15, 0)	nan
(63, 33, 8)	(33, 29, 2)	(29, 15, 3)	nan
(63, 33, 8)	(33, 29, 2)	(29, 15, 8)	nan
(63, 33, 8)	(33, 54, 2)	(54, 15, 3)	nan
