(63, 35, 8)	(35, 10, 2)	nan
(63, 35, 8)	(35, 10, 5)	nan
(63, 35, 8)	(35, 74, 5)	(74, 10, 2)	nan
(63, 35, 8)	(35, 74, 5)	(74, 10, 7)	nan
(63, 35, 8)	(35, 68, 7)	(68, 10, 2)	nan
(63, 35, 8)	(35, 56, 1)	(56, 10, 2)	nan
(63, 35, 8)	(35, 56, 1)	(56, 10, 2)	nan
(63, 35, 8)	(35, 56, 1)	(56, 10, 7)	nan
(63, 35, 8)	(35, 52, 3)	(52, 10, 2)	nan
(63, 35, 8)	(35, 52, 3)	(52, 10, 2)	nan
(63, 35, 8)	(35, 52, 3)	(52, 10, 2)	nan
(63, 35, 8)	(35, 10, 2)	nan
(63, 35, 8)	(35, 10, 5)	nan
(63, 35, 8)	(35, 74, 5)	(74, 10, 2)	nan
(63, 35, 8)	(35, 74, 5)	(74, 10, 7)	nan
(63, 35, 8)	(35, 68, 7)	(68, 10, 2)	nan
(63, 35, 8)	(35, 56, 1)	(56, 10, 2)	nan
(63, 35, 8)	(35, 56, 1)	(56, 10, 2)	nan
(63, 35, 8)	(35, 56, 1)	(56, 10, 7)	nan
(63, 35, 8)	(35, 52, 3)	(52, 10, 2)	nan
(63, 35, 8)	(35, 52, 3)	(52, 10, 2)	nan
(63, 35, 8)	(35, 52, 3)	(52, 10, 2)	nan
(63, 35, 7)	(35, 10, 2)	nan
(63, 35, 7)	(35, 10, 5)	nan
(63, 35, 7)	(35, 74, 5)	(74, 10, 2)	nan
(63, 35, 7)	(35, 74, 5)	(74, 10, 7)	nan
(63, 35, 7)	(35, 68, 7)	(68, 10, 2)	nan
(63, 35, 7)	(35, 56, 1)	(56, 10, 2)	nan
(63, 35, 7)	(35, 56, 1)	(56, 10, 2)	nan
(63, 35, 7)	(35, 56, 1)	(56, 10, 7)	nan
(63, 35, 7)	(35, 52, 3)	(52, 10, 2)	nan
(63, 35, 7)	(35, 52, 3)	(52, 10, 2)	nan
(63, 35, 7)	(35, 52, 3)	(52, 10, 2)	nan
(63, 35, 3)	(35, 10, 2)	nan
(63, 35, 3)	(35, 10, 5)	nan
(63, 35, 3)	(35, 74, 5)	(74, 10, 2)	nan
(63, 35, 3)	(35, 74, 5)	(74, 10, 7)	nan
(63, 35, 3)	(35, 68, 7)	(68, 10, 2)	nan
(63, 35, 3)	(35, 56, 1)	(56, 10, 2)	nan
(63, 35, 3)	(35, 56, 1)	(56, 10, 2)	nan
(63, 35, 3)	(35, 56, 1)	(56, 10, 7)	nan
(63, 35, 3)	(35, 52, 3)	(52, 10, 2)	nan
(63, 35, 3)	(35, 52, 3)	(52, 10, 2)	nan
(63, 35, 3)	(35, 52, 3)	(52, 10, 2)	nan
(63, 85, 3)	(85, 33, 8)	(33, 10, 2)	nan
(63, 85, 3)	(85, 33, 4)	(33, 10, 2)	nan
(63, 85, 3)	(85, 10, 2)	nan
(63, 85, 3)	(85, 35, 1)	(35, 10, 2)	nan
(63, 85, 3)	(85, 35, 1)	(35, 10, 5)	nan
(63, 10, 2)	nan
