(63, 35, 8)	(35, 28, 7)	nan
(63, 35, 8)	(35, 28, 1)	nan
(63, 35, 8)	(35, 74, 5)	(74, 28, 7)	nan
(63, 35, 8)	(35, 74, 5)	(74, 28, 7)	nan
(63, 35, 8)	(35, 74, 5)	(74, 28, 8)	nan
(63, 35, 8)	(35, 74, 5)	(74, 28, 3)	nan
(63, 35, 8)	(35, 68, 7)	(68, 28, 7)	nan
(63, 35, 8)	(35, 68, 7)	(68, 28, 2)	nan
(63, 35, 8)	(35, 56, 1)	(56, 28, 7)	nan
(63, 35, 8)	(35, 56, 1)	(56, 28, 2)	nan
(63, 35, 8)	(35, 88, 1)	(88, 28, 7)	nan
(63, 35, 8)	(35, 88, 1)	(88, 28, 3)	nan
(63, 35, 8)	(35, 28, 7)	nan
(63, 35, 8)	(35, 28, 1)	nan
(63, 35, 8)	(35, 74, 5)	(74, 28, 7)	nan
(63, 35, 8)	(35, 74, 5)	(74, 28, 7)	nan
(63, 35, 8)	(35, 74, 5)	(74, 28, 8)	nan
(63, 35, 8)	(35, 74, 5)	(74, 28, 3)	nan
(63, 35, 8)	(35, 68, 7)	(68, 28, 7)	nan
(63, 35, 8)	(35, 68, 7)	(68, 28, 2)	nan
(63, 35, 8)	(35, 56, 1)	(56, 28, 7)	nan
(63, 35, 8)	(35, 56, 1)	(56, 28, 2)	nan
(63, 35, 8)	(35, 88, 1)	(88, 28, 7)	nan
(63, 35, 8)	(35, 88, 1)	(88, 28, 3)	nan
(63, 35, 7)	(35, 28, 7)	nan
(63, 35, 7)	(35, 28, 1)	nan
(63, 35, 7)	(35, 74, 5)	(74, 28, 7)	nan
(63, 35, 7)	(35, 74, 5)	(74, 28, 7)	nan
(63, 35, 7)	(35, 74, 5)	(74, 28, 8)	nan
(63, 35, 7)	(35, 74, 5)	(74, 28, 3)	nan
(63, 35, 7)	(35, 68, 7)	(68, 28, 7)	nan
(63, 35, 7)	(35, 68, 7)	(68, 28, 2)	nan
(63, 35, 7)	(35, 56, 1)	(56, 28, 7)	nan
(63, 35, 7)	(35, 56, 1)	(56, 28, 2)	nan
(63, 35, 7)	(35, 88, 1)	(88, 28, 7)	nan
(63, 35, 7)	(35, 88, 1)	(88, 28, 3)	nan
(63, 35, 3)	(35, 28, 7)	nan
(63, 35, 3)	(35, 28, 1)	nan
(63, 35, 3)	(35, 74, 5)	(74, 28, 7)	nan
(63, 35, 3)	(35, 74, 5)	(74, 28, 7)	nan
(63, 35, 3)	(35, 74, 5)	(74, 28, 8)	nan
(63, 35, 3)	(35, 74, 5)	(74, 28, 3)	nan
(63, 35, 3)	(35, 68, 7)	(68, 28, 7)	nan
(63, 35, 3)	(35, 68, 7)	(68, 28, 2)	nan
(63, 35, 3)	(35, 56, 1)	(56, 28, 7)	nan
(63, 35, 3)	(35, 56, 1)	(56, 28, 2)	nan
(63, 35, 3)	(35, 88, 1)	(88, 28, 7)	nan
(63, 35, 3)	(35, 88, 1)	(88, 28, 3)	nan
(63, 28, 7)	nan
(63, 28, 4)	nan
(63, 85, 3)	(85, 28, 7)	nan
