(63, 35, 7)	nan
(63, 35, 3)	nan
(63, 85, 3)	(85, 35, 1)	nan
(63, 33, 7)	(33, 54, 2)	(54, 35, 3)	nan
(63, 33, 7)	(33, 74, 0)	(74, 35, 7)	nan
(63, 33, 7)	(33, 87, 3)	(87, 35, 8)	nan
(63, 33, 7)	(33, 41, 1)	(41, 35, 8)	nan
(63, 33, 7)	(33, 84, 0)	(84, 35, 8)	nan
(63, 33, 7)	(33, 84, 0)	(84, 35, 8)	nan
(63, 33, 7)	(33, 29, 2)	(29, 35, 1)	nan
(63, 33, 8)	(33, 54, 2)	(54, 35, 3)	nan
(63, 33, 8)	(33, 74, 0)	(74, 35, 7)	nan
(63, 33, 8)	(33, 87, 3)	(87, 35, 8)	nan
(63, 33, 8)	(33, 41, 1)	(41, 35, 8)	nan
(63, 33, 8)	(33, 84, 0)	(84, 35, 8)	nan
(63, 33, 8)	(33, 84, 0)	(84, 35, 8)	nan
(63, 33, 8)	(33, 29, 2)	(29, 35, 1)	nan
(63, 33, 8)	(33, 54, 2)	(54, 35, 3)	nan
(63, 33, 8)	(33, 74, 0)	(74, 35, 7)	nan
(63, 33, 8)	(33, 87, 3)	(87, 35, 8)	nan
(63, 33, 8)	(33, 41, 1)	(41, 35, 8)	nan
(63, 33, 8)	(33, 84, 0)	(84, 35, 8)	nan
(63, 33, 8)	(33, 84, 0)	(84, 35, 8)	nan
(63, 33, 8)	(33, 29, 2)	(29, 35, 1)	nan
(63, 48, 1)	(48, 34, 0)	(34, 35, 8)	nan
(63, 48, 1)	(48, 85, 7)	(85, 35, 1)	nan
(63, 74, 7)	(74, 76, 5)	(76, 35, 8)	nan
(63, 74, 7)	(74, 76, 5)	(76, 35, 8)	nan
(63, 74, 7)	(74, 35, 7)	nan
(63, 74, 7)	(74, 29, 8)	(29, 35, 1)	nan
(63, 57, 7)	(57, 35, 8)	nan
(63, 57, 7)	(57, 35, 8)	nan
(63, 57, 7)	(57, 35, 0)	nan
(63, 57, 7)	(57, 56, 7)	(56, 35, 8)	nan
(63, 57, 7)	(57, 56, 7)	(56, 35, 8)	nan
(63, 57, 7)	(57, 56, 7)	(56, 35, 4)	nan
(63, 57, 7)	(57, 41, 1)	(41, 35, 8)	nan
(63, 57, 7)	(57, 78, 7)	(78, 35, 8)	nan
(63, 57, 7)	(57, 87, 7)	(87, 35, 8)	nan
(63, 57, 7)	(57, 58, 4)	(58, 35, 8)	nan
(63, 57, 7)	(57, 58, 4)	(58, 35, 2)	nan
