(63, 35, 8)	(35, 7, 1)	nan
(63, 35, 8)	(35, 7, 0)	nan
(63, 35, 8)	(35, 74, 5)	(74, 7, 1)	nan
(63, 35, 8)	(35, 68, 7)	(68, 7, 5)	nan
(63, 35, 8)	(35, 30, 8)	(30, 7, 1)	nan
(63, 35, 8)	(35, 30, 8)	(30, 7, 4)	nan
(63, 35, 8)	(35, 52, 3)	(52, 7, 1)	nan
(63, 35, 8)	(35, 52, 3)	(52, 7, 0)	nan
(63, 35, 8)	(35, 75, 7)	(75, 7, 1)	nan
(63, 35, 8)	(35, 75, 7)	(75, 7, 5)	nan
(63, 35, 8)	(35, 7, 1)	nan
(63, 35, 8)	(35, 7, 0)	nan
(63, 35, 8)	(35, 74, 5)	(74, 7, 1)	nan
(63, 35, 8)	(35, 68, 7)	(68, 7, 5)	nan
(63, 35, 8)	(35, 30, 8)	(30, 7, 1)	nan
(63, 35, 8)	(35, 30, 8)	(30, 7, 4)	nan
(63, 35, 8)	(35, 52, 3)	(52, 7, 1)	nan
(63, 35, 8)	(35, 52, 3)	(52, 7, 0)	nan
(63, 35, 8)	(35, 75, 7)	(75, 7, 1)	nan
(63, 35, 8)	(35, 75, 7)	(75, 7, 5)	nan
(63, 35, 7)	(35, 7, 1)	nan
(63, 35, 7)	(35, 7, 0)	nan
(63, 35, 7)	(35, 74, 5)	(74, 7, 1)	nan
(63, 35, 7)	(35, 68, 7)	(68, 7, 5)	nan
(63, 35, 7)	(35, 30, 8)	(30, 7, 1)	nan
(63, 35, 7)	(35, 30, 8)	(30, 7, 4)	nan
(63, 35, 7)	(35, 52, 3)	(52, 7, 1)	nan
(63, 35, 7)	(35, 52, 3)	(52, 7, 0)	nan
(63, 35, 7)	(35, 75, 7)	(75, 7, 1)	nan
(63, 35, 7)	(35, 75, 7)	(75, 7, 5)	nan
(63, 35, 3)	(35, 7, 1)	nan
(63, 35, 3)	(35, 7, 0)	nan
(63, 35, 3)	(35, 74, 5)	(74, 7, 1)	nan
(63, 35, 3)	(35, 68, 7)	(68, 7, 5)	nan
(63, 35, 3)	(35, 30, 8)	(30, 7, 1)	nan
(63, 35, 3)	(35, 30, 8)	(30, 7, 4)	nan
(63, 35, 3)	(35, 52, 3)	(52, 7, 1)	nan
(63, 35, 3)	(35, 52, 3)	(52, 7, 0)	nan
(63, 35, 3)	(35, 75, 7)	(75, 7, 1)	nan
(63, 35, 3)	(35, 75, 7)	(75, 7, 5)	nan
(63, 7, 1)	nan
(63, 7, 3)	nan
(63, 85, 3)	(85, 7, 1)	nan
(63, 85, 3)	(85, 7, 6)	nan
(63, 85, 3)	(85, 83, 3)	(83, 7, 1)	nan
(63, 85, 3)	(85, 83, 3)	(83, 7, 3)	nan
(63, 85, 3)	(85, 35, 1)	(35, 7, 1)	nan
(63, 85, 3)	(85, 35, 1)	(35, 7, 0)	nan
(63, 85, 3)	(85, 37, 3)	(37, 7, 1)	nan
(63, 85, 3)	(85, 37, 3)	(37, 7, 1)	nan
(63, 33, 7)	(33, 54, 2)	(54, 7, 1)	nan
