(63, 35, 8)	(35, 8, 1)	nan
(63, 35, 8)	(35, 8, 4)	nan
(63, 35, 8)	(35, 68, 7)	(68, 8, 1)	nan
(63, 35, 8)	(35, 68, 7)	(68, 8, 8)	nan
(63, 35, 8)	(35, 52, 3)	(52, 8, 1)	nan
(63, 35, 8)	(35, 52, 3)	(52, 8, 5)	nan
(63, 35, 8)	(35, 52, 3)	(52, 8, 3)	nan
(63, 35, 8)	(35, 75, 7)	(75, 8, 1)	nan
(63, 35, 8)	(35, 75, 7)	(75, 8, 4)	nan
(63, 35, 8)	(35, 88, 1)	(88, 8, 1)	nan
(63, 35, 8)	(35, 88, 1)	(88, 8, 1)	nan
(63, 35, 8)	(35, 8, 1)	nan
(63, 35, 8)	(35, 8, 4)	nan
(63, 35, 8)	(35, 68, 7)	(68, 8, 1)	nan
(63, 35, 8)	(35, 68, 7)	(68, 8, 8)	nan
(63, 35, 8)	(35, 52, 3)	(52, 8, 1)	nan
(63, 35, 8)	(35, 52, 3)	(52, 8, 5)	nan
(63, 35, 8)	(35, 52, 3)	(52, 8, 3)	nan
(63, 35, 8)	(35, 75, 7)	(75, 8, 1)	nan
(63, 35, 8)	(35, 75, 7)	(75, 8, 4)	nan
(63, 35, 8)	(35, 88, 1)	(88, 8, 1)	nan
(63, 35, 8)	(35, 88, 1)	(88, 8, 1)	nan
(63, 35, 7)	(35, 8, 1)	nan
(63, 35, 7)	(35, 8, 4)	nan
(63, 35, 7)	(35, 68, 7)	(68, 8, 1)	nan
(63, 35, 7)	(35, 68, 7)	(68, 8, 8)	nan
(63, 35, 7)	(35, 52, 3)	(52, 8, 1)	nan
(63, 35, 7)	(35, 52, 3)	(52, 8, 5)	nan
(63, 35, 7)	(35, 52, 3)	(52, 8, 3)	nan
(63, 35, 7)	(35, 75, 7)	(75, 8, 1)	nan
(63, 35, 7)	(35, 75, 7)	(75, 8, 4)	nan
(63, 35, 7)	(35, 88, 1)	(88, 8, 1)	nan
(63, 35, 7)	(35, 88, 1)	(88, 8, 1)	nan
(63, 35, 3)	(35, 8, 1)	nan
(63, 35, 3)	(35, 8, 4)	nan
(63, 35, 3)	(35, 68, 7)	(68, 8, 1)	nan
(63, 35, 3)	(35, 68, 7)	(68, 8, 8)	nan
(63, 35, 3)	(35, 52, 3)	(52, 8, 1)	nan
(63, 35, 3)	(35, 52, 3)	(52, 8, 5)	nan
(63, 35, 3)	(35, 52, 3)	(52, 8, 3)	nan
(63, 35, 3)	(35, 75, 7)	(75, 8, 1)	nan
(63, 35, 3)	(35, 75, 7)	(75, 8, 4)	nan
(63, 35, 3)	(35, 88, 1)	(88, 8, 1)	nan
(63, 35, 3)	(35, 88, 1)	(88, 8, 1)	nan
(63, 8, 1)	nan
(63, 8, 5)	nan
(63, 85, 3)	(85, 33, 8)	(33, 8, 1)	nan
(63, 85, 3)	(85, 33, 8)	(33, 8, 1)	nan
(63, 85, 3)	(85, 33, 8)	(33, 8, 3)	nan
(63, 85, 3)	(85, 33, 8)	(33, 8, 6)	nan
(63, 85, 3)	(85, 33, 8)	(33, 8, 7)	nan
