(64, 29, 8)	(29, 1, 0)	nan
(64, 29, 8)	(29, 88, 0)	(88, 1, 0)	nan
(64, 29, 8)	(29, 35, 1)	(35, 1, 0)	nan
(64, 29, 8)	(29, 61, 7)	(61, 1, 0)	nan
(64, 29, 8)	(29, 61, 7)	(61, 1, 0)	nan
(64, 29, 8)	(29, 1, 0)	nan
(64, 29, 8)	(29, 88, 0)	(88, 1, 0)	nan
(64, 29, 8)	(29, 35, 1)	(35, 1, 0)	nan
(64, 29, 8)	(29, 61, 7)	(61, 1, 0)	nan
(64, 29, 8)	(29, 61, 7)	(61, 1, 0)	nan
(64, 29, 4)	(29, 1, 0)	nan
(64, 29, 4)	(29, 88, 0)	(88, 1, 0)	nan
(64, 29, 4)	(29, 35, 1)	(35, 1, 0)	nan
(64, 29, 4)	(29, 61, 7)	(61, 1, 0)	nan
(64, 29, 4)	(29, 61, 7)	(61, 1, 0)	nan
(64, 29, 6)	(29, 1, 0)	nan
(64, 29, 6)	(29, 88, 0)	(88, 1, 0)	nan
(64, 29, 6)	(29, 35, 1)	(35, 1, 0)	nan
(64, 29, 6)	(29, 61, 7)	(61, 1, 0)	nan
(64, 29, 6)	(29, 61, 7)	(61, 1, 0)	nan
(64, 1, 0)	nan
(64, 1, 5)	nan
(64, 33, 0)	(33, 1, 0)	nan
(64, 33, 0)	(33, 1, 0)	nan
(64, 33, 0)	(33, 1, 3)	nan
(64, 33, 0)	(33, 74, 0)	(74, 1, 0)	nan
(64, 33, 0)	(33, 74, 0)	(74, 1, 3)	nan
(64, 33, 0)	(33, 87, 3)	(87, 1, 0)	nan
(64, 33, 0)	(33, 41, 1)	(41, 1, 0)	nan
(64, 33, 0)	(33, 41, 1)	(41, 1, 7)	nan
(64, 33, 0)	(33, 29, 2)	(29, 1, 0)	nan
(64, 30, 8)	(30, 72, 4)	(72, 1, 0)	nan
(64, 30, 8)	(30, 60, 7)	(60, 1, 0)	nan
(64, 30, 8)	(30, 60, 0)	(60, 1, 0)	nan
(64, 30, 8)	(30, 75, 7)	(75, 1, 0)	nan
(64, 30, 8)	(30, 88, 5)	(88, 1, 0)	nan
(64, 30, 8)	(30, 85, 0)	(85, 1, 0)	nan
(64, 30, 8)	(30, 85, 0)	(85, 1, 0)	nan
(64, 30, 8)	(30, 85, 0)	(85, 1, 0)	nan
(64, 30, 5)	(30, 72, 4)	(72, 1, 0)	nan
(64, 30, 5)	(30, 60, 7)	(60, 1, 0)	nan
(64, 30, 5)	(30, 60, 0)	(60, 1, 0)	nan
(64, 30, 5)	(30, 75, 7)	(75, 1, 0)	nan
(64, 30, 5)	(30, 88, 5)	(88, 1, 0)	nan
(64, 30, 5)	(30, 85, 0)	(85, 1, 0)	nan
(64, 30, 5)	(30, 85, 0)	(85, 1, 0)	nan
(64, 30, 5)	(30, 85, 0)	(85, 1, 0)	nan
(64, 83, 7)	(83, 1, 0)	nan
(64, 83, 7)	(83, 1, 0)	nan
(64, 83, 7)	(83, 1, 1)	nan
(64, 83, 7)	(83, 29, 8)	(29, 1, 0)	nan
