(64, 29, 8)	(29, 15, 3)	nan
(64, 29, 8)	(29, 15, 8)	nan
(64, 29, 8)	(29, 50, 5)	(50, 15, 3)	nan
(64, 29, 8)	(29, 50, 5)	(50, 15, 3)	nan
(64, 29, 8)	(29, 35, 1)	(35, 15, 3)	nan
(64, 29, 8)	(29, 35, 1)	(35, 15, 8)	nan
(64, 29, 8)	(29, 76, 3)	(76, 15, 3)	nan
(64, 29, 8)	(29, 76, 3)	(76, 15, 3)	nan
(64, 29, 8)	(29, 86, 1)	(86, 15, 3)	nan
(64, 29, 8)	(29, 61, 7)	(61, 15, 3)	nan
(64, 29, 8)	(29, 61, 7)	(61, 15, 3)	nan
(64, 29, 8)	(29, 61, 7)	(61, 15, 7)	nan
(64, 29, 8)	(29, 15, 3)	nan
(64, 29, 8)	(29, 15, 8)	nan
(64, 29, 8)	(29, 50, 5)	(50, 15, 3)	nan
(64, 29, 8)	(29, 50, 5)	(50, 15, 3)	nan
(64, 29, 8)	(29, 35, 1)	(35, 15, 3)	nan
(64, 29, 8)	(29, 35, 1)	(35, 15, 8)	nan
(64, 29, 8)	(29, 76, 3)	(76, 15, 3)	nan
(64, 29, 8)	(29, 76, 3)	(76, 15, 3)	nan
(64, 29, 8)	(29, 86, 1)	(86, 15, 3)	nan
(64, 29, 8)	(29, 61, 7)	(61, 15, 3)	nan
(64, 29, 8)	(29, 61, 7)	(61, 15, 3)	nan
(64, 29, 8)	(29, 61, 7)	(61, 15, 7)	nan
(64, 29, 4)	(29, 15, 3)	nan
(64, 29, 4)	(29, 15, 8)	nan
(64, 29, 4)	(29, 50, 5)	(50, 15, 3)	nan
(64, 29, 4)	(29, 50, 5)	(50, 15, 3)	nan
(64, 29, 4)	(29, 35, 1)	(35, 15, 3)	nan
(64, 29, 4)	(29, 35, 1)	(35, 15, 8)	nan
(64, 29, 4)	(29, 76, 3)	(76, 15, 3)	nan
(64, 29, 4)	(29, 76, 3)	(76, 15, 3)	nan
(64, 29, 4)	(29, 86, 1)	(86, 15, 3)	nan
(64, 29, 4)	(29, 61, 7)	(61, 15, 3)	nan
(64, 29, 4)	(29, 61, 7)	(61, 15, 3)	nan
(64, 29, 4)	(29, 61, 7)	(61, 15, 7)	nan
(64, 29, 6)	(29, 15, 3)	nan
(64, 29, 6)	(29, 15, 8)	nan
(64, 29, 6)	(29, 50, 5)	(50, 15, 3)	nan
(64, 29, 6)	(29, 50, 5)	(50, 15, 3)	nan
(64, 29, 6)	(29, 35, 1)	(35, 15, 3)	nan
(64, 29, 6)	(29, 35, 1)	(35, 15, 8)	nan
(64, 29, 6)	(29, 76, 3)	(76, 15, 3)	nan
(64, 29, 6)	(29, 76, 3)	(76, 15, 3)	nan
(64, 29, 6)	(29, 86, 1)	(86, 15, 3)	nan
(64, 29, 6)	(29, 61, 7)	(61, 15, 3)	nan
(64, 29, 6)	(29, 61, 7)	(61, 15, 3)	nan
(64, 29, 6)	(29, 61, 7)	(61, 15, 7)	nan
(64, 15, 3)	nan
(64, 15, 7)	nan
(64, 33, 0)	(33, 54, 2)	(54, 15, 3)	nan
