(64, 29, 8)	(29, 12, 3)	nan
(64, 29, 8)	(29, 12, 4)	nan
(64, 29, 8)	(29, 35, 1)	(35, 12, 3)	nan
(64, 29, 8)	(29, 35, 1)	(35, 12, 3)	nan
(64, 29, 8)	(29, 35, 1)	(35, 12, 4)	nan
(64, 29, 8)	(29, 86, 1)	(86, 12, 7)	nan
(64, 29, 8)	(29, 12, 3)	nan
(64, 29, 8)	(29, 12, 4)	nan
(64, 29, 8)	(29, 35, 1)	(35, 12, 3)	nan
(64, 29, 8)	(29, 35, 1)	(35, 12, 3)	nan
(64, 29, 8)	(29, 35, 1)	(35, 12, 4)	nan
(64, 29, 8)	(29, 86, 1)	(86, 12, 7)	nan
(64, 29, 4)	(29, 12, 3)	nan
(64, 29, 4)	(29, 12, 4)	nan
(64, 29, 4)	(29, 35, 1)	(35, 12, 3)	nan
(64, 29, 4)	(29, 35, 1)	(35, 12, 3)	nan
(64, 29, 4)	(29, 35, 1)	(35, 12, 4)	nan
(64, 29, 4)	(29, 86, 1)	(86, 12, 7)	nan
(64, 29, 6)	(29, 12, 3)	nan
(64, 29, 6)	(29, 12, 4)	nan
(64, 29, 6)	(29, 35, 1)	(35, 12, 3)	nan
(64, 29, 6)	(29, 35, 1)	(35, 12, 3)	nan
(64, 29, 6)	(29, 35, 1)	(35, 12, 4)	nan
(64, 29, 6)	(29, 86, 1)	(86, 12, 7)	nan
(64, 12, 3)	nan
(64, 12, 5)	nan
(64, 12, 7)	nan
(64, 33, 0)	(33, 12, 3)	nan
(64, 33, 0)	(33, 54, 2)	(54, 12, 3)	nan
(64, 33, 0)	(33, 54, 2)	(54, 12, 3)	nan
(64, 33, 0)	(33, 54, 2)	(54, 12, 8)	nan
(64, 33, 0)	(33, 54, 2)	(54, 12, 1)	nan
(64, 33, 0)	(33, 54, 2)	(54, 12, 1)	nan
(64, 33, 0)	(33, 87, 3)	(87, 12, 3)	nan
(64, 33, 0)	(33, 29, 2)	(29, 12, 3)	nan
(64, 33, 0)	(33, 29, 2)	(29, 12, 4)	nan
(64, 30, 8)	(30, 12, 3)	nan
(64, 30, 8)	(30, 34, 8)	(34, 12, 3)	nan
(64, 30, 8)	(30, 85, 0)	(85, 12, 3)	nan
(64, 30, 5)	(30, 12, 3)	nan
(64, 30, 5)	(30, 34, 8)	(34, 12, 3)	nan
(64, 30, 5)	(30, 85, 0)	(85, 12, 3)	nan
(64, 83, 7)	(83, 12, 3)	nan
(64, 83, 7)	(83, 12, 3)	nan
(64, 83, 7)	(83, 12, 1)	nan
(64, 83, 7)	(83, 29, 8)	(29, 12, 3)	nan
(64, 83, 7)	(83, 29, 8)	(29, 12, 4)	nan
(64, 83, 7)	(83, 29, 2)	(29, 12, 3)	nan
(64, 83, 7)	(83, 29, 2)	(29, 12, 4)	nan
(64, 83, 7)	(83, 87, 0)	(87, 12, 3)	nan
