(64, 29, 8)	(29, 10, 2)	nan
(64, 29, 8)	(29, 10, 2)	nan
(64, 29, 8)	(29, 10, 5)	nan
(64, 29, 8)	(29, 10, 4)	nan
(64, 29, 8)	(29, 35, 1)	(35, 10, 2)	nan
(64, 29, 8)	(29, 35, 1)	(35, 10, 5)	nan
(64, 29, 8)	(29, 52, 7)	(52, 10, 2)	nan
(64, 29, 8)	(29, 52, 7)	(52, 10, 2)	nan
(64, 29, 8)	(29, 52, 7)	(52, 10, 2)	nan
(64, 29, 8)	(29, 76, 3)	(76, 10, 2)	nan
(64, 29, 8)	(29, 61, 7)	(61, 10, 2)	nan
(64, 29, 8)	(29, 61, 7)	(61, 10, 2)	nan
(64, 29, 8)	(29, 10, 2)	nan
(64, 29, 8)	(29, 10, 2)	nan
(64, 29, 8)	(29, 10, 5)	nan
(64, 29, 8)	(29, 10, 4)	nan
(64, 29, 8)	(29, 35, 1)	(35, 10, 2)	nan
(64, 29, 8)	(29, 35, 1)	(35, 10, 5)	nan
(64, 29, 8)	(29, 52, 7)	(52, 10, 2)	nan
(64, 29, 8)	(29, 52, 7)	(52, 10, 2)	nan
(64, 29, 8)	(29, 52, 7)	(52, 10, 2)	nan
(64, 29, 8)	(29, 76, 3)	(76, 10, 2)	nan
(64, 29, 8)	(29, 61, 7)	(61, 10, 2)	nan
(64, 29, 8)	(29, 61, 7)	(61, 10, 2)	nan
(64, 29, 4)	(29, 10, 2)	nan
(64, 29, 4)	(29, 10, 2)	nan
(64, 29, 4)	(29, 10, 5)	nan
(64, 29, 4)	(29, 10, 4)	nan
(64, 29, 4)	(29, 35, 1)	(35, 10, 2)	nan
(64, 29, 4)	(29, 35, 1)	(35, 10, 5)	nan
(64, 29, 4)	(29, 52, 7)	(52, 10, 2)	nan
(64, 29, 4)	(29, 52, 7)	(52, 10, 2)	nan
(64, 29, 4)	(29, 52, 7)	(52, 10, 2)	nan
(64, 29, 4)	(29, 76, 3)	(76, 10, 2)	nan
(64, 29, 4)	(29, 61, 7)	(61, 10, 2)	nan
(64, 29, 4)	(29, 61, 7)	(61, 10, 2)	nan
(64, 29, 6)	(29, 10, 2)	nan
(64, 29, 6)	(29, 10, 2)	nan
(64, 29, 6)	(29, 10, 5)	nan
(64, 29, 6)	(29, 10, 4)	nan
(64, 29, 6)	(29, 35, 1)	(35, 10, 2)	nan
(64, 29, 6)	(29, 35, 1)	(35, 10, 5)	nan
(64, 29, 6)	(29, 52, 7)	(52, 10, 2)	nan
(64, 29, 6)	(29, 52, 7)	(52, 10, 2)	nan
(64, 29, 6)	(29, 52, 7)	(52, 10, 2)	nan
(64, 29, 6)	(29, 76, 3)	(76, 10, 2)	nan
(64, 29, 6)	(29, 61, 7)	(61, 10, 2)	nan
(64, 29, 6)	(29, 61, 7)	(61, 10, 2)	nan
(64, 33, 0)	(33, 10, 2)	nan
(64, 33, 0)	(33, 54, 2)	(54, 10, 2)	nan
(64, 33, 0)	(33, 54, 2)	(54, 10, 5)	nan
