(64, 29, 8)	(29, 50, 5)	(50, 16, 3)	nan
(64, 29, 8)	(29, 88, 0)	(88, 16, 3)	nan
(64, 29, 8)	(29, 88, 0)	(88, 16, 3)	nan
(64, 29, 8)	(29, 88, 0)	(88, 16, 2)	nan
(64, 29, 8)	(29, 16, 2)	nan
(64, 29, 8)	(29, 35, 1)	(35, 16, 5)	nan
(64, 29, 8)	(29, 86, 1)	(86, 16, 3)	nan
(64, 29, 8)	(29, 50, 5)	(50, 16, 3)	nan
(64, 29, 8)	(29, 88, 0)	(88, 16, 3)	nan
(64, 29, 8)	(29, 88, 0)	(88, 16, 3)	nan
(64, 29, 8)	(29, 88, 0)	(88, 16, 2)	nan
(64, 29, 8)	(29, 16, 2)	nan
(64, 29, 8)	(29, 35, 1)	(35, 16, 5)	nan
(64, 29, 8)	(29, 86, 1)	(86, 16, 3)	nan
(64, 29, 4)	(29, 50, 5)	(50, 16, 3)	nan
(64, 29, 4)	(29, 88, 0)	(88, 16, 3)	nan
(64, 29, 4)	(29, 88, 0)	(88, 16, 3)	nan
(64, 29, 4)	(29, 88, 0)	(88, 16, 2)	nan
(64, 29, 4)	(29, 16, 2)	nan
(64, 29, 4)	(29, 35, 1)	(35, 16, 5)	nan
(64, 29, 4)	(29, 86, 1)	(86, 16, 3)	nan
(64, 29, 6)	(29, 50, 5)	(50, 16, 3)	nan
(64, 29, 6)	(29, 88, 0)	(88, 16, 3)	nan
(64, 29, 6)	(29, 88, 0)	(88, 16, 3)	nan
(64, 29, 6)	(29, 88, 0)	(88, 16, 2)	nan
(64, 29, 6)	(29, 16, 2)	nan
(64, 29, 6)	(29, 35, 1)	(35, 16, 5)	nan
(64, 29, 6)	(29, 86, 1)	(86, 16, 3)	nan
(64, 16, 3)	nan
(64, 16, 1)	nan
(64, 33, 0)	(33, 54, 2)	(54, 16, 3)	nan
(64, 33, 0)	(33, 54, 2)	(54, 16, 7)	nan
(64, 33, 0)	(33, 54, 2)	(54, 16, 4)	nan
(64, 33, 0)	(33, 50, 3)	(50, 16, 3)	nan
(64, 33, 0)	(33, 29, 2)	(29, 16, 2)	nan
(64, 30, 8)	(30, 75, 7)	(75, 16, 3)	nan
(64, 30, 8)	(30, 88, 5)	(88, 16, 3)	nan
(64, 30, 8)	(30, 88, 5)	(88, 16, 3)	nan
(64, 30, 8)	(30, 88, 5)	(88, 16, 2)	nan
(64, 30, 8)	(30, 34, 8)	(34, 16, 3)	nan
(64, 30, 8)	(30, 85, 0)	(85, 16, 3)	nan
(64, 30, 8)	(30, 85, 0)	(85, 16, 1)	nan
(64, 30, 5)	(30, 75, 7)	(75, 16, 3)	nan
(64, 30, 5)	(30, 88, 5)	(88, 16, 3)	nan
(64, 30, 5)	(30, 88, 5)	(88, 16, 3)	nan
(64, 30, 5)	(30, 88, 5)	(88, 16, 2)	nan
(64, 30, 5)	(30, 34, 8)	(34, 16, 3)	nan
(64, 30, 5)	(30, 85, 0)	(85, 16, 3)	nan
(64, 30, 5)	(30, 85, 0)	(85, 16, 1)	nan
(64, 83, 7)	(83, 16, 3)	nan
(64, 83, 7)	(83, 16, 7)	nan
