(64, 20, 7)	nan
(64, 29, 8)	(29, 20, 5)	nan
(64, 29, 8)	(29, 20, 5)	nan
(64, 29, 8)	(29, 20, 4)	nan
(64, 29, 8)	(29, 35, 1)	(35, 20, 5)	nan
(64, 29, 8)	(29, 35, 1)	(35, 20, 7)	nan
(64, 29, 8)	(29, 52, 7)	(52, 20, 5)	nan
(64, 29, 8)	(29, 52, 7)	(52, 20, 5)	nan
(64, 29, 8)	(29, 52, 7)	(52, 20, 7)	nan
(64, 29, 8)	(29, 52, 7)	(52, 20, 1)	nan
(64, 29, 8)	(29, 76, 3)	(76, 20, 5)	nan
(64, 29, 8)	(29, 86, 1)	(86, 20, 5)	nan
(64, 29, 8)	(29, 86, 1)	(86, 20, 5)	nan
(64, 29, 8)	(29, 20, 5)	nan
(64, 29, 8)	(29, 20, 5)	nan
(64, 29, 8)	(29, 20, 4)	nan
(64, 29, 8)	(29, 35, 1)	(35, 20, 5)	nan
(64, 29, 8)	(29, 35, 1)	(35, 20, 7)	nan
(64, 29, 8)	(29, 52, 7)	(52, 20, 5)	nan
(64, 29, 8)	(29, 52, 7)	(52, 20, 5)	nan
(64, 29, 8)	(29, 52, 7)	(52, 20, 7)	nan
(64, 29, 8)	(29, 52, 7)	(52, 20, 1)	nan
(64, 29, 8)	(29, 76, 3)	(76, 20, 5)	nan
(64, 29, 8)	(29, 86, 1)	(86, 20, 5)	nan
(64, 29, 8)	(29, 86, 1)	(86, 20, 5)	nan
(64, 29, 4)	(29, 20, 5)	nan
(64, 29, 4)	(29, 20, 5)	nan
(64, 29, 4)	(29, 20, 4)	nan
(64, 29, 4)	(29, 35, 1)	(35, 20, 5)	nan
(64, 29, 4)	(29, 35, 1)	(35, 20, 7)	nan
(64, 29, 4)	(29, 52, 7)	(52, 20, 5)	nan
(64, 29, 4)	(29, 52, 7)	(52, 20, 5)	nan
(64, 29, 4)	(29, 52, 7)	(52, 20, 7)	nan
(64, 29, 4)	(29, 52, 7)	(52, 20, 1)	nan
(64, 29, 4)	(29, 76, 3)	(76, 20, 5)	nan
(64, 29, 4)	(29, 86, 1)	(86, 20, 5)	nan
(64, 29, 4)	(29, 86, 1)	(86, 20, 5)	nan
(64, 29, 6)	(29, 20, 5)	nan
(64, 29, 6)	(29, 20, 5)	nan
(64, 29, 6)	(29, 20, 4)	nan
(64, 29, 6)	(29, 35, 1)	(35, 20, 5)	nan
(64, 29, 6)	(29, 35, 1)	(35, 20, 7)	nan
(64, 29, 6)	(29, 52, 7)	(52, 20, 5)	nan
(64, 29, 6)	(29, 52, 7)	(52, 20, 5)	nan
(64, 29, 6)	(29, 52, 7)	(52, 20, 7)	nan
(64, 29, 6)	(29, 52, 7)	(52, 20, 1)	nan
(64, 29, 6)	(29, 76, 3)	(76, 20, 5)	nan
(64, 29, 6)	(29, 86, 1)	(86, 20, 5)	nan
(64, 29, 6)	(29, 86, 1)	(86, 20, 5)	nan
