(64, 26, 7)	nan
(64, 26, 2)	nan
(64, 29, 8)	(29, 26, 7)	nan
(64, 29, 8)	(29, 26, 2)	nan
(64, 29, 8)	(29, 88, 0)	(88, 26, 7)	nan
(64, 29, 8)	(29, 88, 0)	(88, 26, 7)	nan
(64, 29, 8)	(29, 88, 0)	(88, 26, 8)	nan
(64, 29, 8)	(29, 88, 0)	(88, 26, 2)	nan
(64, 29, 8)	(29, 35, 1)	(35, 26, 7)	nan
(64, 29, 8)	(29, 76, 3)	(76, 26, 7)	nan
(64, 29, 8)	(29, 76, 3)	(76, 26, 7)	nan
(64, 29, 8)	(29, 76, 3)	(76, 26, 7)	nan
(64, 29, 8)	(29, 76, 3)	(76, 26, 7)	nan
(64, 29, 8)	(29, 76, 3)	(76, 26, 7)	nan
(64, 29, 8)	(29, 86, 1)	(86, 26, 7)	nan
(64, 29, 8)	(29, 61, 7)	(61, 26, 7)	nan
(64, 29, 8)	(29, 61, 7)	(61, 26, 8)	nan
(64, 29, 8)	(29, 26, 7)	nan
(64, 29, 8)	(29, 26, 2)	nan
(64, 29, 8)	(29, 88, 0)	(88, 26, 7)	nan
(64, 29, 8)	(29, 88, 0)	(88, 26, 7)	nan
(64, 29, 8)	(29, 88, 0)	(88, 26, 8)	nan
(64, 29, 8)	(29, 88, 0)	(88, 26, 2)	nan
(64, 29, 8)	(29, 35, 1)	(35, 26, 7)	nan
(64, 29, 8)	(29, 76, 3)	(76, 26, 7)	nan
(64, 29, 8)	(29, 76, 3)	(76, 26, 7)	nan
(64, 29, 8)	(29, 76, 3)	(76, 26, 7)	nan
(64, 29, 8)	(29, 76, 3)	(76, 26, 7)	nan
(64, 29, 8)	(29, 76, 3)	(76, 26, 7)	nan
(64, 29, 8)	(29, 86, 1)	(86, 26, 7)	nan
(64, 29, 8)	(29, 61, 7)	(61, 26, 7)	nan
(64, 29, 8)	(29, 61, 7)	(61, 26, 8)	nan
(64, 29, 4)	(29, 26, 7)	nan
(64, 29, 4)	(29, 26, 2)	nan
(64, 29, 4)	(29, 88, 0)	(88, 26, 7)	nan
(64, 29, 4)	(29, 88, 0)	(88, 26, 7)	nan
(64, 29, 4)	(29, 88, 0)	(88, 26, 8)	nan
(64, 29, 4)	(29, 88, 0)	(88, 26, 2)	nan
(64, 29, 4)	(29, 35, 1)	(35, 26, 7)	nan
(64, 29, 4)	(29, 76, 3)	(76, 26, 7)	nan
(64, 29, 4)	(29, 76, 3)	(76, 26, 7)	nan
(64, 29, 4)	(29, 76, 3)	(76, 26, 7)	nan
(64, 29, 4)	(29, 76, 3)	(76, 26, 7)	nan
(64, 29, 4)	(29, 76, 3)	(76, 26, 7)	nan
(64, 29, 4)	(29, 86, 1)	(86, 26, 7)	nan
(64, 29, 4)	(29, 61, 7)	(61, 26, 7)	nan
(64, 29, 4)	(29, 61, 7)	(61, 26, 8)	nan
(64, 29, 6)	(29, 26, 7)	nan
(64, 29, 6)	(29, 26, 2)	nan
(64, 29, 6)	(29, 88, 0)	(88, 26, 7)	nan
