(64, 29, 8)	(29, 21, 5)	nan
(64, 29, 8)	(29, 21, 5)	nan
(64, 29, 8)	(29, 21, 0)	nan
(64, 29, 8)	(29, 21, 2)	nan
(64, 29, 8)	(29, 50, 5)	(50, 21, 5)	nan
(64, 29, 8)	(29, 50, 5)	(50, 21, 6)	nan
(64, 29, 8)	(29, 35, 1)	(35, 21, 5)	nan
(64, 29, 8)	(29, 35, 1)	(35, 21, 3)	nan
(64, 29, 8)	(29, 52, 7)	(52, 21, 5)	nan
(64, 29, 8)	(29, 52, 7)	(52, 21, 5)	nan
(64, 29, 8)	(29, 52, 7)	(52, 21, 8)	nan
(64, 29, 8)	(29, 52, 7)	(52, 21, 4)	nan
(64, 29, 8)	(29, 76, 3)	(76, 21, 5)	nan
(64, 29, 8)	(29, 76, 3)	(76, 21, 5)	nan
(64, 29, 8)	(29, 76, 3)	(76, 21, 5)	nan
(64, 29, 8)	(29, 76, 3)	(76, 21, 5)	nan
(64, 29, 8)	(29, 86, 1)	(86, 21, 5)	nan
(64, 29, 8)	(29, 86, 1)	(86, 21, 5)	nan
(64, 29, 8)	(29, 86, 1)	(86, 21, 3)	nan
(64, 29, 8)	(29, 61, 7)	(61, 21, 5)	nan
(64, 29, 8)	(29, 21, 5)	nan
(64, 29, 8)	(29, 21, 5)	nan
(64, 29, 8)	(29, 21, 0)	nan
(64, 29, 8)	(29, 21, 2)	nan
(64, 29, 8)	(29, 50, 5)	(50, 21, 5)	nan
(64, 29, 8)	(29, 50, 5)	(50, 21, 6)	nan
(64, 29, 8)	(29, 35, 1)	(35, 21, 5)	nan
(64, 29, 8)	(29, 35, 1)	(35, 21, 3)	nan
(64, 29, 8)	(29, 52, 7)	(52, 21, 5)	nan
(64, 29, 8)	(29, 52, 7)	(52, 21, 5)	nan
(64, 29, 8)	(29, 52, 7)	(52, 21, 8)	nan
(64, 29, 8)	(29, 52, 7)	(52, 21, 4)	nan
(64, 29, 8)	(29, 76, 3)	(76, 21, 5)	nan
(64, 29, 8)	(29, 76, 3)	(76, 21, 5)	nan
(64, 29, 8)	(29, 76, 3)	(76, 21, 5)	nan
(64, 29, 8)	(29, 76, 3)	(76, 21, 5)	nan
(64, 29, 8)	(29, 86, 1)	(86, 21, 5)	nan
(64, 29, 8)	(29, 86, 1)	(86, 21, 5)	nan
(64, 29, 8)	(29, 86, 1)	(86, 21, 3)	nan
(64, 29, 8)	(29, 61, 7)	(61, 21, 5)	nan
(64, 29, 4)	(29, 21, 5)	nan
(64, 29, 4)	(29, 21, 5)	nan
(64, 29, 4)	(29, 21, 0)	nan
(64, 29, 4)	(29, 21, 2)	nan
(64, 29, 4)	(29, 50, 5)	(50, 21, 5)	nan
(64, 29, 4)	(29, 50, 5)	(50, 21, 6)	nan
(64, 29, 4)	(29, 35, 1)	(35, 21, 5)	nan
(64, 29, 4)	(29, 35, 1)	(35, 21, 3)	nan
(64, 29, 4)	(29, 52, 7)	(52, 21, 5)	nan
(64, 29, 4)	(29, 52, 7)	(52, 21, 5)	nan
(64, 29, 4)	(29, 52, 7)	(52, 21, 8)	nan
