(64, 29, 4)	nan
(64, 29, 6)	nan
(64, 33, 0)	(33, 74, 0)	(74, 29, 8)	nan
(64, 33, 0)	(33, 41, 1)	(41, 29, 5)	nan
(64, 33, 0)	(33, 29, 2)	nan
(64, 83, 7)	(83, 29, 8)	nan
(64, 83, 7)	(83, 29, 2)	nan
(64, 37, 3)	(37, 31, 8)	(31, 29, 5)	nan
(64, 37, 3)	(37, 31, 8)	(31, 29, 5)	nan
(64, 37, 3)	(37, 31, 5)	(31, 29, 5)	nan
(64, 37, 3)	(37, 31, 0)	(31, 29, 5)	nan
(64, 37, 3)	(37, 32, 8)	(32, 29, 3)	nan
(64, 60, 3)	(60, 32, 8)	(32, 29, 3)	nan
(64, 60, 3)	(60, 36, 1)	(36, 29, 7)	nan
(64, 60, 3)	(60, 36, 1)	(36, 29, 8)	nan
(64, 60, 3)	(60, 74, 1)	(74, 29, 8)	nan
(64, 36, 7)	(36, 31, 8)	(31, 29, 5)	nan
(64, 36, 7)	(36, 31, 0)	(31, 29, 5)	nan
(64, 36, 7)	(36, 31, 0)	(31, 29, 5)	nan
(64, 36, 7)	(36, 29, 7)	nan
(64, 36, 7)	(36, 29, 8)	nan
(64, 36, 7)	(36, 32, 5)	(32, 29, 3)	nan
(64, 36, 4)	(36, 31, 8)	(31, 29, 5)	nan
(64, 36, 4)	(36, 31, 0)	(31, 29, 5)	nan
(64, 36, 4)	(36, 31, 0)	(31, 29, 5)	nan
(64, 36, 4)	(36, 29, 7)	nan
(64, 36, 4)	(36, 29, 8)	nan
(64, 36, 4)	(36, 32, 5)	(32, 29, 3)	nan
(64, 74, 7)	(74, 33, 8)	(33, 29, 2)	nan
(64, 74, 7)	(74, 33, 7)	(33, 29, 2)	nan
(64, 74, 7)	(74, 29, 8)	nan
(64, 52, 7)	(52, 33, 1)	(33, 29, 2)	nan
(64, 52, 7)	(52, 29, 8)	nan
(64, 51, 7)	(51, 59, 5)	(59, 29, 3)	nan
(64, 51, 7)	(51, 81, 7)	(81, 29, 8)	nan
(64, 51, 7)	(51, 81, 7)	(81, 29, 7)	nan
(64, 51, 7)	(51, 81, 7)	(81, 29, 1)	nan
