(64, 29, 8)	(29, 88, 0)	(88, 4, 0)	nan
(64, 29, 8)	(29, 61, 7)	(61, 4, 0)	nan
(64, 29, 8)	(29, 4, 0)	nan
(64, 29, 8)	(29, 88, 0)	(88, 4, 0)	nan
(64, 29, 8)	(29, 61, 7)	(61, 4, 0)	nan
(64, 29, 8)	(29, 4, 0)	nan
(64, 29, 4)	(29, 88, 0)	(88, 4, 0)	nan
(64, 29, 4)	(29, 61, 7)	(61, 4, 0)	nan
(64, 29, 4)	(29, 4, 0)	nan
(64, 29, 6)	(29, 88, 0)	(88, 4, 0)	nan
(64, 29, 6)	(29, 61, 7)	(61, 4, 0)	nan
(64, 29, 6)	(29, 4, 0)	nan
(64, 33, 0)	(33, 4, 0)	nan
(64, 33, 0)	(33, 41, 1)	(41, 4, 0)	nan
(64, 33, 0)	(33, 41, 1)	(41, 4, 0)	nan
(64, 33, 0)	(33, 41, 1)	(41, 4, 2)	nan
(64, 33, 0)	(33, 29, 2)	(29, 4, 0)	nan
(64, 30, 8)	(30, 4, 0)	nan
(64, 30, 8)	(30, 4, 7)	nan
(64, 30, 8)	(30, 75, 7)	(75, 4, 5)	nan
(64, 30, 8)	(30, 75, 7)	(75, 4, 7)	nan
(64, 30, 8)	(30, 88, 5)	(88, 4, 0)	nan
(64, 30, 5)	(30, 4, 0)	nan
(64, 30, 5)	(30, 4, 7)	nan
(64, 30, 5)	(30, 75, 7)	(75, 4, 5)	nan
(64, 30, 5)	(30, 75, 7)	(75, 4, 7)	nan
(64, 30, 5)	(30, 88, 5)	(88, 4, 0)	nan
(64, 83, 7)	(83, 29, 8)	(29, 4, 0)	nan
(64, 83, 7)	(83, 29, 2)	(29, 4, 0)	nan
(64, 83, 7)	(83, 82, 1)	(82, 4, 0)	nan
(64, 37, 3)	(37, 31, 8)	(31, 4, 0)	nan
(64, 37, 3)	(37, 31, 8)	(31, 4, 0)	nan
(64, 37, 3)	(37, 31, 5)	(31, 4, 0)	nan
(64, 37, 3)	(37, 31, 0)	(31, 4, 0)	nan
(64, 60, 3)	(60, 36, 1)	(36, 4, 0)	nan
(64, 60, 3)	(60, 30, 8)	(30, 4, 0)	nan
(64, 60, 3)	(60, 30, 8)	(30, 4, 7)	nan
(64, 36, 7)	(36, 31, 8)	(31, 4, 0)	nan
(64, 36, 7)	(36, 31, 0)	(31, 4, 0)	nan
(64, 36, 7)	(36, 31, 0)	(31, 4, 0)	nan
(64, 36, 7)	(36, 62, 5)	(62, 4, 0)	nan
(64, 36, 7)	(36, 62, 5)	(62, 4, 0)	nan
(64, 36, 7)	(36, 4, 0)	nan
(64, 36, 7)	(36, 29, 7)	(29, 4, 0)	nan
(64, 36, 7)	(36, 29, 8)	(29, 4, 0)	nan
(64, 36, 4)	(36, 31, 8)	(31, 4, 0)	nan
(64, 36, 4)	(36, 31, 0)	(31, 4, 0)	nan
(64, 36, 4)	(36, 31, 0)	(31, 4, 0)	nan
(64, 36, 4)	(36, 62, 5)	(62, 4, 0)	nan
(64, 36, 4)	(36, 62, 5)	(62, 4, 0)	nan
(64, 36, 4)	(36, 4, 0)	nan
