(65, 1, 4)	nan
(65, 79, 5)	(79, 1, 0)	nan
(65, 79, 5)	(79, 33, 8)	(33, 1, 0)	nan
(65, 79, 5)	(79, 33, 8)	(33, 1, 0)	nan
(65, 79, 5)	(79, 33, 8)	(33, 1, 3)	nan
(65, 79, 5)	(79, 33, 4)	(33, 1, 0)	nan
(65, 79, 5)	(79, 33, 4)	(33, 1, 0)	nan
(65, 79, 5)	(79, 33, 4)	(33, 1, 3)	nan
(65, 79, 5)	(79, 74, 1)	(74, 1, 0)	nan
(65, 79, 5)	(79, 74, 1)	(74, 1, 3)	nan
(65, 79, 5)	(79, 70, 4)	(70, 1, 0)	nan
(65, 79, 5)	(79, 70, 4)	(70, 1, 0)	nan
(65, 79, 5)	(79, 66, 1)	(66, 1, 0)	nan
(65, 35, 1)	(35, 74, 5)	(74, 1, 0)	nan
(65, 35, 1)	(35, 74, 5)	(74, 1, 3)	nan
(65, 35, 1)	(35, 56, 1)	(56, 1, 0)	nan
(65, 35, 1)	(35, 1, 0)	nan
(65, 35, 1)	(35, 75, 7)	(75, 1, 0)	nan
(65, 35, 1)	(35, 88, 1)	(88, 1, 0)	nan
(65, 71, 1)	(71, 83, 8)	(83, 1, 0)	nan
(65, 71, 1)	(71, 83, 8)	(83, 1, 0)	nan
(65, 71, 1)	(71, 83, 8)	(83, 1, 1)	nan
(65, 71, 1)	(71, 1, 0)	nan
(65, 71, 1)	(71, 1, 0)	nan
(65, 71, 1)	(71, 74, 7)	(74, 1, 0)	nan
(65, 71, 1)	(71, 74, 7)	(74, 1, 3)	nan
(65, 83, 0)	(83, 1, 0)	nan
(65, 83, 0)	(83, 1, 0)	nan
(65, 83, 0)	(83, 1, 1)	nan
(65, 83, 0)	(83, 29, 8)	(29, 1, 0)	nan
(65, 83, 0)	(83, 29, 2)	(29, 1, 0)	nan
(65, 83, 0)	(83, 87, 0)	(87, 1, 0)	nan
(65, 83, 0)	(83, 85, 0)	(85, 1, 0)	nan
(65, 83, 0)	(83, 85, 0)	(85, 1, 0)	nan
(65, 83, 0)	(83, 85, 0)	(85, 1, 0)	nan
(65, 83, 0)	(83, 49, 1)	(49, 1, 0)	nan
(65, 83, 0)	(83, 49, 1)	(49, 1, 0)	nan
(65, 33, 7)	(33, 1, 0)	nan
(65, 33, 7)	(33, 1, 0)	nan
(65, 33, 7)	(33, 1, 3)	nan
(65, 33, 7)	(33, 74, 0)	(74, 1, 0)	nan
(65, 33, 7)	(33, 74, 0)	(74, 1, 3)	nan
(65, 33, 7)	(33, 87, 3)	(87, 1, 0)	nan
(65, 33, 7)	(33, 41, 1)	(41, 1, 0)	nan
(65, 33, 7)	(33, 41, 1)	(41, 1, 7)	nan
(65, 33, 7)	(33, 29, 2)	(29, 1, 0)	nan
(65, 33, 7)	(33, 1, 0)	nan
(65, 33, 7)	(33, 1, 0)	nan
(65, 33, 7)	(33, 1, 3)	nan
