(65, 12, 4)	nan
(65, 79, 5)	(79, 33, 8)	(33, 12, 3)	nan
(65, 79, 5)	(79, 33, 4)	(33, 12, 3)	nan
(65, 79, 5)	(79, 70, 4)	(70, 12, 3)	nan
(65, 79, 5)	(79, 66, 1)	(66, 12, 3)	nan
(65, 79, 5)	(79, 66, 1)	(66, 12, 0)	nan
(65, 79, 5)	(79, 44, 0)	(44, 12, 3)	nan
(65, 35, 1)	(35, 12, 3)	nan
(65, 35, 1)	(35, 12, 3)	nan
(65, 35, 1)	(35, 12, 4)	nan
(65, 35, 1)	(35, 56, 1)	(56, 12, 3)	nan
(65, 35, 1)	(35, 56, 1)	(56, 12, 8)	nan
(65, 35, 1)	(35, 30, 8)	(30, 12, 3)	nan
(65, 71, 1)	(71, 34, 8)	(34, 12, 3)	nan
(65, 71, 1)	(71, 34, 8)	(34, 12, 3)	nan
(65, 71, 1)	(71, 34, 1)	(34, 12, 3)	nan
(65, 71, 1)	(71, 34, 1)	(34, 12, 3)	nan
(65, 71, 1)	(71, 83, 8)	(83, 12, 3)	nan
(65, 71, 1)	(71, 83, 8)	(83, 12, 3)	nan
(65, 71, 1)	(71, 83, 8)	(83, 12, 1)	nan
(65, 83, 0)	(83, 12, 3)	nan
(65, 83, 0)	(83, 12, 3)	nan
(65, 83, 0)	(83, 12, 1)	nan
(65, 83, 0)	(83, 29, 8)	(29, 12, 3)	nan
(65, 83, 0)	(83, 29, 8)	(29, 12, 4)	nan
(65, 83, 0)	(83, 29, 2)	(29, 12, 3)	nan
(65, 83, 0)	(83, 29, 2)	(29, 12, 4)	nan
(65, 83, 0)	(83, 87, 0)	(87, 12, 3)	nan
(65, 83, 0)	(83, 82, 1)	(82, 12, 3)	nan
(65, 83, 0)	(83, 85, 0)	(85, 12, 3)	nan
(65, 83, 0)	(83, 49, 1)	(49, 12, 3)	nan
(65, 83, 0)	(83, 49, 1)	(49, 12, 0)	nan
(65, 33, 7)	(33, 12, 3)	nan
(65, 33, 7)	(33, 54, 2)	(54, 12, 3)	nan
(65, 33, 7)	(33, 54, 2)	(54, 12, 3)	nan
(65, 33, 7)	(33, 54, 2)	(54, 12, 8)	nan
(65, 33, 7)	(33, 54, 2)	(54, 12, 1)	nan
(65, 33, 7)	(33, 54, 2)	(54, 12, 1)	nan
(65, 33, 7)	(33, 87, 3)	(87, 12, 3)	nan
(65, 33, 7)	(33, 29, 2)	(29, 12, 3)	nan
(65, 33, 7)	(33, 29, 2)	(29, 12, 4)	nan
(65, 33, 7)	(33, 12, 3)	nan
(65, 33, 7)	(33, 54, 2)	(54, 12, 3)	nan
(65, 33, 7)	(33, 54, 2)	(54, 12, 3)	nan
(65, 33, 7)	(33, 54, 2)	(54, 12, 8)	nan
(65, 33, 7)	(33, 54, 2)	(54, 12, 1)	nan
(65, 33, 7)	(33, 54, 2)	(54, 12, 1)	nan
(65, 33, 7)	(33, 87, 3)	(87, 12, 3)	nan
(65, 33, 7)	(33, 29, 2)	(29, 12, 3)	nan
(65, 33, 7)	(33, 29, 2)	(29, 12, 4)	nan
