(65, 21, 4)	nan
(65, 79, 5)	(79, 33, 8)	(33, 21, 5)	nan
(65, 79, 5)	(79, 33, 4)	(33, 21, 5)	nan
(65, 79, 5)	(79, 21, 5)	nan
(65, 79, 5)	(79, 21, 5)	nan
(65, 79, 5)	(79, 21, 5)	nan
(65, 79, 5)	(79, 21, 5)	nan
(65, 79, 5)	(79, 74, 1)	(74, 21, 5)	nan
(65, 79, 5)	(79, 74, 1)	(74, 21, 0)	nan
(65, 79, 5)	(79, 68, 1)	(68, 21, 5)	nan
(65, 79, 5)	(79, 68, 1)	(68, 21, 5)	nan
(65, 79, 5)	(79, 68, 1)	(68, 21, 7)	nan
(65, 79, 5)	(79, 68, 1)	(68, 21, 2)	nan
(65, 35, 1)	(35, 21, 5)	nan
(65, 35, 1)	(35, 21, 3)	nan
(65, 35, 1)	(35, 74, 5)	(74, 21, 5)	nan
(65, 35, 1)	(35, 74, 5)	(74, 21, 0)	nan
(65, 35, 1)	(35, 68, 7)	(68, 21, 5)	nan
(65, 35, 1)	(35, 68, 7)	(68, 21, 5)	nan
(65, 35, 1)	(35, 68, 7)	(68, 21, 7)	nan
(65, 35, 1)	(35, 68, 7)	(68, 21, 2)	nan
(65, 35, 1)	(35, 56, 1)	(56, 21, 5)	nan
(65, 35, 1)	(35, 30, 8)	(30, 21, 5)	nan
(65, 35, 1)	(35, 30, 8)	(30, 21, 3)	nan
(65, 35, 1)	(35, 52, 3)	(52, 21, 5)	nan
(65, 35, 1)	(35, 52, 3)	(52, 21, 5)	nan
(65, 35, 1)	(35, 52, 3)	(52, 21, 8)	nan
(65, 35, 1)	(35, 52, 3)	(52, 21, 4)	nan
(65, 35, 1)	(35, 75, 7)	(75, 21, 5)	nan
(65, 35, 1)	(35, 75, 7)	(75, 21, 5)	nan
(65, 35, 1)	(35, 75, 7)	(75, 21, 0)	nan
(65, 35, 1)	(35, 75, 7)	(75, 21, 4)	nan
(65, 71, 1)	(71, 34, 8)	(34, 21, 5)	nan
(65, 71, 1)	(71, 34, 8)	(34, 21, 5)	nan
(65, 71, 1)	(71, 34, 1)	(34, 21, 5)	nan
(65, 71, 1)	(71, 34, 1)	(34, 21, 5)	nan
(65, 71, 1)	(71, 21, 5)	nan
(65, 71, 1)	(71, 21, 1)	nan
(65, 71, 1)	(71, 83, 8)	(83, 21, 5)	nan
(65, 71, 1)	(71, 83, 8)	(83, 21, 5)	nan
(65, 71, 1)	(71, 74, 7)	(74, 21, 5)	nan
(65, 71, 1)	(71, 74, 7)	(74, 21, 0)	nan
(65, 71, 1)	(71, 31, 7)	(31, 21, 5)	nan
(65, 71, 1)	(71, 31, 7)	(31, 21, 3)	nan
(65, 83, 0)	(83, 29, 8)	(29, 21, 5)	nan
(65, 83, 0)	(83, 29, 8)	(29, 21, 5)	nan
(65, 83, 0)	(83, 29, 8)	(29, 21, 0)	nan
(65, 83, 0)	(83, 29, 8)	(29, 21, 2)	nan
(65, 83, 0)	(83, 29, 2)	(29, 21, 5)	nan
