(65, 25, 2)	nan
(65, 25, 1)	nan
(65, 79, 5)	(79, 33, 8)	(33, 25, 5)	nan
(65, 79, 5)	(79, 33, 4)	(33, 25, 5)	nan
(65, 79, 5)	(79, 74, 1)	(74, 25, 7)	nan
(65, 79, 5)	(79, 74, 1)	(74, 25, 0)	nan
(65, 79, 5)	(79, 66, 1)	(66, 25, 7)	nan
(65, 79, 5)	(79, 66, 1)	(66, 25, 7)	nan
(65, 79, 5)	(79, 66, 1)	(66, 25, 6)	nan
(65, 79, 5)	(79, 25, 7)	nan
(65, 79, 5)	(79, 25, 7)	nan
(65, 79, 5)	(79, 25, 7)	nan
(65, 79, 5)	(79, 25, 7)	nan
(65, 79, 5)	(79, 25, 7)	nan
(65, 79, 5)	(79, 25, 7)	nan
(65, 79, 5)	(79, 25, 7)	nan
(65, 79, 5)	(79, 25, 7)	nan
(65, 79, 5)	(79, 25, 7)	nan
(65, 79, 5)	(79, 25, 7)	nan
(65, 79, 5)	(79, 25, 7)	nan
(65, 79, 5)	(79, 25, 7)	nan
(65, 79, 5)	(79, 68, 1)	(68, 25, 7)	nan
(65, 79, 5)	(79, 68, 1)	(68, 25, 7)	nan
(65, 79, 5)	(79, 68, 1)	(68, 25, 2)	nan
(65, 79, 5)	(79, 68, 1)	(68, 25, 8)	nan
(65, 79, 5)	(79, 44, 0)	(44, 25, 7)	nan
(65, 79, 5)	(79, 44, 0)	(44, 25, 4)	nan
(65, 35, 1)	(35, 74, 5)	(74, 25, 7)	nan
(65, 35, 1)	(35, 74, 5)	(74, 25, 0)	nan
(65, 35, 1)	(35, 68, 7)	(68, 25, 7)	nan
(65, 35, 1)	(35, 68, 7)	(68, 25, 7)	nan
(65, 35, 1)	(35, 68, 7)	(68, 25, 2)	nan
(65, 35, 1)	(35, 68, 7)	(68, 25, 8)	nan
(65, 35, 1)	(35, 56, 1)	(56, 25, 7)	nan
(65, 35, 1)	(35, 56, 1)	(56, 25, 6)	nan
(65, 35, 1)	(35, 30, 8)	(30, 25, 7)	nan
(65, 35, 1)	(35, 30, 8)	(30, 25, 2)	nan
(65, 35, 1)	(35, 52, 3)	(52, 25, 7)	nan
(65, 35, 1)	(35, 52, 3)	(52, 25, 0)	nan
(65, 35, 1)	(35, 75, 7)	(75, 25, 7)	nan
(65, 71, 1)	(71, 25, 7)	nan
(65, 71, 1)	(71, 25, 7)	nan
(65, 71, 1)	(71, 25, 8)	nan
(65, 71, 1)	(71, 83, 8)	(83, 25, 7)	nan
(65, 71, 1)	(71, 83, 8)	(83, 25, 1)	nan
(65, 71, 1)	(71, 74, 7)	(74, 25, 7)	nan
(65, 71, 1)	(71, 74, 7)	(74, 25, 0)	nan
(65, 71, 1)	(71, 31, 7)	(31, 25, 7)	nan
(65, 71, 1)	(71, 31, 7)	(31, 25, 7)	nan
