(65, 79, 5)	(79, 74, 1)	(74, 22, 5)	nan
(65, 79, 5)	(79, 74, 1)	(74, 22, 1)	nan
(65, 79, 5)	(79, 70, 4)	(70, 22, 5)	nan
(65, 79, 5)	(79, 68, 1)	(68, 22, 5)	nan
(65, 79, 5)	(79, 68, 1)	(68, 22, 5)	nan
(65, 79, 5)	(79, 68, 1)	(68, 22, 3)	nan
(65, 79, 5)	(79, 68, 1)	(68, 22, 1)	nan
(65, 35, 1)	(35, 22, 5)	nan
(65, 35, 1)	(35, 22, 5)	nan
(65, 35, 1)	(35, 22, 3)	nan
(65, 35, 1)	(35, 74, 5)	(74, 22, 5)	nan
(65, 35, 1)	(35, 74, 5)	(74, 22, 1)	nan
(65, 35, 1)	(35, 68, 7)	(68, 22, 5)	nan
(65, 35, 1)	(35, 68, 7)	(68, 22, 5)	nan
(65, 35, 1)	(35, 68, 7)	(68, 22, 3)	nan
(65, 35, 1)	(35, 68, 7)	(68, 22, 1)	nan
(65, 35, 1)	(35, 56, 1)	(56, 22, 5)	nan
(65, 35, 1)	(35, 30, 8)	(30, 22, 5)	nan
(65, 35, 1)	(35, 30, 8)	(30, 22, 7)	nan
(65, 35, 1)	(35, 52, 3)	(52, 22, 5)	nan
(65, 35, 1)	(35, 52, 3)	(52, 22, 5)	nan
(65, 35, 1)	(35, 52, 3)	(52, 22, 0)	nan
(65, 35, 1)	(35, 52, 3)	(52, 22, 2)	nan
(65, 35, 1)	(35, 75, 7)	(75, 22, 5)	nan
(65, 35, 1)	(35, 75, 7)	(75, 22, 5)	nan
(65, 71, 1)	(71, 83, 8)	(83, 22, 5)	nan
(65, 71, 1)	(71, 83, 8)	(83, 22, 0)	nan
(65, 71, 1)	(71, 74, 7)	(74, 22, 5)	nan
(65, 71, 1)	(71, 74, 7)	(74, 22, 1)	nan
(65, 71, 1)	(71, 22, 5)	nan
(65, 71, 1)	(71, 22, 5)	nan
(65, 71, 1)	(71, 31, 7)	(31, 22, 5)	nan
(65, 71, 1)	(71, 31, 7)	(31, 22, 8)	nan
(65, 83, 0)	(83, 29, 8)	(29, 22, 5)	nan
(65, 83, 0)	(83, 29, 8)	(29, 22, 5)	nan
(65, 83, 0)	(83, 29, 8)	(29, 22, 5)	nan
(65, 83, 0)	(83, 29, 8)	(29, 22, 5)	nan
(65, 83, 0)	(83, 29, 2)	(29, 22, 5)	nan
(65, 83, 0)	(83, 29, 2)	(29, 22, 5)	nan
(65, 83, 0)	(83, 29, 2)	(29, 22, 5)	nan
(65, 83, 0)	(83, 29, 2)	(29, 22, 5)	nan
(65, 83, 0)	(83, 87, 0)	(87, 22, 5)	nan
(65, 83, 0)	(83, 87, 0)	(87, 22, 6)	nan
(65, 83, 0)	(83, 22, 5)	nan
(65, 83, 0)	(83, 22, 0)	nan
(65, 83, 0)	(83, 82, 1)	(82, 22, 5)	nan
(65, 83, 0)	(83, 76, 3)	(76, 22, 5)	nan
(65, 83, 0)	(83, 49, 1)	(49, 22, 7)	nan
(65, 83, 0)	(83, 49, 1)	(49, 22, 5)	nan
(65, 83, 0)	(83, 49, 1)	(49, 22, 5)	nan
(65, 33, 7)	(33, 54, 2)	(54, 22, 7)	nan
