(65, 28, 4)	nan
(65, 79, 5)	(79, 28, 7)	nan
(65, 79, 5)	(79, 28, 7)	nan
(65, 79, 5)	(79, 28, 0)	nan
(65, 79, 5)	(79, 28, 0)	nan
(65, 79, 5)	(79, 74, 1)	(74, 28, 7)	nan
(65, 79, 5)	(79, 74, 1)	(74, 28, 7)	nan
(65, 79, 5)	(79, 74, 1)	(74, 28, 8)	nan
(65, 79, 5)	(79, 74, 1)	(74, 28, 3)	nan
(65, 79, 5)	(79, 70, 4)	(70, 28, 7)	nan
(65, 79, 5)	(79, 70, 4)	(70, 28, 4)	nan
(65, 79, 5)	(79, 66, 1)	(66, 28, 7)	nan
(65, 79, 5)	(79, 66, 1)	(66, 28, 7)	nan
(65, 79, 5)	(79, 66, 1)	(66, 28, 5)	nan
(65, 79, 5)	(79, 66, 1)	(66, 28, 6)	nan
(65, 79, 5)	(79, 68, 1)	(68, 28, 7)	nan
(65, 79, 5)	(79, 68, 1)	(68, 28, 2)	nan
(65, 79, 5)	(79, 44, 0)	(44, 28, 7)	nan
(65, 79, 5)	(79, 44, 0)	(44, 28, 4)	nan
(65, 35, 1)	(35, 28, 7)	nan
(65, 35, 1)	(35, 28, 1)	nan
(65, 35, 1)	(35, 74, 5)	(74, 28, 7)	nan
(65, 35, 1)	(35, 74, 5)	(74, 28, 7)	nan
(65, 35, 1)	(35, 74, 5)	(74, 28, 8)	nan
(65, 35, 1)	(35, 74, 5)	(74, 28, 3)	nan
(65, 35, 1)	(35, 68, 7)	(68, 28, 7)	nan
(65, 35, 1)	(35, 68, 7)	(68, 28, 2)	nan
(65, 35, 1)	(35, 56, 1)	(56, 28, 7)	nan
(65, 35, 1)	(35, 56, 1)	(56, 28, 2)	nan
(65, 35, 1)	(35, 88, 1)	(88, 28, 7)	nan
(65, 35, 1)	(35, 88, 1)	(88, 28, 3)	nan
(65, 71, 1)	(71, 28, 7)	nan
(65, 71, 1)	(71, 28, 7)	nan
(65, 71, 1)	(71, 28, 4)	nan
(65, 71, 1)	(71, 28, 1)	nan
(65, 71, 1)	(71, 74, 7)	(74, 28, 7)	nan
(65, 71, 1)	(71, 74, 7)	(74, 28, 7)	nan
(65, 71, 1)	(71, 74, 7)	(74, 28, 8)	nan
(65, 71, 1)	(71, 74, 7)	(74, 28, 3)	nan
(65, 71, 1)	(71, 31, 7)	(31, 28, 7)	nan
(65, 71, 1)	(71, 31, 7)	(31, 28, 6)	nan
(65, 83, 0)	(83, 29, 8)	(29, 28, 7)	nan
(65, 83, 0)	(83, 29, 8)	(29, 28, 3)	nan
(65, 83, 0)	(83, 29, 2)	(29, 28, 7)	nan
(65, 83, 0)	(83, 29, 2)	(29, 28, 3)	nan
(65, 83, 0)	(83, 87, 0)	(87, 28, 7)	nan
(65, 83, 0)	(83, 87, 0)	(87, 28, 7)	nan
(65, 83, 0)	(83, 87, 0)	(87, 28, 2)	nan
(65, 83, 0)	(83, 87, 0)	(87, 28, 6)	nan
(65, 83, 0)	(83, 76, 3)	(76, 28, 7)	nan
