(65, 3, 0)	nan
(65, 3, 7)	nan
(65, 79, 5)	(79, 74, 1)	(74, 3, 0)	nan
(65, 79, 5)	(79, 3, 0)	nan
(65, 79, 5)	(79, 68, 1)	(68, 3, 5)	nan
(65, 79, 5)	(79, 44, 0)	(44, 3, 0)	nan
(65, 35, 1)	(35, 74, 5)	(74, 3, 0)	nan
(65, 35, 1)	(35, 68, 7)	(68, 3, 5)	nan
(65, 35, 1)	(35, 30, 8)	(30, 3, 0)	nan
(65, 35, 1)	(35, 30, 8)	(30, 3, 3)	nan
(65, 35, 1)	(35, 3, 0)	nan
(65, 35, 1)	(35, 52, 3)	(52, 3, 1)	nan
(65, 35, 1)	(35, 88, 1)	(88, 3, 0)	nan
(65, 35, 1)	(35, 88, 1)	(88, 3, 0)	nan
(65, 35, 1)	(35, 88, 1)	(88, 3, 3)	nan
(65, 71, 1)	(71, 34, 8)	(34, 3, 0)	nan
(65, 71, 1)	(71, 34, 8)	(34, 3, 0)	nan
(65, 71, 1)	(71, 34, 1)	(34, 3, 0)	nan
(65, 71, 1)	(71, 34, 1)	(34, 3, 0)	nan
(65, 71, 1)	(71, 83, 8)	(83, 3, 0)	nan
(65, 71, 1)	(71, 74, 7)	(74, 3, 0)	nan
(65, 71, 1)	(71, 3, 0)	nan
(65, 83, 0)	(83, 29, 8)	(29, 3, 0)	nan
(65, 83, 0)	(83, 29, 2)	(29, 3, 0)	nan
(65, 83, 0)	(83, 3, 0)	nan
(65, 83, 0)	(83, 87, 0)	(87, 3, 0)	nan
(65, 83, 0)	(83, 82, 1)	(82, 3, 0)	nan
(65, 83, 0)	(83, 82, 1)	(82, 3, 2)	nan
(65, 83, 0)	(83, 76, 3)	(76, 3, 0)	nan
(65, 83, 0)	(83, 78, 0)	(78, 3, 0)	nan
(65, 33, 7)	(33, 74, 0)	(74, 3, 0)	nan
(65, 33, 7)	(33, 87, 3)	(87, 3, 0)	nan
(65, 33, 7)	(33, 41, 1)	(41, 3, 0)	nan
(65, 33, 7)	(33, 41, 1)	(41, 3, 0)	nan
(65, 33, 7)	(33, 41, 1)	(41, 3, 3)	nan
(65, 33, 7)	(33, 84, 0)	(84, 3, 0)	nan
(65, 33, 7)	(33, 84, 0)	(84, 3, 3)	nan
(65, 33, 7)	(33, 29, 2)	(29, 3, 0)	nan
(65, 33, 7)	(33, 74, 0)	(74, 3, 0)	nan
(65, 33, 7)	(33, 87, 3)	(87, 3, 0)	nan
(65, 33, 7)	(33, 41, 1)	(41, 3, 0)	nan
(65, 33, 7)	(33, 41, 1)	(41, 3, 0)	nan
(65, 33, 7)	(33, 41, 1)	(41, 3, 3)	nan
(65, 33, 7)	(33, 84, 0)	(84, 3, 0)	nan
(65, 33, 7)	(33, 84, 0)	(84, 3, 3)	nan
(65, 33, 7)	(33, 29, 2)	(29, 3, 0)	nan
(65, 41, 0)	(41, 3, 0)	nan
(65, 41, 0)	(41, 3, 0)	nan
(65, 41, 0)	(41, 3, 3)	nan
(65, 41, 0)	(41, 30, 8)	(30, 3, 0)	nan
