(67, 32, 8)	(32, 11, 2)	nan
(67, 32, 8)	(32, 29, 3)	(29, 11, 2)	nan
(67, 32, 8)	(32, 29, 3)	(29, 11, 2)	nan
(67, 32, 8)	(32, 29, 3)	(29, 11, 7)	nan
(67, 32, 8)	(32, 86, 7)	(86, 11, 2)	nan
(67, 32, 8)	(32, 86, 7)	(86, 11, 2)	nan
(67, 32, 8)	(32, 86, 7)	(86, 11, 5)	nan
(67, 32, 8)	(32, 86, 7)	(86, 11, 5)	nan
(67, 32, 8)	(32, 61, 1)	(61, 11, 2)	nan
(67, 32, 8)	(32, 61, 1)	(61, 11, 2)	nan
(67, 32, 8)	(32, 61, 1)	(61, 11, 5)	nan
(67, 32, 8)	(32, 76, 7)	(76, 11, 2)	nan
(67, 32, 8)	(32, 76, 7)	(76, 11, 7)	nan
(67, 32, 8)	(32, 51, 1)	(51, 11, 2)	nan
(67, 32, 8)	(32, 41, 3)	(41, 11, 2)	nan
(67, 32, 8)	(32, 41, 3)	(41, 11, 2)	nan
(67, 32, 8)	(32, 41, 3)	(41, 11, 5)	nan
(67, 32, 8)	(32, 41, 3)	(41, 11, 5)	nan
(67, 32, 8)	(32, 40, 5)	(40, 11, 2)	nan
(67, 32, 8)	(32, 40, 5)	(40, 11, 8)	nan
(67, 32, 8)	(32, 40, 5)	(40, 11, 0)	nan
(67, 11, 2)	nan
(67, 11, 7)	nan
(67, 53, 7)	(53, 11, 2)	nan
(67, 53, 7)	(53, 11, 2)	nan
(67, 53, 7)	(53, 11, 8)	nan
(67, 53, 7)	(53, 11, 6)	nan
(67, 53, 7)	(53, 34, 3)	(34, 11, 2)	nan
(67, 53, 7)	(53, 34, 3)	(34, 11, 8)	nan
(67, 53, 7)	(53, 86, 2)	(86, 11, 2)	nan
(67, 53, 7)	(53, 86, 2)	(86, 11, 2)	nan
(67, 53, 7)	(53, 86, 2)	(86, 11, 5)	nan
(67, 53, 7)	(53, 86, 2)	(86, 11, 5)	nan
(67, 53, 7)	(53, 85, 3)	(85, 11, 2)	nan
(67, 53, 7)	(53, 85, 3)	(85, 11, 5)	nan
(67, 53, 7)	(53, 74, 3)	(74, 11, 2)	nan
(67, 53, 7)	(53, 74, 3)	(74, 11, 7)	nan
(67, 53, 7)	(53, 74, 3)	(74, 11, 3)	nan
(67, 53, 7)	(53, 90, 7)	(90, 11, 2)	nan
(67, 53, 7)	(53, 90, 7)	(90, 11, 5)	nan
(67, 53, 7)	(53, 56, 5)	(56, 11, 2)	nan
(67, 53, 7)	(53, 56, 5)	(56, 11, 5)	nan
(67, 53, 7)	(53, 44, 3)	(44, 11, 2)	nan
(67, 53, 7)	(53, 44, 3)	(44, 11, 2)	nan
(67, 53, 7)	(53, 44, 3)	(44, 11, 6)	nan
(67, 53, 7)	(53, 44, 3)	(44, 11, 4)	nan
(67, 48, 8)	(48, 30, 8)	(30, 11, 2)	nan
(67, 48, 8)	(48, 83, 7)	(83, 11, 2)	nan
(67, 48, 8)	(48, 83, 7)	(83, 11, 2)	nan
(67, 48, 8)	(48, 83, 7)	(83, 11, 2)	nan
(67, 48, 8)	(48, 83, 7)	(83, 11, 2)	nan
