(67, 32, 8)	(32, 12, 3)	nan
(67, 32, 8)	(32, 12, 4)	nan
(67, 32, 8)	(32, 29, 3)	(29, 12, 3)	nan
(67, 32, 8)	(32, 29, 3)	(29, 12, 4)	nan
(67, 32, 8)	(32, 86, 7)	(86, 12, 7)	nan
(67, 53, 7)	(53, 12, 3)	nan
(67, 53, 7)	(53, 12, 6)	nan
(67, 53, 7)	(53, 34, 3)	(34, 12, 3)	nan
(67, 53, 7)	(53, 86, 2)	(86, 12, 7)	nan
(67, 53, 7)	(53, 85, 3)	(85, 12, 3)	nan
(67, 53, 7)	(53, 56, 5)	(56, 12, 3)	nan
(67, 53, 7)	(53, 56, 5)	(56, 12, 8)	nan
(67, 53, 7)	(53, 44, 3)	(44, 12, 3)	nan
(67, 48, 8)	(48, 30, 8)	(30, 12, 3)	nan
(67, 48, 8)	(48, 83, 7)	(83, 12, 3)	nan
(67, 48, 8)	(48, 83, 7)	(83, 12, 3)	nan
(67, 48, 8)	(48, 83, 7)	(83, 12, 1)	nan
(67, 48, 8)	(48, 89, 0)	(89, 12, 0)	nan
(67, 48, 8)	(48, 89, 7)	(89, 12, 0)	nan
(67, 48, 8)	(48, 33, 0)	(33, 12, 3)	nan
(67, 48, 8)	(48, 34, 0)	(34, 12, 3)	nan
(67, 48, 8)	(48, 85, 7)	(85, 12, 3)	nan
(67, 88, 5)	(88, 43, 1)	(43, 12, 0)	nan
(67, 77, 7)	(77, 34, 8)	(34, 12, 3)	nan
(67, 77, 7)	(77, 34, 2)	(34, 12, 3)	nan
(67, 77, 7)	(77, 35, 7)	(35, 12, 3)	nan
(67, 77, 7)	(77, 35, 7)	(35, 12, 3)	nan
(67, 77, 7)	(77, 35, 7)	(35, 12, 4)	nan
(67, 77, 7)	(77, 30, 7)	(30, 12, 3)	nan
(67, 77, 7)	(77, 12, 3)	nan
(67, 52, 7)	(52, 33, 1)	(33, 12, 3)	nan
(67, 52, 7)	(52, 29, 8)	(29, 12, 3)	nan
(67, 52, 7)	(52, 29, 8)	(29, 12, 4)	nan
(67, 40, 1)	(40, 30, 8)	(30, 12, 3)	nan
(67, 40, 1)	(40, 30, 5)	(30, 12, 3)	nan
(67, 40, 1)	(40, 36, 5)	(36, 12, 3)	nan
(67, 40, 1)	(40, 33, 1)	(33, 12, 3)	nan
(67, 40, 1)	(40, 65, 7)	(65, 12, 3)	nan
(67, 40, 1)	(40, 65, 7)	(65, 12, 4)	nan
(67, 30, 8)	(30, 12, 3)	nan
(67, 30, 8)	(30, 34, 8)	(34, 12, 3)	nan
(67, 30, 8)	(30, 85, 0)	(85, 12, 3)	nan
