(67, 32, 8)	(32, 19, 4)	nan
(67, 32, 8)	(32, 19, 3)	nan
(67, 32, 8)	(32, 29, 3)	(29, 19, 4)	nan
(67, 32, 8)	(32, 29, 3)	(29, 19, 8)	nan
(67, 32, 8)	(32, 86, 7)	(86, 19, 4)	nan
(67, 32, 8)	(32, 86, 7)	(86, 19, 4)	nan
(67, 32, 8)	(32, 61, 1)	(61, 19, 1)	nan
(67, 32, 8)	(32, 61, 1)	(61, 19, 4)	nan
(67, 32, 8)	(32, 76, 7)	(76, 19, 4)	nan
(67, 32, 8)	(32, 76, 7)	(76, 19, 4)	nan
(67, 32, 8)	(32, 76, 7)	(76, 19, 6)	nan
(67, 32, 8)	(32, 76, 7)	(76, 19, 6)	nan
(67, 32, 8)	(32, 51, 1)	(51, 19, 4)	nan
(67, 32, 8)	(32, 51, 1)	(51, 19, 4)	nan
(67, 32, 8)	(32, 51, 1)	(51, 19, 4)	nan
(67, 32, 8)	(32, 51, 1)	(51, 19, 4)	nan
(67, 32, 8)	(32, 51, 1)	(51, 19, 4)	nan
(67, 32, 8)	(32, 41, 3)	(41, 19, 4)	nan
(67, 32, 8)	(32, 41, 3)	(41, 19, 3)	nan
(67, 19, 4)	nan
(67, 53, 7)	(53, 34, 3)	(34, 19, 4)	nan
(67, 53, 7)	(53, 34, 3)	(34, 19, 3)	nan
(67, 53, 7)	(53, 86, 2)	(86, 19, 4)	nan
(67, 53, 7)	(53, 86, 2)	(86, 19, 4)	nan
(67, 53, 7)	(53, 74, 3)	(74, 19, 4)	nan
(67, 53, 7)	(53, 74, 3)	(74, 19, 4)	nan
(67, 53, 7)	(53, 74, 3)	(74, 19, 0)	nan
(67, 53, 7)	(53, 74, 3)	(74, 19, 5)	nan
(67, 53, 7)	(53, 74, 3)	(74, 19, 1)	nan
(67, 53, 7)	(53, 74, 3)	(74, 19, 7)	nan
(67, 53, 7)	(53, 57, 2)	(57, 19, 4)	nan
(67, 53, 7)	(53, 57, 2)	(57, 19, 0)	nan
(67, 53, 7)	(53, 90, 7)	(90, 19, 4)	nan
(67, 53, 7)	(53, 90, 7)	(90, 19, 0)	nan
(67, 53, 7)	(53, 90, 7)	(90, 19, 8)	nan
(67, 53, 7)	(53, 56, 5)	(56, 19, 4)	nan
(67, 53, 7)	(53, 56, 5)	(56, 19, 3)	nan
(67, 53, 7)	(53, 19, 7)	nan
(67, 48, 8)	(48, 19, 4)	nan
(67, 48, 8)	(48, 19, 4)	nan
(67, 48, 8)	(48, 30, 8)	(30, 19, 4)	nan
(67, 48, 8)	(48, 83, 7)	(83, 19, 4)	nan
(67, 48, 8)	(48, 88, 7)	(88, 19, 4)	nan
(67, 48, 8)	(48, 88, 7)	(88, 19, 0)	nan
(67, 48, 8)	(48, 34, 0)	(34, 19, 4)	nan
(67, 48, 8)	(48, 34, 0)	(34, 19, 3)	nan
(67, 48, 8)	(48, 38, 5)	(38, 19, 4)	nan
(67, 48, 8)	(48, 38, 5)	(38, 19, 1)	nan
(67, 88, 5)	(88, 19, 4)	nan
(67, 88, 5)	(88, 19, 0)	nan
(67, 88, 5)	(88, 31, 1)	(31, 19, 4)	nan
