(67, 32, 8)	(32, 28, 7)	nan
(67, 32, 8)	(32, 28, 7)	nan
(67, 32, 8)	(32, 28, 4)	nan
(67, 32, 8)	(32, 28, 3)	nan
(67, 32, 8)	(32, 28, 5)	nan
(67, 32, 8)	(32, 29, 3)	(29, 28, 7)	nan
(67, 32, 8)	(32, 29, 3)	(29, 28, 3)	nan
(67, 32, 8)	(32, 61, 1)	(61, 28, 7)	nan
(67, 32, 8)	(32, 61, 1)	(61, 28, 7)	nan
(67, 32, 8)	(32, 61, 1)	(61, 28, 4)	nan
(67, 32, 8)	(32, 61, 1)	(61, 28, 3)	nan
(67, 32, 8)	(32, 76, 7)	(76, 28, 7)	nan
(67, 32, 8)	(32, 76, 7)	(76, 28, 0)	nan
(67, 32, 8)	(32, 51, 1)	(51, 28, 7)	nan
(67, 32, 8)	(32, 51, 1)	(51, 28, 2)	nan
(67, 32, 8)	(32, 40, 5)	(40, 28, 7)	nan
(67, 32, 8)	(32, 40, 5)	(40, 28, 3)	nan
(67, 28, 7)	nan
(67, 28, 5)	nan
(67, 53, 7)	(53, 28, 7)	nan
(67, 53, 7)	(53, 28, 5)	nan
(67, 53, 7)	(53, 85, 3)	(85, 28, 7)	nan
(67, 53, 7)	(53, 85, 3)	(85, 28, 2)	nan
(67, 53, 7)	(53, 74, 3)	(74, 28, 7)	nan
(67, 53, 7)	(53, 74, 3)	(74, 28, 7)	nan
(67, 53, 7)	(53, 74, 3)	(74, 28, 8)	nan
(67, 53, 7)	(53, 74, 3)	(74, 28, 3)	nan
(67, 53, 7)	(53, 57, 2)	(57, 28, 7)	nan
(67, 53, 7)	(53, 57, 2)	(57, 28, 7)	nan
(67, 53, 7)	(53, 57, 2)	(57, 28, 3)	nan
(67, 53, 7)	(53, 57, 2)	(57, 28, 2)	nan
(67, 53, 7)	(53, 90, 7)	(90, 28, 7)	nan
(67, 53, 7)	(53, 90, 7)	(90, 28, 5)	nan
(67, 53, 7)	(53, 56, 5)	(56, 28, 7)	nan
(67, 53, 7)	(53, 56, 5)	(56, 28, 2)	nan
(67, 53, 7)	(53, 44, 3)	(44, 28, 7)	nan
(67, 53, 7)	(53, 44, 3)	(44, 28, 4)	nan
(67, 48, 8)	(48, 28, 7)	nan
(67, 48, 8)	(48, 28, 1)	nan
(67, 48, 8)	(48, 71, 7)	(71, 28, 7)	nan
(67, 48, 8)	(48, 71, 7)	(71, 28, 7)	nan
(67, 48, 8)	(48, 71, 7)	(71, 28, 4)	nan
(67, 48, 8)	(48, 71, 7)	(71, 28, 1)	nan
(67, 48, 8)	(48, 88, 7)	(88, 28, 7)	nan
(67, 48, 8)	(48, 88, 7)	(88, 28, 3)	nan
(67, 48, 8)	(48, 59, 8)	(59, 28, 7)	nan
(67, 48, 8)	(48, 59, 8)	(59, 28, 5)	nan
(67, 48, 8)	(48, 38, 5)	(38, 28, 7)	nan
(67, 48, 8)	(48, 38, 5)	(38, 28, 2)	nan
(67, 48, 8)	(48, 85, 7)	(85, 28, 7)	nan
(67, 48, 8)	(48, 85, 7)	(85, 28, 2)	nan
