(67, 32, 8)	(32, 25, 7)	nan
(67, 32, 8)	(32, 25, 7)	nan
(67, 32, 8)	(32, 25, 6)	nan
(67, 32, 8)	(32, 25, 0)	nan
(67, 32, 8)	(32, 29, 3)	(29, 25, 7)	nan
(67, 32, 8)	(32, 29, 3)	(29, 25, 3)	nan
(67, 32, 8)	(32, 86, 7)	(86, 25, 7)	nan
(67, 32, 8)	(32, 86, 7)	(86, 25, 7)	nan
(67, 32, 8)	(32, 86, 7)	(86, 25, 1)	nan
(67, 32, 8)	(32, 61, 1)	(61, 25, 7)	nan
(67, 32, 8)	(32, 61, 1)	(61, 25, 7)	nan
(67, 32, 8)	(32, 61, 1)	(61, 25, 2)	nan
(67, 32, 8)	(32, 76, 7)	(76, 25, 7)	nan
(67, 32, 8)	(32, 76, 7)	(76, 25, 7)	nan
(67, 32, 8)	(32, 76, 7)	(76, 25, 7)	nan
(67, 32, 8)	(32, 76, 7)	(76, 25, 7)	nan
(67, 32, 8)	(32, 76, 7)	(76, 25, 7)	nan
(67, 32, 8)	(32, 76, 7)	(76, 25, 7)	nan
(67, 32, 8)	(32, 76, 7)	(76, 25, 7)	nan
(67, 32, 8)	(32, 41, 3)	(41, 25, 7)	nan
(67, 32, 8)	(32, 40, 5)	(40, 25, 7)	nan
(67, 32, 8)	(32, 40, 5)	(40, 25, 5)	nan
(67, 25, 7)	nan
(67, 25, 8)	nan
(67, 53, 7)	(53, 86, 2)	(86, 25, 7)	nan
(67, 53, 7)	(53, 86, 2)	(86, 25, 7)	nan
(67, 53, 7)	(53, 86, 2)	(86, 25, 1)	nan
(67, 53, 7)	(53, 85, 3)	(85, 25, 7)	nan
(67, 53, 7)	(53, 85, 3)	(85, 25, 7)	nan
(67, 53, 7)	(53, 85, 3)	(85, 25, 7)	nan
(67, 53, 7)	(53, 85, 3)	(85, 25, 7)	nan
(67, 53, 7)	(53, 85, 3)	(85, 25, 7)	nan
(67, 53, 7)	(53, 85, 3)	(85, 25, 7)	nan
(67, 53, 7)	(53, 85, 3)	(85, 25, 7)	nan
(67, 53, 7)	(53, 85, 3)	(85, 25, 7)	nan
(67, 53, 7)	(53, 85, 3)	(85, 25, 7)	nan
(67, 53, 7)	(53, 85, 3)	(85, 25, 7)	nan
(67, 53, 7)	(53, 74, 3)	(74, 25, 7)	nan
(67, 53, 7)	(53, 74, 3)	(74, 25, 0)	nan
(67, 53, 7)	(53, 57, 2)	(57, 25, 7)	nan
(67, 53, 7)	(53, 90, 7)	(90, 25, 7)	nan
(67, 53, 7)	(53, 56, 5)	(56, 25, 7)	nan
(67, 53, 7)	(53, 56, 5)	(56, 25, 6)	nan
(67, 53, 7)	(53, 44, 3)	(44, 25, 7)	nan
(67, 53, 7)	(53, 44, 3)	(44, 25, 4)	nan
(67, 48, 8)	(48, 25, 7)	nan
(67, 48, 8)	(48, 25, 7)	nan
(67, 48, 8)	(48, 30, 8)	(30, 25, 7)	nan
(67, 48, 8)	(48, 30, 8)	(30, 25, 2)	nan
(67, 48, 8)	(48, 83, 7)	(83, 25, 7)	nan
(67, 48, 8)	(48, 83, 7)	(83, 25, 1)	nan
