(67, 32, 8)	(32, 26, 7)	nan
(67, 32, 8)	(32, 26, 8)	nan
(67, 32, 8)	(32, 29, 3)	(29, 26, 7)	nan
(67, 32, 8)	(32, 29, 3)	(29, 26, 2)	nan
(67, 32, 8)	(32, 86, 7)	(86, 26, 7)	nan
(67, 32, 8)	(32, 61, 1)	(61, 26, 7)	nan
(67, 32, 8)	(32, 61, 1)	(61, 26, 8)	nan
(67, 32, 8)	(32, 76, 7)	(76, 26, 7)	nan
(67, 32, 8)	(32, 76, 7)	(76, 26, 7)	nan
(67, 32, 8)	(32, 76, 7)	(76, 26, 7)	nan
(67, 32, 8)	(32, 76, 7)	(76, 26, 7)	nan
(67, 32, 8)	(32, 76, 7)	(76, 26, 7)	nan
(67, 32, 8)	(32, 41, 3)	(41, 26, 7)	nan
(67, 53, 7)	(53, 26, 7)	nan
(67, 53, 7)	(53, 26, 2)	nan
(67, 53, 7)	(53, 34, 3)	(34, 26, 7)	nan
(67, 53, 7)	(53, 34, 3)	(34, 26, 5)	nan
(67, 53, 7)	(53, 86, 2)	(86, 26, 7)	nan
(67, 53, 7)	(53, 85, 3)	(85, 26, 7)	nan
(67, 53, 7)	(53, 85, 3)	(85, 26, 7)	nan
(67, 53, 7)	(53, 85, 3)	(85, 26, 7)	nan
(67, 53, 7)	(53, 85, 3)	(85, 26, 7)	nan
(67, 53, 7)	(53, 74, 3)	(74, 26, 7)	nan
(67, 53, 7)	(53, 74, 3)	(74, 26, 0)	nan
(67, 53, 7)	(53, 57, 2)	(57, 26, 7)	nan
(67, 53, 7)	(53, 57, 2)	(57, 26, 7)	nan
(67, 53, 7)	(53, 57, 2)	(57, 26, 4)	nan
(67, 53, 7)	(53, 57, 2)	(57, 26, 6)	nan
(67, 53, 7)	(53, 56, 5)	(56, 26, 7)	nan
(67, 53, 7)	(53, 56, 5)	(56, 26, 2)	nan
(67, 53, 7)	(53, 56, 5)	(56, 26, 3)	nan
(67, 53, 7)	(53, 44, 3)	(44, 26, 7)	nan
(67, 53, 7)	(53, 44, 3)	(44, 26, 4)	nan
(67, 48, 8)	(48, 26, 7)	nan
(67, 48, 8)	(48, 26, 7)	nan
(67, 48, 8)	(48, 26, 2)	nan
(67, 48, 8)	(48, 26, 0)	nan
(67, 48, 8)	(48, 30, 8)	(30, 26, 7)	nan
(67, 48, 8)	(48, 30, 8)	(30, 26, 7)	nan
(67, 48, 8)	(48, 30, 8)	(30, 26, 4)	nan
(67, 48, 8)	(48, 30, 8)	(30, 26, 5)	nan
(67, 48, 8)	(48, 83, 7)	(83, 26, 7)	nan
(67, 48, 8)	(48, 83, 7)	(83, 26, 7)	nan
(67, 48, 8)	(48, 83, 7)	(83, 26, 7)	nan
(67, 48, 8)	(48, 83, 7)	(83, 26, 7)	nan
(67, 48, 8)	(48, 83, 7)	(83, 26, 7)	nan
(67, 48, 8)	(48, 83, 7)	(83, 26, 7)	nan
(67, 48, 8)	(48, 83, 7)	(83, 26, 7)	nan
(67, 48, 8)	(48, 71, 7)	(71, 26, 7)	nan
(67, 48, 8)	(48, 71, 7)	(71, 26, 3)	nan
