(67, 32, 8)	(32, 29, 3)	(29, 27, 7)	nan
(67, 32, 8)	(32, 29, 3)	(29, 27, 5)	nan
(67, 32, 8)	(32, 86, 7)	(86, 27, 7)	nan
(67, 32, 8)	(32, 61, 1)	(61, 27, 7)	nan
(67, 32, 8)	(32, 61, 1)	(61, 27, 8)	nan
(67, 32, 8)	(32, 76, 7)	(76, 27, 7)	nan
(67, 32, 8)	(32, 76, 7)	(76, 27, 7)	nan
(67, 32, 8)	(32, 76, 7)	(76, 27, 7)	nan
(67, 32, 8)	(32, 76, 7)	(76, 27, 7)	nan
(67, 32, 8)	(32, 76, 7)	(76, 27, 7)	nan
(67, 32, 8)	(32, 76, 7)	(76, 27, 7)	nan
(67, 32, 8)	(32, 76, 7)	(76, 27, 7)	nan
(67, 32, 8)	(32, 76, 7)	(76, 27, 7)	nan
(67, 32, 8)	(32, 76, 7)	(76, 27, 7)	nan
(67, 32, 8)	(32, 76, 7)	(76, 27, 7)	nan
(67, 32, 8)	(32, 76, 7)	(76, 27, 7)	nan
(67, 32, 8)	(32, 76, 7)	(76, 27, 7)	nan
(67, 32, 8)	(32, 51, 1)	(51, 27, 7)	nan
(67, 32, 8)	(32, 51, 1)	(51, 27, 1)	nan
(67, 32, 8)	(32, 41, 3)	(41, 27, 7)	nan
(67, 32, 8)	(32, 41, 3)	(41, 27, 7)	nan
(67, 32, 8)	(32, 41, 3)	(41, 27, 4)	nan
(67, 32, 8)	(32, 40, 5)	(40, 27, 7)	nan
(67, 32, 8)	(32, 40, 5)	(40, 27, 2)	nan
(67, 27, 7)	nan
(67, 27, 2)	nan
(67, 27, 3)	nan
(67, 53, 7)	(53, 34, 3)	(34, 27, 7)	nan
(67, 53, 7)	(53, 34, 3)	(34, 27, 7)	nan
(67, 53, 7)	(53, 86, 2)	(86, 27, 7)	nan
(67, 53, 7)	(53, 85, 3)	(85, 27, 7)	nan
(67, 53, 7)	(53, 85, 3)	(85, 27, 7)	nan
(67, 53, 7)	(53, 85, 3)	(85, 27, 2)	nan
(67, 53, 7)	(53, 85, 3)	(85, 27, 2)	nan
(67, 53, 7)	(53, 74, 3)	(74, 27, 7)	nan
(67, 53, 7)	(53, 74, 3)	(74, 27, 7)	nan
(67, 53, 7)	(53, 74, 3)	(74, 27, 5)	nan
(67, 53, 7)	(53, 74, 3)	(74, 27, 2)	nan
(67, 53, 7)	(53, 57, 2)	(57, 27, 7)	nan
(67, 53, 7)	(53, 57, 2)	(57, 27, 7)	nan
(67, 53, 7)	(53, 57, 2)	(57, 27, 1)	nan
(67, 53, 7)	(53, 90, 7)	(90, 27, 7)	nan
(67, 53, 7)	(53, 56, 5)	(56, 27, 7)	nan
(67, 53, 7)	(53, 44, 3)	(44, 27, 7)	nan
(67, 53, 7)	(53, 44, 3)	(44, 27, 5)	nan
(67, 48, 8)	(48, 27, 7)	nan
(67, 48, 8)	(48, 27, 7)	nan
(67, 48, 8)	(48, 27, 8)	nan
(67, 48, 8)	(48, 27, 4)	nan
(67, 48, 8)	(48, 30, 8)	(30, 27, 7)	nan
