(67, 32, 8)	(32, 8, 1)	nan
(67, 32, 8)	(32, 8, 1)	nan
(67, 32, 8)	(32, 8, 5)	nan
(67, 32, 8)	(32, 29, 3)	(29, 8, 1)	nan
(67, 32, 8)	(32, 61, 1)	(61, 8, 1)	nan
(67, 32, 8)	(32, 61, 1)	(61, 8, 1)	nan
(67, 32, 8)	(32, 61, 1)	(61, 8, 3)	nan
(67, 32, 8)	(32, 61, 1)	(61, 8, 0)	nan
(67, 32, 8)	(32, 76, 7)	(76, 8, 1)	nan
(67, 32, 8)	(32, 76, 7)	(76, 8, 1)	nan
(67, 32, 8)	(32, 41, 3)	(41, 8, 1)	nan
(67, 32, 8)	(32, 41, 3)	(41, 8, 5)	nan
(67, 32, 8)	(32, 40, 5)	(40, 8, 1)	nan
(67, 32, 8)	(32, 40, 5)	(40, 8, 3)	nan
(67, 8, 1)	nan
(67, 53, 7)	(53, 34, 3)	(34, 8, 1)	nan
(67, 53, 7)	(53, 34, 3)	(34, 8, 1)	nan
(67, 53, 7)	(53, 34, 3)	(34, 8, 2)	nan
(67, 53, 7)	(53, 34, 3)	(34, 8, 4)	nan
(67, 53, 7)	(53, 85, 3)	(85, 8, 1)	nan
(67, 53, 7)	(53, 85, 3)	(85, 8, 5)	nan
(67, 53, 7)	(53, 57, 2)	(57, 8, 1)	nan
(67, 53, 7)	(53, 57, 2)	(57, 8, 3)	nan
(67, 53, 7)	(53, 90, 7)	(90, 8, 1)	nan
(67, 53, 7)	(53, 90, 7)	(90, 8, 5)	nan
(67, 53, 7)	(53, 44, 3)	(44, 8, 1)	nan
(67, 53, 7)	(53, 44, 3)	(44, 8, 1)	nan
(67, 53, 7)	(53, 44, 3)	(44, 8, 3)	nan
(67, 48, 8)	(48, 8, 1)	nan
(67, 48, 8)	(48, 8, 0)	nan
(67, 48, 8)	(48, 83, 7)	(83, 8, 1)	nan
(67, 48, 8)	(48, 71, 7)	(71, 8, 1)	nan
(67, 48, 8)	(48, 71, 7)	(71, 8, 7)	nan
(67, 48, 8)	(48, 88, 7)	(88, 8, 1)	nan
(67, 48, 8)	(48, 88, 7)	(88, 8, 1)	nan
(67, 48, 8)	(48, 89, 0)	(89, 8, 1)	nan
(67, 48, 8)	(48, 89, 7)	(89, 8, 1)	nan
(67, 48, 8)	(48, 33, 0)	(33, 8, 1)	nan
(67, 48, 8)	(48, 33, 0)	(33, 8, 1)	nan
(67, 48, 8)	(48, 33, 0)	(33, 8, 3)	nan
(67, 48, 8)	(48, 33, 0)	(33, 8, 6)	nan
(67, 48, 8)	(48, 33, 0)	(33, 8, 7)	nan
(67, 48, 8)	(48, 34, 0)	(34, 8, 1)	nan
(67, 48, 8)	(48, 34, 0)	(34, 8, 1)	nan
(67, 48, 8)	(48, 34, 0)	(34, 8, 2)	nan
(67, 48, 8)	(48, 34, 0)	(34, 8, 4)	nan
(67, 48, 8)	(48, 85, 7)	(85, 8, 1)	nan
(67, 48, 8)	(48, 85, 7)	(85, 8, 5)	nan
(67, 88, 5)	(88, 8, 1)	nan
(67, 88, 5)	(88, 8, 1)	nan
(67, 88, 5)	(88, 43, 1)	(43, 8, 1)	nan
