(67, 32, 8)	(32, 61, 1)	(61, 9, 1)	nan
(67, 32, 8)	(32, 51, 1)	(51, 9, 2)	nan
(67, 32, 8)	(32, 41, 3)	(41, 9, 1)	nan
(67, 32, 8)	(32, 41, 3)	(41, 9, 1)	nan
(67, 53, 7)	(53, 9, 1)	nan
(67, 48, 8)	(48, 88, 7)	(88, 9, 1)	nan
(67, 48, 8)	(48, 88, 7)	(88, 9, 0)	nan
(67, 48, 8)	(48, 89, 0)	(89, 9, 1)	nan
(67, 48, 8)	(48, 89, 0)	(89, 9, 1)	nan
(67, 48, 8)	(48, 89, 7)	(89, 9, 1)	nan
(67, 48, 8)	(48, 89, 7)	(89, 9, 1)	nan
(67, 88, 5)	(88, 9, 1)	nan
(67, 88, 5)	(88, 9, 0)	nan
(67, 88, 5)	(88, 31, 1)	(31, 9, 1)	nan
(67, 77, 7)	(77, 9, 7)	nan
(67, 77, 7)	(77, 35, 7)	(35, 9, 1)	nan
(67, 77, 7)	(77, 35, 7)	(35, 9, 1)	nan
(67, 52, 7)	(52, 45, 3)	(45, 9, 1)	nan
(67, 40, 1)	(40, 36, 5)	(36, 9, 1)	nan
(67, 40, 1)	(40, 78, 0)	(78, 9, 1)	nan
(67, 40, 1)	(40, 84, 7)	(84, 9, 1)	nan
(67, 30, 8)	(30, 72, 4)	(72, 9, 1)	nan
(67, 30, 8)	(30, 60, 7)	(60, 9, 1)	nan
(67, 30, 8)	(30, 60, 0)	(60, 9, 1)	nan
(67, 30, 8)	(30, 88, 5)	(88, 9, 1)	nan
(67, 30, 8)	(30, 88, 5)	(88, 9, 0)	nan
