(68, 32, 8)	(32, 14, 3)	nan
(68, 32, 8)	(32, 14, 3)	nan
(68, 32, 6)	(32, 14, 3)	nan
(68, 14, 3)	nan
(68, 14, 6)	nan
(68, 33, 8)	(33, 14, 3)	nan
(68, 33, 8)	(33, 14, 2)	nan
(68, 33, 8)	(33, 54, 2)	(54, 14, 3)	nan
(68, 33, 8)	(33, 50, 3)	(50, 14, 3)	nan
(68, 33, 7)	(33, 14, 3)	nan
(68, 33, 7)	(33, 14, 2)	nan
(68, 33, 7)	(33, 54, 2)	(54, 14, 3)	nan
(68, 33, 7)	(33, 50, 3)	(50, 14, 3)	nan
(68, 72, 8)	(72, 58, 7)	(58, 14, 3)	nan
(68, 72, 8)	(72, 58, 7)	(58, 14, 3)	nan
(68, 72, 8)	(72, 58, 7)	(58, 14, 6)	nan
(68, 72, 8)	(72, 58, 7)	(58, 14, 8)	nan
(68, 72, 8)	(72, 66, 1)	(66, 14, 3)	nan
(68, 72, 8)	(72, 46, 5)	(46, 14, 3)	nan
(68, 72, 8)	(72, 46, 5)	(46, 14, 1)	nan
(68, 82, 7)	(82, 38, 0)	(38, 14, 3)	nan
(68, 36, 7)	(36, 66, 1)	(66, 14, 3)	nan
(68, 36, 7)	(36, 58, 7)	(58, 14, 3)	nan
(68, 36, 7)	(36, 58, 7)	(58, 14, 3)	nan
(68, 36, 7)	(36, 58, 7)	(58, 14, 6)	nan
(68, 36, 7)	(36, 58, 7)	(58, 14, 8)	nan
(68, 36, 7)	(36, 55, 0)	(55, 14, 3)	nan
(68, 36, 7)	(36, 55, 0)	(55, 14, 0)	nan
(68, 36, 7)	(36, 32, 5)	(32, 14, 3)	nan
(68, 52, 8)	(52, 14, 3)	nan
(68, 52, 8)	(52, 33, 1)	(33, 14, 3)	nan
(68, 52, 8)	(52, 33, 1)	(33, 14, 2)	nan
(68, 91, 7)	(91, 33, 5)	(33, 14, 3)	nan
(68, 91, 7)	(91, 33, 5)	(33, 14, 2)	nan
