(68, 32, 8)	(32, 26, 7)	nan
(68, 32, 8)	(32, 26, 8)	nan
(68, 32, 8)	(32, 29, 3)	(29, 26, 7)	nan
(68, 32, 8)	(32, 29, 3)	(29, 26, 2)	nan
(68, 32, 8)	(32, 86, 7)	(86, 26, 7)	nan
(68, 32, 8)	(32, 61, 1)	(61, 26, 7)	nan
(68, 32, 8)	(32, 61, 1)	(61, 26, 8)	nan
(68, 32, 8)	(32, 76, 7)	(76, 26, 7)	nan
(68, 32, 8)	(32, 76, 7)	(76, 26, 7)	nan
(68, 32, 8)	(32, 76, 7)	(76, 26, 7)	nan
(68, 32, 8)	(32, 76, 7)	(76, 26, 7)	nan
(68, 32, 8)	(32, 76, 7)	(76, 26, 7)	nan
(68, 32, 8)	(32, 41, 3)	(41, 26, 7)	nan
(68, 32, 8)	(32, 26, 7)	nan
(68, 32, 8)	(32, 26, 8)	nan
(68, 32, 8)	(32, 29, 3)	(29, 26, 7)	nan
(68, 32, 8)	(32, 29, 3)	(29, 26, 2)	nan
(68, 32, 8)	(32, 86, 7)	(86, 26, 7)	nan
(68, 32, 8)	(32, 61, 1)	(61, 26, 7)	nan
(68, 32, 8)	(32, 61, 1)	(61, 26, 8)	nan
(68, 32, 8)	(32, 76, 7)	(76, 26, 7)	nan
(68, 32, 8)	(32, 76, 7)	(76, 26, 7)	nan
(68, 32, 8)	(32, 76, 7)	(76, 26, 7)	nan
(68, 32, 8)	(32, 76, 7)	(76, 26, 7)	nan
(68, 32, 8)	(32, 76, 7)	(76, 26, 7)	nan
(68, 32, 8)	(32, 41, 3)	(41, 26, 7)	nan
(68, 32, 6)	(32, 26, 7)	nan
(68, 32, 6)	(32, 26, 8)	nan
(68, 32, 6)	(32, 29, 3)	(29, 26, 7)	nan
(68, 32, 6)	(32, 29, 3)	(29, 26, 2)	nan
(68, 32, 6)	(32, 86, 7)	(86, 26, 7)	nan
(68, 32, 6)	(32, 61, 1)	(61, 26, 7)	nan
(68, 32, 6)	(32, 61, 1)	(61, 26, 8)	nan
(68, 32, 6)	(32, 76, 7)	(76, 26, 7)	nan
(68, 32, 6)	(32, 76, 7)	(76, 26, 7)	nan
(68, 32, 6)	(32, 76, 7)	(76, 26, 7)	nan
(68, 32, 6)	(32, 76, 7)	(76, 26, 7)	nan
(68, 32, 6)	(32, 76, 7)	(76, 26, 7)	nan
(68, 32, 6)	(32, 41, 3)	(41, 26, 7)	nan
(68, 33, 8)	(33, 26, 7)	nan
(68, 33, 8)	(33, 26, 7)	nan
(68, 33, 8)	(33, 26, 0)	nan
(68, 33, 8)	(33, 26, 4)	nan
(68, 33, 8)	(33, 54, 2)	(54, 26, 7)	nan
(68, 33, 8)	(33, 54, 2)	(54, 26, 7)	nan
(68, 33, 8)	(33, 54, 2)	(54, 26, 3)	nan
(68, 33, 8)	(33, 54, 2)	(54, 26, 4)	nan
(68, 33, 8)	(33, 74, 0)	(74, 26, 7)	nan
(68, 33, 8)	(33, 74, 0)	(74, 26, 0)	nan
(68, 33, 8)	(33, 87, 3)	(87, 26, 7)	nan
