(68, 32, 8)	(32, 28, 7)	nan
(68, 32, 8)	(32, 28, 7)	nan
(68, 32, 8)	(32, 28, 4)	nan
(68, 32, 8)	(32, 28, 3)	nan
(68, 32, 8)	(32, 28, 5)	nan
(68, 32, 8)	(32, 29, 3)	(29, 28, 7)	nan
(68, 32, 8)	(32, 29, 3)	(29, 28, 3)	nan
(68, 32, 8)	(32, 61, 1)	(61, 28, 7)	nan
(68, 32, 8)	(32, 61, 1)	(61, 28, 7)	nan
(68, 32, 8)	(32, 61, 1)	(61, 28, 4)	nan
(68, 32, 8)	(32, 61, 1)	(61, 28, 3)	nan
(68, 32, 8)	(32, 76, 7)	(76, 28, 7)	nan
(68, 32, 8)	(32, 76, 7)	(76, 28, 0)	nan
(68, 32, 8)	(32, 51, 1)	(51, 28, 7)	nan
(68, 32, 8)	(32, 51, 1)	(51, 28, 2)	nan
(68, 32, 8)	(32, 40, 5)	(40, 28, 7)	nan
(68, 32, 8)	(32, 40, 5)	(40, 28, 3)	nan
(68, 32, 8)	(32, 28, 7)	nan
(68, 32, 8)	(32, 28, 7)	nan
(68, 32, 8)	(32, 28, 4)	nan
(68, 32, 8)	(32, 28, 3)	nan
(68, 32, 8)	(32, 28, 5)	nan
(68, 32, 8)	(32, 29, 3)	(29, 28, 7)	nan
(68, 32, 8)	(32, 29, 3)	(29, 28, 3)	nan
(68, 32, 8)	(32, 61, 1)	(61, 28, 7)	nan
(68, 32, 8)	(32, 61, 1)	(61, 28, 7)	nan
(68, 32, 8)	(32, 61, 1)	(61, 28, 4)	nan
(68, 32, 8)	(32, 61, 1)	(61, 28, 3)	nan
(68, 32, 8)	(32, 76, 7)	(76, 28, 7)	nan
(68, 32, 8)	(32, 76, 7)	(76, 28, 0)	nan
(68, 32, 8)	(32, 51, 1)	(51, 28, 7)	nan
(68, 32, 8)	(32, 51, 1)	(51, 28, 2)	nan
(68, 32, 8)	(32, 40, 5)	(40, 28, 7)	nan
(68, 32, 8)	(32, 40, 5)	(40, 28, 3)	nan
(68, 32, 6)	(32, 28, 7)	nan
(68, 32, 6)	(32, 28, 7)	nan
(68, 32, 6)	(32, 28, 4)	nan
(68, 32, 6)	(32, 28, 3)	nan
(68, 32, 6)	(32, 28, 5)	nan
(68, 32, 6)	(32, 29, 3)	(29, 28, 7)	nan
(68, 32, 6)	(32, 29, 3)	(29, 28, 3)	nan
(68, 32, 6)	(32, 61, 1)	(61, 28, 7)	nan
(68, 32, 6)	(32, 61, 1)	(61, 28, 7)	nan
(68, 32, 6)	(32, 61, 1)	(61, 28, 4)	nan
(68, 32, 6)	(32, 61, 1)	(61, 28, 3)	nan
(68, 32, 6)	(32, 76, 7)	(76, 28, 7)	nan
(68, 32, 6)	(32, 76, 7)	(76, 28, 0)	nan
(68, 32, 6)	(32, 51, 1)	(51, 28, 7)	nan
(68, 32, 6)	(32, 51, 1)	(51, 28, 2)	nan
(68, 32, 6)	(32, 40, 5)	(40, 28, 7)	nan
(68, 32, 6)	(32, 40, 5)	(40, 28, 3)	nan
