(68, 22, 3)	nan
(68, 22, 1)	nan
(68, 32, 8)	(32, 22, 5)	nan
(68, 32, 8)	(32, 22, 5)	nan
(68, 32, 8)	(32, 22, 6)	nan
(68, 32, 8)	(32, 29, 3)	(29, 22, 5)	nan
(68, 32, 8)	(32, 29, 3)	(29, 22, 5)	nan
(68, 32, 8)	(32, 29, 3)	(29, 22, 5)	nan
(68, 32, 8)	(32, 29, 3)	(29, 22, 5)	nan
(68, 32, 8)	(32, 86, 7)	(86, 22, 5)	nan
(68, 32, 8)	(32, 61, 1)	(61, 22, 5)	nan
(68, 32, 8)	(32, 61, 1)	(61, 22, 7)	nan
(68, 32, 8)	(32, 76, 7)	(76, 22, 5)	nan
(68, 32, 8)	(32, 41, 3)	(41, 22, 5)	nan
(68, 32, 8)	(32, 41, 3)	(41, 22, 5)	nan
(68, 32, 8)	(32, 41, 3)	(41, 22, 3)	nan
(68, 32, 8)	(32, 41, 3)	(41, 22, 4)	nan
(68, 32, 8)	(32, 40, 5)	(40, 22, 5)	nan
(68, 32, 8)	(32, 40, 5)	(40, 22, 5)	nan
(68, 32, 8)	(32, 22, 5)	nan
(68, 32, 8)	(32, 22, 5)	nan
(68, 32, 8)	(32, 22, 6)	nan
(68, 32, 8)	(32, 29, 3)	(29, 22, 5)	nan
(68, 32, 8)	(32, 29, 3)	(29, 22, 5)	nan
(68, 32, 8)	(32, 29, 3)	(29, 22, 5)	nan
(68, 32, 8)	(32, 29, 3)	(29, 22, 5)	nan
(68, 32, 8)	(32, 86, 7)	(86, 22, 5)	nan
(68, 32, 8)	(32, 61, 1)	(61, 22, 5)	nan
(68, 32, 8)	(32, 61, 1)	(61, 22, 7)	nan
(68, 32, 8)	(32, 76, 7)	(76, 22, 5)	nan
(68, 32, 8)	(32, 41, 3)	(41, 22, 5)	nan
(68, 32, 8)	(32, 41, 3)	(41, 22, 5)	nan
(68, 32, 8)	(32, 41, 3)	(41, 22, 3)	nan
(68, 32, 8)	(32, 41, 3)	(41, 22, 4)	nan
(68, 32, 8)	(32, 40, 5)	(40, 22, 5)	nan
(68, 32, 8)	(32, 40, 5)	(40, 22, 5)	nan
(68, 32, 6)	(32, 22, 5)	nan
(68, 32, 6)	(32, 22, 5)	nan
(68, 32, 6)	(32, 22, 6)	nan
(68, 32, 6)	(32, 29, 3)	(29, 22, 5)	nan
(68, 32, 6)	(32, 29, 3)	(29, 22, 5)	nan
(68, 32, 6)	(32, 29, 3)	(29, 22, 5)	nan
(68, 32, 6)	(32, 29, 3)	(29, 22, 5)	nan
(68, 32, 6)	(32, 86, 7)	(86, 22, 5)	nan
(68, 32, 6)	(32, 61, 1)	(61, 22, 5)	nan
(68, 32, 6)	(32, 61, 1)	(61, 22, 7)	nan
(68, 32, 6)	(32, 76, 7)	(76, 22, 5)	nan
(68, 32, 6)	(32, 41, 3)	(41, 22, 5)	nan
(68, 32, 6)	(32, 41, 3)	(41, 22, 5)	nan
