(68, 32, 8)	(32, 29, 3)	(29, 3, 0)	nan
(68, 32, 8)	(32, 3, 0)	nan
(68, 32, 8)	(32, 3, 0)	nan
(68, 32, 8)	(32, 3, 0)	nan
(68, 32, 8)	(32, 61, 1)	(61, 3, 0)	nan
(68, 32, 8)	(32, 61, 1)	(61, 3, 0)	nan
(68, 32, 8)	(32, 76, 7)	(76, 3, 0)	nan
(68, 32, 8)	(32, 51, 1)	(51, 3, 0)	nan
(68, 32, 8)	(32, 51, 1)	(51, 3, 0)	nan
(68, 32, 8)	(32, 41, 3)	(41, 3, 0)	nan
(68, 32, 8)	(32, 41, 3)	(41, 3, 0)	nan
(68, 32, 8)	(32, 41, 3)	(41, 3, 3)	nan
(68, 32, 8)	(32, 29, 3)	(29, 3, 0)	nan
(68, 32, 8)	(32, 3, 0)	nan
(68, 32, 8)	(32, 3, 0)	nan
(68, 32, 8)	(32, 3, 0)	nan
(68, 32, 8)	(32, 61, 1)	(61, 3, 0)	nan
(68, 32, 8)	(32, 61, 1)	(61, 3, 0)	nan
(68, 32, 8)	(32, 76, 7)	(76, 3, 0)	nan
(68, 32, 8)	(32, 51, 1)	(51, 3, 0)	nan
(68, 32, 8)	(32, 51, 1)	(51, 3, 0)	nan
(68, 32, 8)	(32, 41, 3)	(41, 3, 0)	nan
(68, 32, 8)	(32, 41, 3)	(41, 3, 0)	nan
(68, 32, 8)	(32, 41, 3)	(41, 3, 3)	nan
(68, 32, 6)	(32, 29, 3)	(29, 3, 0)	nan
(68, 32, 6)	(32, 3, 0)	nan
(68, 32, 6)	(32, 3, 0)	nan
(68, 32, 6)	(32, 3, 0)	nan
(68, 32, 6)	(32, 61, 1)	(61, 3, 0)	nan
(68, 32, 6)	(32, 61, 1)	(61, 3, 0)	nan
(68, 32, 6)	(32, 76, 7)	(76, 3, 0)	nan
(68, 32, 6)	(32, 51, 1)	(51, 3, 0)	nan
(68, 32, 6)	(32, 51, 1)	(51, 3, 0)	nan
(68, 32, 6)	(32, 41, 3)	(41, 3, 0)	nan
(68, 32, 6)	(32, 41, 3)	(41, 3, 0)	nan
(68, 32, 6)	(32, 41, 3)	(41, 3, 3)	nan
(68, 33, 8)	(33, 74, 0)	(74, 3, 0)	nan
(68, 33, 8)	(33, 87, 3)	(87, 3, 0)	nan
(68, 33, 8)	(33, 41, 1)	(41, 3, 0)	nan
(68, 33, 8)	(33, 41, 1)	(41, 3, 0)	nan
(68, 33, 8)	(33, 41, 1)	(41, 3, 3)	nan
(68, 33, 8)	(33, 84, 0)	(84, 3, 0)	nan
(68, 33, 8)	(33, 84, 0)	(84, 3, 3)	nan
(68, 33, 8)	(33, 29, 2)	(29, 3, 0)	nan
(68, 33, 7)	(33, 74, 0)	(74, 3, 0)	nan
(68, 33, 7)	(33, 87, 3)	(87, 3, 0)	nan
(68, 33, 7)	(33, 41, 1)	(41, 3, 0)	nan
(68, 33, 7)	(33, 41, 1)	(41, 3, 0)	nan
(68, 33, 7)	(33, 41, 1)	(41, 3, 3)	nan
(68, 33, 7)	(33, 84, 0)	(84, 3, 0)	nan
(68, 33, 7)	(33, 84, 0)	(84, 3, 3)	nan
