(68, 32, 8)	(32, 7, 1)	nan
(68, 32, 8)	(32, 7, 6)	nan
(68, 32, 8)	(32, 86, 7)	(86, 7, 8)	nan
(68, 32, 8)	(32, 76, 7)	(76, 7, 1)	nan
(68, 32, 8)	(32, 76, 7)	(76, 7, 0)	nan
(68, 32, 8)	(32, 41, 3)	(41, 7, 1)	nan
(68, 32, 8)	(32, 41, 3)	(41, 7, 3)	nan
(68, 32, 8)	(32, 40, 5)	(40, 7, 1)	nan
(68, 32, 8)	(32, 7, 1)	nan
(68, 32, 8)	(32, 7, 6)	nan
(68, 32, 8)	(32, 86, 7)	(86, 7, 8)	nan
(68, 32, 8)	(32, 76, 7)	(76, 7, 1)	nan
(68, 32, 8)	(32, 76, 7)	(76, 7, 0)	nan
(68, 32, 8)	(32, 41, 3)	(41, 7, 1)	nan
(68, 32, 8)	(32, 41, 3)	(41, 7, 3)	nan
(68, 32, 8)	(32, 40, 5)	(40, 7, 1)	nan
(68, 32, 6)	(32, 7, 1)	nan
(68, 32, 6)	(32, 7, 6)	nan
(68, 32, 6)	(32, 86, 7)	(86, 7, 8)	nan
(68, 32, 6)	(32, 76, 7)	(76, 7, 1)	nan
(68, 32, 6)	(32, 76, 7)	(76, 7, 0)	nan
(68, 32, 6)	(32, 41, 3)	(41, 7, 1)	nan
(68, 32, 6)	(32, 41, 3)	(41, 7, 3)	nan
(68, 32, 6)	(32, 40, 5)	(40, 7, 1)	nan
(68, 33, 8)	(33, 54, 2)	(54, 7, 1)	nan
(68, 33, 8)	(33, 54, 2)	(54, 7, 0)	nan
(68, 33, 8)	(33, 74, 0)	(74, 7, 1)	nan
(68, 33, 8)	(33, 87, 3)	(87, 7, 1)	nan
(68, 33, 8)	(33, 87, 3)	(87, 7, 1)	nan
(68, 33, 8)	(33, 87, 3)	(87, 7, 1)	nan
(68, 33, 8)	(33, 41, 1)	(41, 7, 1)	nan
(68, 33, 8)	(33, 41, 1)	(41, 7, 3)	nan
(68, 33, 8)	(33, 84, 0)	(84, 7, 1)	nan
(68, 33, 8)	(33, 84, 0)	(84, 7, 1)	nan
(68, 33, 8)	(33, 84, 0)	(84, 7, 1)	nan
(68, 33, 8)	(33, 84, 0)	(84, 7, 1)	nan
(68, 33, 7)	(33, 54, 2)	(54, 7, 1)	nan
(68, 33, 7)	(33, 54, 2)	(54, 7, 0)	nan
(68, 33, 7)	(33, 74, 0)	(74, 7, 1)	nan
(68, 33, 7)	(33, 87, 3)	(87, 7, 1)	nan
(68, 33, 7)	(33, 87, 3)	(87, 7, 1)	nan
(68, 33, 7)	(33, 87, 3)	(87, 7, 1)	nan
(68, 33, 7)	(33, 41, 1)	(41, 7, 1)	nan
(68, 33, 7)	(33, 41, 1)	(41, 7, 3)	nan
(68, 33, 7)	(33, 84, 0)	(84, 7, 1)	nan
(68, 33, 7)	(33, 84, 0)	(84, 7, 1)	nan
(68, 33, 7)	(33, 84, 0)	(84, 7, 1)	nan
(68, 33, 7)	(33, 84, 0)	(84, 7, 1)	nan
(68, 7, 5)	nan
(68, 72, 8)	(72, 7, 1)	nan
(68, 72, 8)	(72, 7, 8)	nan
