(68, 32, 8)	(32, 8, 1)	nan
(68, 32, 8)	(32, 8, 1)	nan
(68, 32, 8)	(32, 8, 5)	nan
(68, 32, 8)	(32, 29, 3)	(29, 8, 1)	nan
(68, 32, 8)	(32, 61, 1)	(61, 8, 1)	nan
(68, 32, 8)	(32, 61, 1)	(61, 8, 1)	nan
(68, 32, 8)	(32, 61, 1)	(61, 8, 3)	nan
(68, 32, 8)	(32, 61, 1)	(61, 8, 0)	nan
(68, 32, 8)	(32, 76, 7)	(76, 8, 1)	nan
(68, 32, 8)	(32, 76, 7)	(76, 8, 1)	nan
(68, 32, 8)	(32, 41, 3)	(41, 8, 1)	nan
(68, 32, 8)	(32, 41, 3)	(41, 8, 5)	nan
(68, 32, 8)	(32, 40, 5)	(40, 8, 1)	nan
(68, 32, 8)	(32, 40, 5)	(40, 8, 3)	nan
(68, 32, 8)	(32, 8, 1)	nan
(68, 32, 8)	(32, 8, 1)	nan
(68, 32, 8)	(32, 8, 5)	nan
(68, 32, 8)	(32, 29, 3)	(29, 8, 1)	nan
(68, 32, 8)	(32, 61, 1)	(61, 8, 1)	nan
(68, 32, 8)	(32, 61, 1)	(61, 8, 1)	nan
(68, 32, 8)	(32, 61, 1)	(61, 8, 3)	nan
(68, 32, 8)	(32, 61, 1)	(61, 8, 0)	nan
(68, 32, 8)	(32, 76, 7)	(76, 8, 1)	nan
(68, 32, 8)	(32, 76, 7)	(76, 8, 1)	nan
(68, 32, 8)	(32, 41, 3)	(41, 8, 1)	nan
(68, 32, 8)	(32, 41, 3)	(41, 8, 5)	nan
(68, 32, 8)	(32, 40, 5)	(40, 8, 1)	nan
(68, 32, 8)	(32, 40, 5)	(40, 8, 3)	nan
(68, 32, 6)	(32, 8, 1)	nan
(68, 32, 6)	(32, 8, 1)	nan
(68, 32, 6)	(32, 8, 5)	nan
(68, 32, 6)	(32, 29, 3)	(29, 8, 1)	nan
(68, 32, 6)	(32, 61, 1)	(61, 8, 1)	nan
(68, 32, 6)	(32, 61, 1)	(61, 8, 1)	nan
(68, 32, 6)	(32, 61, 1)	(61, 8, 3)	nan
(68, 32, 6)	(32, 61, 1)	(61, 8, 0)	nan
(68, 32, 6)	(32, 76, 7)	(76, 8, 1)	nan
(68, 32, 6)	(32, 76, 7)	(76, 8, 1)	nan
(68, 32, 6)	(32, 41, 3)	(41, 8, 1)	nan
(68, 32, 6)	(32, 41, 3)	(41, 8, 5)	nan
(68, 32, 6)	(32, 40, 5)	(40, 8, 1)	nan
(68, 32, 6)	(32, 40, 5)	(40, 8, 3)	nan
(68, 8, 1)	nan
(68, 8, 8)	nan
(68, 33, 8)	(33, 8, 1)	nan
(68, 33, 8)	(33, 8, 1)	nan
(68, 33, 8)	(33, 8, 3)	nan
(68, 33, 8)	(33, 8, 6)	nan
(68, 33, 8)	(33, 8, 7)	nan
(68, 33, 8)	(33, 54, 2)	(54, 8, 1)	nan
(68, 33, 8)	(33, 54, 2)	(54, 8, 1)	nan
