(69, 34, 8)	(34, 12, 3)	nan
(69, 34, 8)	(34, 70, 3)	(70, 12, 3)	nan
(69, 34, 8)	(34, 33, 8)	(33, 12, 3)	nan
(69, 34, 8)	(34, 35, 8)	(35, 12, 3)	nan
(69, 34, 8)	(34, 35, 8)	(35, 12, 3)	nan
(69, 34, 8)	(34, 35, 8)	(35, 12, 4)	nan
(69, 34, 8)	(34, 12, 3)	nan
(69, 34, 8)	(34, 70, 3)	(70, 12, 3)	nan
(69, 34, 8)	(34, 33, 8)	(33, 12, 3)	nan
(69, 34, 8)	(34, 35, 8)	(35, 12, 3)	nan
(69, 34, 8)	(34, 35, 8)	(35, 12, 3)	nan
(69, 34, 8)	(34, 35, 8)	(35, 12, 4)	nan
(69, 34, 7)	(34, 12, 3)	nan
(69, 34, 7)	(34, 70, 3)	(70, 12, 3)	nan
(69, 34, 7)	(34, 33, 8)	(33, 12, 3)	nan
(69, 34, 7)	(34, 35, 8)	(35, 12, 3)	nan
(69, 34, 7)	(34, 35, 8)	(35, 12, 3)	nan
(69, 34, 7)	(34, 35, 8)	(35, 12, 4)	nan
(69, 12, 3)	nan
(69, 12, 6)	nan
(69, 12, 0)	nan
(69, 33, 8)	(33, 12, 3)	nan
(69, 33, 8)	(33, 54, 2)	(54, 12, 3)	nan
(69, 33, 8)	(33, 54, 2)	(54, 12, 3)	nan
(69, 33, 8)	(33, 54, 2)	(54, 12, 8)	nan
(69, 33, 8)	(33, 54, 2)	(54, 12, 1)	nan
(69, 33, 8)	(33, 54, 2)	(54, 12, 1)	nan
(69, 33, 8)	(33, 87, 3)	(87, 12, 3)	nan
(69, 33, 8)	(33, 29, 2)	(29, 12, 3)	nan
(69, 33, 8)	(33, 29, 2)	(29, 12, 4)	nan
(69, 48, 2)	(48, 30, 8)	(30, 12, 3)	nan
(69, 48, 2)	(48, 83, 7)	(83, 12, 3)	nan
(69, 48, 2)	(48, 83, 7)	(83, 12, 3)	nan
(69, 48, 2)	(48, 83, 7)	(83, 12, 1)	nan
(69, 48, 2)	(48, 89, 0)	(89, 12, 0)	nan
(69, 48, 2)	(48, 89, 7)	(89, 12, 0)	nan
(69, 48, 2)	(48, 33, 0)	(33, 12, 3)	nan
(69, 48, 2)	(48, 34, 0)	(34, 12, 3)	nan
(69, 48, 2)	(48, 85, 7)	(85, 12, 3)	nan
(69, 63, 1)	(63, 35, 8)	(35, 12, 3)	nan
(69, 63, 1)	(63, 35, 8)	(35, 12, 3)	nan
(69, 63, 1)	(63, 35, 8)	(35, 12, 4)	nan
(69, 63, 1)	(63, 35, 8)	(35, 12, 3)	nan
(69, 63, 1)	(63, 35, 8)	(35, 12, 3)	nan
(69, 63, 1)	(63, 35, 8)	(35, 12, 4)	nan
(69, 63, 1)	(63, 35, 7)	(35, 12, 3)	nan
(69, 63, 1)	(63, 35, 7)	(35, 12, 3)	nan
(69, 63, 1)	(63, 35, 7)	(35, 12, 4)	nan
(69, 63, 1)	(63, 35, 3)	(35, 12, 3)	nan
(69, 63, 1)	(63, 35, 3)	(35, 12, 3)	nan
