(69, 34, 8)	(34, 59, 7)	(59, 14, 3)	nan
(69, 34, 8)	(34, 59, 3)	(59, 14, 3)	nan
(69, 34, 8)	(34, 59, 3)	(59, 14, 3)	nan
(69, 34, 8)	(34, 70, 3)	(70, 14, 3)	nan
(69, 34, 8)	(34, 33, 8)	(33, 14, 3)	nan
(69, 34, 8)	(34, 33, 8)	(33, 14, 2)	nan
(69, 34, 8)	(34, 59, 7)	(59, 14, 3)	nan
(69, 34, 8)	(34, 59, 3)	(59, 14, 3)	nan
(69, 34, 8)	(34, 59, 3)	(59, 14, 3)	nan
(69, 34, 8)	(34, 70, 3)	(70, 14, 3)	nan
(69, 34, 8)	(34, 33, 8)	(33, 14, 3)	nan
(69, 34, 8)	(34, 33, 8)	(33, 14, 2)	nan
(69, 34, 7)	(34, 59, 7)	(59, 14, 3)	nan
(69, 34, 7)	(34, 59, 3)	(59, 14, 3)	nan
(69, 34, 7)	(34, 59, 3)	(59, 14, 3)	nan
(69, 34, 7)	(34, 70, 3)	(70, 14, 3)	nan
(69, 34, 7)	(34, 33, 8)	(33, 14, 3)	nan
(69, 34, 7)	(34, 33, 8)	(33, 14, 2)	nan
(69, 33, 8)	(33, 14, 3)	nan
(69, 33, 8)	(33, 14, 2)	nan
(69, 33, 8)	(33, 54, 2)	(54, 14, 3)	nan
(69, 33, 8)	(33, 50, 3)	(50, 14, 3)	nan
(69, 48, 2)	(48, 83, 7)	(83, 14, 3)	nan
(69, 48, 2)	(48, 88, 7)	(88, 14, 0)	nan
(69, 48, 2)	(48, 59, 8)	(59, 14, 3)	nan
(69, 48, 2)	(48, 33, 0)	(33, 14, 3)	nan
(69, 48, 2)	(48, 33, 0)	(33, 14, 2)	nan
(69, 48, 2)	(48, 38, 5)	(38, 14, 3)	nan
(69, 63, 1)	(63, 33, 7)	(33, 14, 3)	nan
(69, 63, 1)	(63, 33, 7)	(33, 14, 2)	nan
(69, 63, 1)	(63, 33, 8)	(33, 14, 3)	nan
(69, 63, 1)	(63, 33, 8)	(33, 14, 2)	nan
(69, 63, 1)	(63, 33, 8)	(33, 14, 3)	nan
(69, 63, 1)	(63, 33, 8)	(33, 14, 2)	nan
(69, 63, 1)	(63, 57, 7)	(57, 14, 3)	nan
(69, 53, 3)	(53, 14, 3)	nan
(69, 53, 3)	(53, 14, 3)	nan
(69, 53, 3)	(53, 14, 5)	nan
(69, 53, 3)	(53, 57, 2)	(57, 14, 3)	nan
(69, 73, 2)	(73, 33, 8)	(33, 14, 3)	nan
(69, 73, 2)	(73, 33, 8)	(33, 14, 2)	nan
(69, 73, 2)	(73, 33, 8)	(33, 14, 3)	nan
(69, 73, 2)	(73, 33, 8)	(33, 14, 2)	nan
(69, 73, 2)	(73, 14, 3)	nan
(69, 73, 2)	(73, 46, 0)	(46, 14, 3)	nan
(69, 73, 2)	(73, 46, 0)	(46, 14, 1)	nan
(69, 36, 5)	(36, 66, 1)	(66, 14, 3)	nan
(69, 36, 5)	(36, 58, 7)	(58, 14, 3)	nan
(69, 36, 5)	(36, 58, 7)	(58, 14, 3)	nan
(69, 36, 5)	(36, 58, 7)	(58, 14, 6)	nan
(69, 36, 5)	(36, 58, 7)	(58, 14, 8)	nan
