(69, 34, 8)	(34, 2, 0)	nan
(69, 34, 8)	(34, 2, 0)	nan
(69, 34, 8)	(34, 2, 0)	nan
(69, 34, 8)	(34, 67, 2)	(67, 2, 0)	nan
(69, 34, 8)	(34, 59, 7)	(59, 2, 7)	nan
(69, 34, 8)	(34, 59, 3)	(59, 2, 7)	nan
(69, 34, 8)	(34, 59, 3)	(59, 2, 7)	nan
(69, 34, 8)	(34, 70, 3)	(70, 2, 0)	nan
(69, 34, 8)	(34, 41, 7)	(41, 2, 0)	nan
(69, 34, 8)	(34, 33, 8)	(33, 2, 0)	nan
(69, 34, 8)	(34, 33, 8)	(33, 2, 3)	nan
(69, 34, 8)	(34, 2, 0)	nan
(69, 34, 8)	(34, 2, 0)	nan
(69, 34, 8)	(34, 2, 0)	nan
(69, 34, 8)	(34, 67, 2)	(67, 2, 0)	nan
(69, 34, 8)	(34, 59, 7)	(59, 2, 7)	nan
(69, 34, 8)	(34, 59, 3)	(59, 2, 7)	nan
(69, 34, 8)	(34, 59, 3)	(59, 2, 7)	nan
(69, 34, 8)	(34, 70, 3)	(70, 2, 0)	nan
(69, 34, 8)	(34, 41, 7)	(41, 2, 0)	nan
(69, 34, 8)	(34, 33, 8)	(33, 2, 0)	nan
(69, 34, 8)	(34, 33, 8)	(33, 2, 3)	nan
(69, 34, 7)	(34, 2, 0)	nan
(69, 34, 7)	(34, 2, 0)	nan
(69, 34, 7)	(34, 2, 0)	nan
(69, 34, 7)	(34, 67, 2)	(67, 2, 0)	nan
(69, 34, 7)	(34, 59, 7)	(59, 2, 7)	nan
(69, 34, 7)	(34, 59, 3)	(59, 2, 7)	nan
(69, 34, 7)	(34, 59, 3)	(59, 2, 7)	nan
(69, 34, 7)	(34, 70, 3)	(70, 2, 0)	nan
(69, 34, 7)	(34, 41, 7)	(41, 2, 0)	nan
(69, 34, 7)	(34, 33, 8)	(33, 2, 0)	nan
(69, 34, 7)	(34, 33, 8)	(33, 2, 3)	nan
(69, 33, 8)	(33, 2, 0)	nan
(69, 33, 8)	(33, 2, 3)	nan
(69, 33, 8)	(33, 50, 3)	(50, 2, 0)	nan
(69, 33, 8)	(33, 74, 0)	(74, 2, 0)	nan
(69, 33, 8)	(33, 74, 0)	(74, 2, 0)	nan
(69, 33, 8)	(33, 87, 3)	(87, 2, 0)	nan
(69, 33, 8)	(33, 41, 1)	(41, 2, 0)	nan
(69, 33, 8)	(33, 84, 0)	(84, 2, 0)	nan
(69, 33, 8)	(33, 84, 0)	(84, 2, 6)	nan
(69, 33, 8)	(33, 29, 2)	(29, 2, 0)	nan
(69, 33, 8)	(33, 29, 2)	(29, 2, 0)	nan
(69, 33, 8)	(33, 29, 2)	(29, 2, 8)	nan
(69, 33, 8)	(33, 29, 2)	(29, 2, 7)	nan
(69, 48, 2)	(48, 2, 0)	nan
(69, 48, 2)	(48, 2, 0)	nan
(69, 48, 2)	(48, 2, 2)	nan
(69, 48, 2)	(48, 30, 8)	(30, 2, 0)	nan
(69, 48, 2)	(48, 88, 7)	(88, 2, 0)	nan
