(69, 34, 8)	(34, 3, 0)	nan
(69, 34, 8)	(34, 41, 7)	(41, 3, 0)	nan
(69, 34, 8)	(34, 41, 7)	(41, 3, 0)	nan
(69, 34, 8)	(34, 41, 7)	(41, 3, 3)	nan
(69, 34, 8)	(34, 35, 8)	(35, 3, 0)	nan
(69, 34, 8)	(34, 3, 0)	nan
(69, 34, 8)	(34, 41, 7)	(41, 3, 0)	nan
(69, 34, 8)	(34, 41, 7)	(41, 3, 0)	nan
(69, 34, 8)	(34, 41, 7)	(41, 3, 3)	nan
(69, 34, 8)	(34, 35, 8)	(35, 3, 0)	nan
(69, 34, 7)	(34, 3, 0)	nan
(69, 34, 7)	(34, 41, 7)	(41, 3, 0)	nan
(69, 34, 7)	(34, 41, 7)	(41, 3, 0)	nan
(69, 34, 7)	(34, 41, 7)	(41, 3, 3)	nan
(69, 34, 7)	(34, 35, 8)	(35, 3, 0)	nan
(69, 33, 8)	(33, 74, 0)	(74, 3, 0)	nan
(69, 33, 8)	(33, 87, 3)	(87, 3, 0)	nan
(69, 33, 8)	(33, 41, 1)	(41, 3, 0)	nan
(69, 33, 8)	(33, 41, 1)	(41, 3, 0)	nan
(69, 33, 8)	(33, 41, 1)	(41, 3, 3)	nan
(69, 33, 8)	(33, 84, 0)	(84, 3, 0)	nan
(69, 33, 8)	(33, 84, 0)	(84, 3, 3)	nan
(69, 33, 8)	(33, 29, 2)	(29, 3, 0)	nan
(69, 48, 2)	(48, 30, 8)	(30, 3, 0)	nan
(69, 48, 2)	(48, 30, 8)	(30, 3, 3)	nan
(69, 48, 2)	(48, 3, 0)	nan
(69, 48, 2)	(48, 3, 8)	nan
(69, 48, 2)	(48, 83, 7)	(83, 3, 0)	nan
(69, 48, 2)	(48, 71, 7)	(71, 3, 0)	nan
(69, 48, 2)	(48, 88, 7)	(88, 3, 0)	nan
(69, 48, 2)	(48, 88, 7)	(88, 3, 0)	nan
(69, 48, 2)	(48, 88, 7)	(88, 3, 3)	nan
(69, 48, 2)	(48, 89, 0)	(89, 3, 0)	nan
(69, 48, 2)	(48, 89, 0)	(89, 3, 7)	nan
(69, 48, 2)	(48, 89, 7)	(89, 3, 0)	nan
(69, 48, 2)	(48, 89, 7)	(89, 3, 7)	nan
(69, 48, 2)	(48, 34, 0)	(34, 3, 0)	nan
(69, 3, 8)	nan
(69, 63, 1)	(63, 35, 8)	(35, 3, 0)	nan
(69, 63, 1)	(63, 35, 8)	(35, 3, 0)	nan
(69, 63, 1)	(63, 35, 7)	(35, 3, 0)	nan
(69, 63, 1)	(63, 35, 3)	(35, 3, 0)	nan
(69, 63, 1)	(63, 3, 0)	nan
(69, 63, 1)	(63, 48, 1)	(48, 3, 0)	nan
(69, 63, 1)	(63, 48, 1)	(48, 3, 8)	nan
(69, 63, 1)	(63, 74, 7)	(74, 3, 0)	nan
(69, 53, 3)	(53, 34, 3)	(34, 3, 0)	nan
(69, 53, 3)	(53, 74, 3)	(74, 3, 0)	nan
(69, 53, 3)	(53, 90, 7)	(90, 3, 0)	nan
(69, 53, 3)	(53, 90, 7)	(90, 3, 7)	nan
(69, 53, 3)	(53, 44, 3)	(44, 3, 0)	nan
