(69, 34, 7)	nan
(69, 33, 8)	(33, 50, 3)	(50, 34, 8)	nan
(69, 33, 8)	(33, 87, 3)	(87, 34, 8)	nan
(69, 33, 8)	(33, 87, 3)	(87, 34, 7)	nan
(69, 33, 8)	(33, 41, 1)	(41, 34, 8)	nan
(69, 33, 8)	(33, 84, 0)	(84, 34, 8)	nan
(69, 48, 2)	(48, 30, 8)	(30, 34, 8)	nan
(69, 48, 2)	(48, 71, 7)	(71, 34, 8)	nan
(69, 48, 2)	(48, 71, 7)	(71, 34, 8)	nan
(69, 48, 2)	(48, 71, 7)	(71, 34, 1)	nan
(69, 48, 2)	(48, 71, 7)	(71, 34, 1)	nan
(69, 48, 2)	(48, 34, 0)	nan
(69, 63, 1)	(63, 48, 1)	(48, 34, 0)	nan
(69, 53, 3)	(53, 34, 3)	nan
(69, 73, 2)	(73, 34, 0)	nan
(69, 36, 5)	(36, 62, 5)	(62, 34, 8)	nan
(69, 36, 5)	(36, 58, 7)	(58, 34, 8)	nan
