(69, 34, 8)	(34, 70, 3)	(70, 5, 8)	nan
(69, 34, 8)	(34, 5, 0)	nan
(69, 34, 8)	(34, 41, 7)	(41, 5, 0)	nan
(69, 34, 8)	(34, 70, 3)	(70, 5, 8)	nan
(69, 34, 8)	(34, 5, 0)	nan
(69, 34, 8)	(34, 41, 7)	(41, 5, 0)	nan
(69, 34, 7)	(34, 70, 3)	(70, 5, 8)	nan
(69, 34, 7)	(34, 5, 0)	nan
(69, 34, 7)	(34, 41, 7)	(41, 5, 0)	nan
(69, 33, 8)	(33, 50, 3)	(50, 5, 0)	nan
(69, 33, 8)	(33, 41, 1)	(41, 5, 0)	nan
(69, 33, 8)	(33, 84, 0)	(84, 5, 0)	nan
(69, 48, 2)	(48, 5, 0)	nan
(69, 48, 2)	(48, 34, 0)	(34, 5, 0)	nan
(69, 48, 2)	(48, 38, 5)	(38, 5, 0)	nan
(69, 5, 0)	nan
(69, 63, 1)	(63, 48, 1)	(48, 5, 0)	nan
(69, 53, 3)	(53, 34, 3)	(34, 5, 0)	nan
(69, 53, 3)	(53, 56, 5)	(56, 5, 0)	nan
(69, 73, 2)	(73, 49, 0)	(49, 5, 0)	nan
(69, 73, 2)	(73, 49, 0)	(49, 5, 7)	nan
(69, 73, 2)	(73, 45, 1)	(45, 5, 0)	nan
(69, 73, 2)	(73, 45, 1)	(45, 5, 0)	nan
(69, 73, 2)	(73, 45, 1)	(45, 5, 2)	nan
(69, 73, 2)	(73, 45, 1)	(45, 5, 4)	nan
(69, 73, 2)	(73, 34, 0)	(34, 5, 0)	nan
(69, 73, 2)	(73, 5, 0)	nan
(69, 73, 2)	(73, 46, 0)	(46, 5, 0)	nan
(69, 73, 2)	(73, 31, 8)	(31, 5, 0)	nan
(69, 36, 5)	(36, 31, 8)	(31, 5, 0)	nan
(69, 36, 5)	(36, 31, 0)	(31, 5, 0)	nan
(69, 36, 5)	(36, 31, 0)	(31, 5, 0)	nan
(69, 36, 5)	(36, 58, 7)	(58, 5, 0)	nan
(69, 52, 3)	(52, 45, 3)	(45, 5, 0)	nan
(69, 52, 3)	(52, 45, 3)	(45, 5, 0)	nan
(69, 52, 3)	(52, 45, 3)	(45, 5, 2)	nan
(69, 52, 3)	(52, 45, 3)	(45, 5, 4)	nan
(69, 52, 3)	(52, 79, 7)	(79, 5, 0)	nan
