(69, 34, 8)	(34, 7, 1)	nan
(69, 34, 8)	(34, 7, 3)	nan
(69, 34, 8)	(34, 59, 7)	(59, 7, 1)	nan
(69, 34, 8)	(34, 59, 7)	(59, 7, 6)	nan
(69, 34, 8)	(34, 59, 7)	(59, 7, 7)	nan
(69, 34, 8)	(34, 59, 3)	(59, 7, 1)	nan
(69, 34, 8)	(34, 59, 3)	(59, 7, 6)	nan
(69, 34, 8)	(34, 59, 3)	(59, 7, 7)	nan
(69, 34, 8)	(34, 59, 3)	(59, 7, 1)	nan
(69, 34, 8)	(34, 59, 3)	(59, 7, 6)	nan
(69, 34, 8)	(34, 59, 3)	(59, 7, 7)	nan
(69, 34, 8)	(34, 41, 7)	(41, 7, 1)	nan
(69, 34, 8)	(34, 41, 7)	(41, 7, 3)	nan
(69, 34, 8)	(34, 35, 8)	(35, 7, 1)	nan
(69, 34, 8)	(34, 35, 8)	(35, 7, 0)	nan
(69, 34, 8)	(34, 7, 1)	nan
(69, 34, 8)	(34, 7, 3)	nan
(69, 34, 8)	(34, 59, 7)	(59, 7, 1)	nan
(69, 34, 8)	(34, 59, 7)	(59, 7, 6)	nan
(69, 34, 8)	(34, 59, 7)	(59, 7, 7)	nan
(69, 34, 8)	(34, 59, 3)	(59, 7, 1)	nan
(69, 34, 8)	(34, 59, 3)	(59, 7, 6)	nan
(69, 34, 8)	(34, 59, 3)	(59, 7, 7)	nan
(69, 34, 8)	(34, 59, 3)	(59, 7, 1)	nan
(69, 34, 8)	(34, 59, 3)	(59, 7, 6)	nan
(69, 34, 8)	(34, 59, 3)	(59, 7, 7)	nan
(69, 34, 8)	(34, 41, 7)	(41, 7, 1)	nan
(69, 34, 8)	(34, 41, 7)	(41, 7, 3)	nan
(69, 34, 8)	(34, 35, 8)	(35, 7, 1)	nan
(69, 34, 8)	(34, 35, 8)	(35, 7, 0)	nan
(69, 34, 7)	(34, 7, 1)	nan
(69, 34, 7)	(34, 7, 3)	nan
(69, 34, 7)	(34, 59, 7)	(59, 7, 1)	nan
(69, 34, 7)	(34, 59, 7)	(59, 7, 6)	nan
(69, 34, 7)	(34, 59, 7)	(59, 7, 7)	nan
(69, 34, 7)	(34, 59, 3)	(59, 7, 1)	nan
(69, 34, 7)	(34, 59, 3)	(59, 7, 6)	nan
(69, 34, 7)	(34, 59, 3)	(59, 7, 7)	nan
(69, 34, 7)	(34, 59, 3)	(59, 7, 1)	nan
(69, 34, 7)	(34, 59, 3)	(59, 7, 6)	nan
(69, 34, 7)	(34, 59, 3)	(59, 7, 7)	nan
(69, 34, 7)	(34, 41, 7)	(41, 7, 1)	nan
(69, 34, 7)	(34, 41, 7)	(41, 7, 3)	nan
(69, 34, 7)	(34, 35, 8)	(35, 7, 1)	nan
(69, 34, 7)	(34, 35, 8)	(35, 7, 0)	nan
(69, 7, 1)	nan
(69, 7, 7)	nan
(69, 33, 8)	(33, 54, 2)	(54, 7, 1)	nan
(69, 33, 8)	(33, 54, 2)	(54, 7, 0)	nan
(69, 33, 8)	(33, 74, 0)	(74, 7, 1)	nan
(69, 33, 8)	(33, 87, 3)	(87, 7, 1)	nan
