(70, 34, 8)	(34, 12, 3)	nan
(70, 34, 8)	(34, 33, 8)	(33, 12, 3)	nan
(70, 34, 8)	(34, 35, 8)	(35, 12, 3)	nan
(70, 34, 8)	(34, 35, 8)	(35, 12, 3)	nan
(70, 34, 8)	(34, 35, 8)	(35, 12, 4)	nan
(70, 34, 8)	(34, 12, 3)	nan
(70, 34, 8)	(34, 33, 8)	(33, 12, 3)	nan
(70, 34, 8)	(34, 35, 8)	(35, 12, 3)	nan
(70, 34, 8)	(34, 35, 8)	(35, 12, 3)	nan
(70, 34, 8)	(34, 35, 8)	(35, 12, 4)	nan
(70, 34, 7)	(34, 12, 3)	nan
(70, 34, 7)	(34, 33, 8)	(33, 12, 3)	nan
(70, 34, 7)	(34, 35, 8)	(35, 12, 3)	nan
(70, 34, 7)	(34, 35, 8)	(35, 12, 3)	nan
(70, 34, 7)	(34, 35, 8)	(35, 12, 4)	nan
(70, 12, 3)	nan
(70, 51, 1)	(51, 81, 7)	(81, 12, 3)	nan
(70, 51, 1)	(51, 65, 1)	(65, 12, 3)	nan
(70, 51, 1)	(51, 65, 1)	(65, 12, 4)	nan
(70, 56, 7)	(56, 35, 8)	(35, 12, 3)	nan
(70, 56, 7)	(56, 35, 8)	(35, 12, 3)	nan
(70, 56, 7)	(56, 35, 8)	(35, 12, 4)	nan
(70, 56, 7)	(56, 35, 8)	(35, 12, 3)	nan
(70, 56, 7)	(56, 35, 8)	(35, 12, 3)	nan
(70, 56, 7)	(56, 35, 8)	(35, 12, 4)	nan
(70, 56, 7)	(56, 35, 4)	(35, 12, 3)	nan
(70, 56, 7)	(56, 35, 4)	(35, 12, 3)	nan
(70, 56, 7)	(56, 35, 4)	(35, 12, 4)	nan
(70, 56, 7)	(56, 12, 3)	nan
(70, 56, 7)	(56, 12, 8)	nan
(70, 56, 7)	(56, 29, 8)	(29, 12, 3)	nan
(70, 56, 7)	(56, 29, 8)	(29, 12, 4)	nan
(70, 56, 7)	(56, 33, 8)	(33, 12, 3)	nan
(70, 56, 7)	(56, 30, 8)	(30, 12, 3)	nan
