(70, 34, 8)	(34, 19, 4)	nan
(70, 34, 8)	(34, 19, 3)	nan
(70, 34, 8)	(34, 91, 1)	(91, 19, 1)	nan
(70, 34, 8)	(34, 67, 2)	(67, 19, 4)	nan
(70, 34, 8)	(34, 92, 1)	(92, 19, 4)	nan
(70, 34, 8)	(34, 92, 1)	(92, 19, 6)	nan
(70, 34, 8)	(34, 92, 5)	(92, 19, 4)	nan
(70, 34, 8)	(34, 92, 5)	(92, 19, 6)	nan
(70, 34, 8)	(34, 41, 7)	(41, 19, 4)	nan
(70, 34, 8)	(34, 41, 7)	(41, 19, 3)	nan
(70, 34, 8)	(34, 35, 8)	(35, 19, 4)	nan
(70, 34, 8)	(34, 35, 8)	(35, 19, 7)	nan
(70, 34, 8)	(34, 19, 4)	nan
(70, 34, 8)	(34, 19, 3)	nan
(70, 34, 8)	(34, 91, 1)	(91, 19, 1)	nan
(70, 34, 8)	(34, 67, 2)	(67, 19, 4)	nan
(70, 34, 8)	(34, 92, 1)	(92, 19, 4)	nan
(70, 34, 8)	(34, 92, 1)	(92, 19, 6)	nan
(70, 34, 8)	(34, 92, 5)	(92, 19, 4)	nan
(70, 34, 8)	(34, 92, 5)	(92, 19, 6)	nan
(70, 34, 8)	(34, 41, 7)	(41, 19, 4)	nan
(70, 34, 8)	(34, 41, 7)	(41, 19, 3)	nan
(70, 34, 8)	(34, 35, 8)	(35, 19, 4)	nan
(70, 34, 8)	(34, 35, 8)	(35, 19, 7)	nan
(70, 34, 7)	(34, 19, 4)	nan
(70, 34, 7)	(34, 19, 3)	nan
(70, 34, 7)	(34, 91, 1)	(91, 19, 1)	nan
(70, 34, 7)	(34, 67, 2)	(67, 19, 4)	nan
(70, 34, 7)	(34, 92, 1)	(92, 19, 4)	nan
(70, 34, 7)	(34, 92, 1)	(92, 19, 6)	nan
(70, 34, 7)	(34, 92, 5)	(92, 19, 4)	nan
(70, 34, 7)	(34, 92, 5)	(92, 19, 6)	nan
(70, 34, 7)	(34, 41, 7)	(41, 19, 4)	nan
(70, 34, 7)	(34, 41, 7)	(41, 19, 3)	nan
(70, 34, 7)	(34, 35, 8)	(35, 19, 4)	nan
(70, 34, 7)	(34, 35, 8)	(35, 19, 7)	nan
(70, 19, 4)	nan
(70, 19, 7)	nan
(70, 51, 1)	(51, 19, 4)	nan
(70, 51, 1)	(51, 19, 4)	nan
(70, 51, 1)	(51, 19, 4)	nan
(70, 51, 1)	(51, 19, 4)	nan
(70, 51, 1)	(51, 19, 4)	nan
(70, 51, 1)	(51, 76, 5)	(76, 19, 4)	nan
(70, 51, 1)	(51, 76, 5)	(76, 19, 4)	nan
(70, 51, 1)	(51, 76, 5)	(76, 19, 6)	nan
(70, 51, 1)	(51, 76, 5)	(76, 19, 6)	nan
(70, 51, 1)	(51, 81, 7)	(81, 19, 4)	nan
(70, 51, 1)	(51, 81, 7)	(81, 19, 4)	nan
(70, 56, 7)	(56, 19, 4)	nan
(70, 56, 7)	(56, 19, 3)	nan
