(70, 34, 8)	(34, 10, 2)	nan
(70, 34, 8)	(34, 59, 7)	(59, 10, 2)	nan
(70, 34, 8)	(34, 59, 7)	(59, 10, 3)	nan
(70, 34, 8)	(34, 59, 3)	(59, 10, 2)	nan
(70, 34, 8)	(34, 59, 3)	(59, 10, 3)	nan
(70, 34, 8)	(34, 59, 3)	(59, 10, 2)	nan
(70, 34, 8)	(34, 59, 3)	(59, 10, 3)	nan
(70, 34, 8)	(34, 41, 7)	(41, 10, 2)	nan
(70, 34, 8)	(34, 41, 7)	(41, 10, 2)	nan
(70, 34, 8)	(34, 41, 7)	(41, 10, 2)	nan
(70, 34, 8)	(34, 41, 7)	(41, 10, 2)	nan
(70, 34, 8)	(34, 33, 8)	(33, 10, 2)	nan
(70, 34, 8)	(34, 35, 8)	(35, 10, 2)	nan
(70, 34, 8)	(34, 35, 8)	(35, 10, 5)	nan
(70, 34, 8)	(34, 10, 2)	nan
(70, 34, 8)	(34, 59, 7)	(59, 10, 2)	nan
(70, 34, 8)	(34, 59, 7)	(59, 10, 3)	nan
(70, 34, 8)	(34, 59, 3)	(59, 10, 2)	nan
(70, 34, 8)	(34, 59, 3)	(59, 10, 3)	nan
(70, 34, 8)	(34, 59, 3)	(59, 10, 2)	nan
(70, 34, 8)	(34, 59, 3)	(59, 10, 3)	nan
(70, 34, 8)	(34, 41, 7)	(41, 10, 2)	nan
(70, 34, 8)	(34, 41, 7)	(41, 10, 2)	nan
(70, 34, 8)	(34, 41, 7)	(41, 10, 2)	nan
(70, 34, 8)	(34, 41, 7)	(41, 10, 2)	nan
(70, 34, 8)	(34, 33, 8)	(33, 10, 2)	nan
(70, 34, 8)	(34, 35, 8)	(35, 10, 2)	nan
(70, 34, 8)	(34, 35, 8)	(35, 10, 5)	nan
(70, 34, 7)	(34, 10, 2)	nan
(70, 34, 7)	(34, 59, 7)	(59, 10, 2)	nan
(70, 34, 7)	(34, 59, 7)	(59, 10, 3)	nan
(70, 34, 7)	(34, 59, 3)	(59, 10, 2)	nan
(70, 34, 7)	(34, 59, 3)	(59, 10, 3)	nan
(70, 34, 7)	(34, 59, 3)	(59, 10, 2)	nan
(70, 34, 7)	(34, 59, 3)	(59, 10, 3)	nan
(70, 34, 7)	(34, 41, 7)	(41, 10, 2)	nan
(70, 34, 7)	(34, 41, 7)	(41, 10, 2)	nan
(70, 34, 7)	(34, 41, 7)	(41, 10, 2)	nan
(70, 34, 7)	(34, 41, 7)	(41, 10, 2)	nan
(70, 34, 7)	(34, 33, 8)	(33, 10, 2)	nan
(70, 34, 7)	(34, 35, 8)	(35, 10, 2)	nan
(70, 34, 7)	(34, 35, 8)	(35, 10, 5)	nan
(70, 51, 1)	(51, 76, 5)	(76, 10, 2)	nan
(70, 51, 1)	(51, 59, 5)	(59, 10, 2)	nan
(70, 51, 1)	(51, 59, 5)	(59, 10, 3)	nan
(70, 51, 1)	(51, 65, 1)	(65, 10, 2)	nan
(70, 10, 2)	nan
(70, 56, 7)	(56, 10, 2)	nan
(70, 56, 7)	(56, 10, 2)	nan
(70, 56, 7)	(56, 10, 7)	nan
(70, 56, 7)	(56, 35, 8)	(35, 10, 2)	nan
