(71, 34, 8)	(34, 91, 1)	(91, 33, 5)	nan
(71, 34, 8)	(34, 59, 7)	(59, 33, 8)	nan
(71, 34, 8)	(34, 59, 3)	(59, 33, 8)	nan
(71, 34, 8)	(34, 59, 3)	(59, 33, 8)	nan
(71, 34, 8)	(34, 33, 8)	nan
(71, 34, 8)	(34, 91, 1)	(91, 33, 5)	nan
(71, 34, 8)	(34, 59, 7)	(59, 33, 8)	nan
(71, 34, 8)	(34, 59, 3)	(59, 33, 8)	nan
(71, 34, 8)	(34, 59, 3)	(59, 33, 8)	nan
(71, 34, 8)	(34, 33, 8)	nan
(71, 34, 1)	(34, 91, 1)	(91, 33, 5)	nan
(71, 34, 1)	(34, 59, 7)	(59, 33, 8)	nan
(71, 34, 1)	(34, 59, 3)	(59, 33, 8)	nan
(71, 34, 1)	(34, 59, 3)	(59, 33, 8)	nan
(71, 34, 1)	(34, 33, 8)	nan
(71, 34, 1)	(34, 91, 1)	(91, 33, 5)	nan
(71, 34, 1)	(34, 59, 7)	(59, 33, 8)	nan
(71, 34, 1)	(34, 59, 3)	(59, 33, 8)	nan
(71, 34, 1)	(34, 59, 3)	(59, 33, 8)	nan
(71, 34, 1)	(34, 33, 8)	nan
(71, 83, 8)	(83, 85, 0)	(85, 33, 8)	nan
(71, 83, 8)	(83, 85, 0)	(85, 33, 4)	nan
(71, 83, 8)	(83, 78, 0)	(78, 33, 8)	nan
(71, 83, 8)	(83, 78, 0)	(78, 33, 3)	nan
(71, 74, 7)	(74, 33, 8)	nan
(71, 74, 7)	(74, 33, 7)	nan
(71, 31, 7)	(31, 69, 7)	(69, 33, 8)	nan
