(71, 34, 8)	(34, 7, 1)	nan
(71, 34, 8)	(34, 7, 3)	nan
(71, 34, 8)	(34, 59, 7)	(59, 7, 1)	nan
(71, 34, 8)	(34, 59, 7)	(59, 7, 6)	nan
(71, 34, 8)	(34, 59, 7)	(59, 7, 7)	nan
(71, 34, 8)	(34, 59, 3)	(59, 7, 1)	nan
(71, 34, 8)	(34, 59, 3)	(59, 7, 6)	nan
(71, 34, 8)	(34, 59, 3)	(59, 7, 7)	nan
(71, 34, 8)	(34, 59, 3)	(59, 7, 1)	nan
(71, 34, 8)	(34, 59, 3)	(59, 7, 6)	nan
(71, 34, 8)	(34, 59, 3)	(59, 7, 7)	nan
(71, 34, 8)	(34, 41, 7)	(41, 7, 1)	nan
(71, 34, 8)	(34, 41, 7)	(41, 7, 3)	nan
(71, 34, 8)	(34, 35, 8)	(35, 7, 1)	nan
(71, 34, 8)	(34, 35, 8)	(35, 7, 0)	nan
(71, 34, 8)	(34, 7, 1)	nan
(71, 34, 8)	(34, 7, 3)	nan
(71, 34, 8)	(34, 59, 7)	(59, 7, 1)	nan
(71, 34, 8)	(34, 59, 7)	(59, 7, 6)	nan
(71, 34, 8)	(34, 59, 7)	(59, 7, 7)	nan
(71, 34, 8)	(34, 59, 3)	(59, 7, 1)	nan
(71, 34, 8)	(34, 59, 3)	(59, 7, 6)	nan
(71, 34, 8)	(34, 59, 3)	(59, 7, 7)	nan
(71, 34, 8)	(34, 59, 3)	(59, 7, 1)	nan
(71, 34, 8)	(34, 59, 3)	(59, 7, 6)	nan
(71, 34, 8)	(34, 59, 3)	(59, 7, 7)	nan
(71, 34, 8)	(34, 41, 7)	(41, 7, 1)	nan
(71, 34, 8)	(34, 41, 7)	(41, 7, 3)	nan
(71, 34, 8)	(34, 35, 8)	(35, 7, 1)	nan
(71, 34, 8)	(34, 35, 8)	(35, 7, 0)	nan
(71, 34, 1)	(34, 7, 1)	nan
(71, 34, 1)	(34, 7, 3)	nan
(71, 34, 1)	(34, 59, 7)	(59, 7, 1)	nan
(71, 34, 1)	(34, 59, 7)	(59, 7, 6)	nan
(71, 34, 1)	(34, 59, 7)	(59, 7, 7)	nan
(71, 34, 1)	(34, 59, 3)	(59, 7, 1)	nan
(71, 34, 1)	(34, 59, 3)	(59, 7, 6)	nan
(71, 34, 1)	(34, 59, 3)	(59, 7, 7)	nan
(71, 34, 1)	(34, 59, 3)	(59, 7, 1)	nan
(71, 34, 1)	(34, 59, 3)	(59, 7, 6)	nan
(71, 34, 1)	(34, 59, 3)	(59, 7, 7)	nan
(71, 34, 1)	(34, 41, 7)	(41, 7, 1)	nan
(71, 34, 1)	(34, 41, 7)	(41, 7, 3)	nan
(71, 34, 1)	(34, 35, 8)	(35, 7, 1)	nan
(71, 34, 1)	(34, 35, 8)	(35, 7, 0)	nan
(71, 34, 1)	(34, 7, 1)	nan
(71, 34, 1)	(34, 7, 3)	nan
(71, 34, 1)	(34, 59, 7)	(59, 7, 1)	nan
(71, 34, 1)	(34, 59, 7)	(59, 7, 6)	nan
(71, 34, 1)	(34, 59, 7)	(59, 7, 7)	nan
(71, 34, 1)	(34, 59, 3)	(59, 7, 1)	nan
