(72, 19, 0)	nan
(72, 19, 5)	nan
(72, 19, 1)	nan
(72, 34, 8)	(34, 19, 4)	nan
(72, 34, 8)	(34, 19, 3)	nan
(72, 34, 8)	(34, 91, 1)	(91, 19, 1)	nan
(72, 34, 8)	(34, 67, 2)	(67, 19, 4)	nan
(72, 34, 8)	(34, 70, 3)	(70, 19, 4)	nan
(72, 34, 8)	(34, 70, 3)	(70, 19, 7)	nan
(72, 34, 8)	(34, 92, 1)	(92, 19, 4)	nan
(72, 34, 8)	(34, 92, 1)	(92, 19, 6)	nan
(72, 34, 8)	(34, 92, 5)	(92, 19, 4)	nan
(72, 34, 8)	(34, 92, 5)	(92, 19, 6)	nan
(72, 34, 8)	(34, 41, 7)	(41, 19, 4)	nan
(72, 34, 8)	(34, 41, 7)	(41, 19, 3)	nan
(72, 34, 8)	(34, 35, 8)	(35, 19, 4)	nan
(72, 34, 8)	(34, 35, 8)	(35, 19, 7)	nan
(72, 34, 3)	(34, 19, 4)	nan
(72, 34, 3)	(34, 19, 3)	nan
(72, 34, 3)	(34, 91, 1)	(91, 19, 1)	nan
(72, 34, 3)	(34, 67, 2)	(67, 19, 4)	nan
(72, 34, 3)	(34, 70, 3)	(70, 19, 4)	nan
(72, 34, 3)	(34, 70, 3)	(70, 19, 7)	nan
(72, 34, 3)	(34, 92, 1)	(92, 19, 4)	nan
(72, 34, 3)	(34, 92, 1)	(92, 19, 6)	nan
(72, 34, 3)	(34, 92, 5)	(92, 19, 4)	nan
(72, 34, 3)	(34, 92, 5)	(92, 19, 6)	nan
(72, 34, 3)	(34, 41, 7)	(41, 19, 4)	nan
(72, 34, 3)	(34, 41, 7)	(41, 19, 3)	nan
(72, 34, 3)	(34, 35, 8)	(35, 19, 4)	nan
(72, 34, 3)	(34, 35, 8)	(35, 19, 7)	nan
(72, 58, 7)	(58, 35, 8)	(35, 19, 4)	nan
(72, 58, 7)	(58, 35, 8)	(35, 19, 7)	nan
(72, 58, 7)	(58, 35, 2)	(35, 19, 4)	nan
(72, 58, 7)	(58, 35, 2)	(35, 19, 7)	nan
(72, 58, 7)	(58, 19, 4)	nan
(72, 58, 7)	(58, 19, 4)	nan
(72, 58, 7)	(58, 19, 8)	nan
(72, 58, 7)	(58, 90, 3)	(90, 19, 4)	nan
(72, 58, 7)	(58, 90, 3)	(90, 19, 0)	nan
(72, 58, 7)	(58, 90, 3)	(90, 19, 8)	nan
(72, 58, 7)	(58, 54, 7)	(54, 19, 4)	nan
(72, 58, 7)	(58, 54, 7)	(54, 19, 3)	nan
(72, 58, 7)	(58, 34, 8)	(34, 19, 4)	nan
(72, 58, 7)	(58, 34, 8)	(34, 19, 3)	nan
(72, 58, 7)	(58, 46, 7)	(46, 19, 4)	nan
(72, 58, 7)	(58, 46, 7)	(46, 19, 1)	nan
(72, 58, 7)	(58, 37, 2)	(37, 19, 4)	nan
(72, 58, 7)	(58, 37, 2)	(37, 19, 4)	nan
