(72, 34, 8)	(34, 3, 0)	nan
(72, 34, 8)	(34, 41, 7)	(41, 3, 0)	nan
(72, 34, 8)	(34, 41, 7)	(41, 3, 0)	nan
(72, 34, 8)	(34, 41, 7)	(41, 3, 3)	nan
(72, 34, 8)	(34, 35, 8)	(35, 3, 0)	nan
(72, 34, 3)	(34, 3, 0)	nan
(72, 34, 3)	(34, 41, 7)	(41, 3, 0)	nan
(72, 34, 3)	(34, 41, 7)	(41, 3, 0)	nan
(72, 34, 3)	(34, 41, 7)	(41, 3, 3)	nan
(72, 34, 3)	(34, 35, 8)	(35, 3, 0)	nan
(72, 58, 7)	(58, 35, 8)	(35, 3, 0)	nan
(72, 58, 7)	(58, 35, 2)	(35, 3, 0)	nan
(72, 58, 7)	(58, 3, 0)	nan
(72, 58, 7)	(58, 90, 3)	(90, 3, 0)	nan
(72, 58, 7)	(58, 90, 3)	(90, 3, 7)	nan
(72, 58, 7)	(58, 34, 8)	(34, 3, 0)	nan
(72, 58, 7)	(58, 44, 1)	(44, 3, 0)	nan
(72, 58, 7)	(58, 46, 7)	(46, 3, 0)	nan
(72, 58, 7)	(58, 46, 7)	(46, 3, 6)	nan
(72, 58, 7)	(58, 37, 2)	(37, 3, 0)	nan
(72, 58, 7)	(58, 71, 5)	(71, 3, 0)	nan
(72, 58, 7)	(58, 68, 2)	(68, 3, 5)	nan
(72, 46, 5)	(46, 3, 0)	nan
(72, 46, 5)	(46, 3, 6)	nan
(72, 46, 5)	(46, 30, 8)	(30, 3, 0)	nan
(72, 46, 5)	(46, 30, 8)	(30, 3, 3)	nan
(72, 46, 5)	(46, 74, 0)	(74, 3, 0)	nan
(72, 46, 5)	(46, 29, 8)	(29, 3, 0)	nan
(72, 46, 5)	(46, 69, 0)	(69, 3, 8)	nan
(72, 46, 5)	(46, 47, 8)	(47, 3, 0)	nan
(72, 46, 5)	(46, 47, 8)	(47, 3, 1)	nan
