(72, 8, 7)	nan
(72, 8, 2)	nan
(72, 34, 8)	(34, 8, 1)	nan
(72, 34, 8)	(34, 8, 1)	nan
(72, 34, 8)	(34, 8, 2)	nan
(72, 34, 8)	(34, 8, 4)	nan
(72, 34, 8)	(34, 91, 1)	(91, 8, 1)	nan
(72, 34, 8)	(34, 91, 1)	(91, 8, 1)	nan
(72, 34, 8)	(34, 67, 2)	(67, 8, 1)	nan
(72, 34, 8)	(34, 70, 3)	(70, 8, 1)	nan
(72, 34, 8)	(34, 70, 3)	(70, 8, 1)	nan
(72, 34, 8)	(34, 70, 3)	(70, 8, 0)	nan
(72, 34, 8)	(34, 41, 7)	(41, 8, 1)	nan
(72, 34, 8)	(34, 41, 7)	(41, 8, 5)	nan
(72, 34, 8)	(34, 33, 8)	(33, 8, 1)	nan
(72, 34, 8)	(34, 33, 8)	(33, 8, 1)	nan
(72, 34, 8)	(34, 33, 8)	(33, 8, 3)	nan
(72, 34, 8)	(34, 33, 8)	(33, 8, 6)	nan
(72, 34, 8)	(34, 33, 8)	(33, 8, 7)	nan
(72, 34, 8)	(34, 35, 8)	(35, 8, 1)	nan
(72, 34, 8)	(34, 35, 8)	(35, 8, 4)	nan
(72, 34, 3)	(34, 8, 1)	nan
(72, 34, 3)	(34, 8, 1)	nan
(72, 34, 3)	(34, 8, 2)	nan
(72, 34, 3)	(34, 8, 4)	nan
(72, 34, 3)	(34, 91, 1)	(91, 8, 1)	nan
(72, 34, 3)	(34, 91, 1)	(91, 8, 1)	nan
(72, 34, 3)	(34, 67, 2)	(67, 8, 1)	nan
(72, 34, 3)	(34, 70, 3)	(70, 8, 1)	nan
(72, 34, 3)	(34, 70, 3)	(70, 8, 1)	nan
(72, 34, 3)	(34, 70, 3)	(70, 8, 0)	nan
(72, 34, 3)	(34, 41, 7)	(41, 8, 1)	nan
(72, 34, 3)	(34, 41, 7)	(41, 8, 5)	nan
(72, 34, 3)	(34, 33, 8)	(33, 8, 1)	nan
(72, 34, 3)	(34, 33, 8)	(33, 8, 1)	nan
(72, 34, 3)	(34, 33, 8)	(33, 8, 3)	nan
(72, 34, 3)	(34, 33, 8)	(33, 8, 6)	nan
(72, 34, 3)	(34, 33, 8)	(33, 8, 7)	nan
(72, 34, 3)	(34, 35, 8)	(35, 8, 1)	nan
(72, 34, 3)	(34, 35, 8)	(35, 8, 4)	nan
(72, 58, 7)	(58, 35, 8)	(35, 8, 1)	nan
(72, 58, 7)	(58, 35, 8)	(35, 8, 4)	nan
(72, 58, 7)	(58, 35, 2)	(35, 8, 1)	nan
(72, 58, 7)	(58, 35, 2)	(35, 8, 4)	nan
(72, 58, 7)	(58, 90, 3)	(90, 8, 1)	nan
(72, 58, 7)	(58, 90, 3)	(90, 8, 5)	nan
(72, 58, 7)	(58, 54, 7)	(54, 8, 1)	nan
(72, 58, 7)	(58, 54, 7)	(54, 8, 1)	nan
(72, 58, 7)	(58, 54, 7)	(54, 8, 4)	nan
(72, 58, 7)	(58, 54, 7)	(54, 8, 0)	nan
