(73, 29, 8)	(29, 12, 3)	nan
(73, 29, 8)	(29, 12, 4)	nan
(73, 29, 8)	(29, 35, 1)	(35, 12, 3)	nan
(73, 29, 8)	(29, 35, 1)	(35, 12, 3)	nan
(73, 29, 8)	(29, 35, 1)	(35, 12, 4)	nan
(73, 29, 8)	(29, 86, 1)	(86, 12, 7)	nan
(73, 29, 8)	(29, 12, 3)	nan
(73, 29, 8)	(29, 12, 4)	nan
(73, 29, 8)	(29, 35, 1)	(35, 12, 3)	nan
(73, 29, 8)	(29, 35, 1)	(35, 12, 3)	nan
(73, 29, 8)	(29, 35, 1)	(35, 12, 4)	nan
(73, 29, 8)	(29, 86, 1)	(86, 12, 7)	nan
(73, 29, 4)	(29, 12, 3)	nan
(73, 29, 4)	(29, 12, 4)	nan
(73, 29, 4)	(29, 35, 1)	(35, 12, 3)	nan
(73, 29, 4)	(29, 35, 1)	(35, 12, 3)	nan
(73, 29, 4)	(29, 35, 1)	(35, 12, 4)	nan
(73, 29, 4)	(29, 86, 1)	(86, 12, 7)	nan
(73, 49, 0)	(49, 12, 3)	nan
(73, 49, 0)	(49, 12, 0)	nan
(73, 49, 0)	(49, 58, 3)	(58, 12, 3)	nan
(73, 49, 0)	(49, 58, 3)	(58, 12, 3)	nan
(73, 49, 0)	(49, 58, 3)	(58, 12, 1)	nan
(73, 49, 0)	(49, 58, 3)	(58, 12, 2)	nan
(73, 49, 0)	(49, 58, 2)	(58, 12, 3)	nan
(73, 49, 0)	(49, 58, 2)	(58, 12, 3)	nan
(73, 49, 0)	(49, 58, 2)	(58, 12, 1)	nan
(73, 49, 0)	(49, 58, 2)	(58, 12, 2)	nan
(73, 49, 0)	(49, 70, 7)	(70, 12, 3)	nan
(73, 45, 1)	(45, 33, 8)	(33, 12, 3)	nan
(73, 45, 1)	(45, 83, 1)	(83, 12, 3)	nan
(73, 45, 1)	(45, 83, 1)	(83, 12, 3)	nan
(73, 45, 1)	(45, 83, 1)	(83, 12, 1)	nan
(73, 45, 1)	(45, 69, 5)	(69, 12, 3)	nan
(73, 45, 1)	(45, 69, 5)	(69, 12, 3)	nan
(73, 45, 1)	(45, 69, 5)	(69, 12, 6)	nan
(73, 45, 1)	(45, 69, 5)	(69, 12, 0)	nan
(73, 45, 1)	(45, 53, 0)	(53, 12, 3)	nan
(73, 45, 1)	(45, 53, 0)	(53, 12, 6)	nan
(73, 33, 8)	(33, 12, 3)	nan
(73, 33, 8)	(33, 54, 2)	(54, 12, 3)	nan
(73, 33, 8)	(33, 54, 2)	(54, 12, 3)	nan
(73, 33, 8)	(33, 54, 2)	(54, 12, 8)	nan
(73, 33, 8)	(33, 54, 2)	(54, 12, 1)	nan
(73, 33, 8)	(33, 54, 2)	(54, 12, 1)	nan
(73, 33, 8)	(33, 87, 3)	(87, 12, 3)	nan
(73, 33, 8)	(33, 29, 2)	(29, 12, 3)	nan
(73, 33, 8)	(33, 29, 2)	(29, 12, 4)	nan
(73, 33, 8)	(33, 12, 3)	nan
(73, 33, 8)	(33, 54, 2)	(54, 12, 3)	nan
(73, 33, 8)	(33, 54, 2)	(54, 12, 3)	nan
