(73, 29, 8)	(29, 1, 0)	nan
(73, 29, 8)	(29, 88, 0)	(88, 1, 0)	nan
(73, 29, 8)	(29, 35, 1)	(35, 1, 0)	nan
(73, 29, 8)	(29, 61, 7)	(61, 1, 0)	nan
(73, 29, 8)	(29, 61, 7)	(61, 1, 0)	nan
(73, 29, 8)	(29, 1, 0)	nan
(73, 29, 8)	(29, 88, 0)	(88, 1, 0)	nan
(73, 29, 8)	(29, 35, 1)	(35, 1, 0)	nan
(73, 29, 8)	(29, 61, 7)	(61, 1, 0)	nan
(73, 29, 8)	(29, 61, 7)	(61, 1, 0)	nan
(73, 29, 4)	(29, 1, 0)	nan
(73, 29, 4)	(29, 88, 0)	(88, 1, 0)	nan
(73, 29, 4)	(29, 35, 1)	(35, 1, 0)	nan
(73, 29, 4)	(29, 61, 7)	(61, 1, 0)	nan
(73, 29, 4)	(29, 61, 7)	(61, 1, 0)	nan
(73, 1, 0)	nan
(73, 1, 6)	nan
(73, 49, 0)	(49, 41, 2)	(41, 1, 0)	nan
(73, 49, 0)	(49, 41, 2)	(41, 1, 7)	nan
(73, 49, 0)	(49, 58, 3)	(58, 1, 0)	nan
(73, 49, 0)	(49, 58, 2)	(58, 1, 0)	nan
(73, 49, 0)	(49, 1, 0)	nan
(73, 49, 0)	(49, 1, 0)	nan
(73, 49, 0)	(49, 92, 5)	(92, 1, 0)	nan
(73, 49, 0)	(49, 70, 7)	(70, 1, 0)	nan
(73, 49, 0)	(49, 70, 7)	(70, 1, 0)	nan
(73, 45, 1)	(45, 33, 8)	(33, 1, 0)	nan
(73, 45, 1)	(45, 33, 8)	(33, 1, 0)	nan
(73, 45, 1)	(45, 33, 8)	(33, 1, 3)	nan
(73, 45, 1)	(45, 61, 1)	(61, 1, 0)	nan
(73, 45, 1)	(45, 61, 1)	(61, 1, 0)	nan
(73, 45, 1)	(45, 83, 1)	(83, 1, 0)	nan
(73, 45, 1)	(45, 83, 1)	(83, 1, 0)	nan
(73, 45, 1)	(45, 83, 1)	(83, 1, 1)	nan
(73, 45, 1)	(45, 69, 5)	(69, 1, 0)	nan
(73, 45, 1)	(45, 69, 5)	(69, 1, 0)	nan
(73, 45, 1)	(45, 69, 5)	(69, 1, 0)	nan
(73, 45, 1)	(45, 69, 5)	(69, 1, 0)	nan
(73, 45, 1)	(45, 37, 0)	(37, 1, 0)	nan
(73, 45, 1)	(45, 37, 0)	(37, 1, 5)	nan
(73, 45, 1)	(45, 53, 0)	(53, 1, 0)	nan
(73, 45, 1)	(45, 62, 1)	(62, 1, 0)	nan
(73, 45, 1)	(45, 46, 0)	(46, 1, 0)	nan
(73, 45, 1)	(45, 46, 0)	(46, 1, 0)	nan
(73, 45, 1)	(45, 46, 0)	(46, 1, 3)	nan
(73, 45, 1)	(45, 46, 0)	(46, 1, 5)	nan
(73, 33, 8)	(33, 1, 0)	nan
(73, 33, 8)	(33, 1, 0)	nan
(73, 33, 8)	(33, 1, 3)	nan
(73, 33, 8)	(33, 74, 0)	(74, 1, 0)	nan
