(73, 29, 8)	(29, 10, 2)	nan
(73, 29, 8)	(29, 10, 2)	nan
(73, 29, 8)	(29, 10, 5)	nan
(73, 29, 8)	(29, 10, 4)	nan
(73, 29, 8)	(29, 35, 1)	(35, 10, 2)	nan
(73, 29, 8)	(29, 35, 1)	(35, 10, 5)	nan
(73, 29, 8)	(29, 52, 7)	(52, 10, 2)	nan
(73, 29, 8)	(29, 52, 7)	(52, 10, 2)	nan
(73, 29, 8)	(29, 52, 7)	(52, 10, 2)	nan
(73, 29, 8)	(29, 76, 3)	(76, 10, 2)	nan
(73, 29, 8)	(29, 61, 7)	(61, 10, 2)	nan
(73, 29, 8)	(29, 61, 7)	(61, 10, 2)	nan
(73, 29, 8)	(29, 10, 2)	nan
(73, 29, 8)	(29, 10, 2)	nan
(73, 29, 8)	(29, 10, 5)	nan
(73, 29, 8)	(29, 10, 4)	nan
(73, 29, 8)	(29, 35, 1)	(35, 10, 2)	nan
(73, 29, 8)	(29, 35, 1)	(35, 10, 5)	nan
(73, 29, 8)	(29, 52, 7)	(52, 10, 2)	nan
(73, 29, 8)	(29, 52, 7)	(52, 10, 2)	nan
(73, 29, 8)	(29, 52, 7)	(52, 10, 2)	nan
(73, 29, 8)	(29, 76, 3)	(76, 10, 2)	nan
(73, 29, 8)	(29, 61, 7)	(61, 10, 2)	nan
(73, 29, 8)	(29, 61, 7)	(61, 10, 2)	nan
(73, 29, 4)	(29, 10, 2)	nan
(73, 29, 4)	(29, 10, 2)	nan
(73, 29, 4)	(29, 10, 5)	nan
(73, 29, 4)	(29, 10, 4)	nan
(73, 29, 4)	(29, 35, 1)	(35, 10, 2)	nan
(73, 29, 4)	(29, 35, 1)	(35, 10, 5)	nan
(73, 29, 4)	(29, 52, 7)	(52, 10, 2)	nan
(73, 29, 4)	(29, 52, 7)	(52, 10, 2)	nan
(73, 29, 4)	(29, 52, 7)	(52, 10, 2)	nan
(73, 29, 4)	(29, 76, 3)	(76, 10, 2)	nan
(73, 29, 4)	(29, 61, 7)	(61, 10, 2)	nan
(73, 29, 4)	(29, 61, 7)	(61, 10, 2)	nan
(73, 10, 2)	nan
(73, 10, 7)	nan
(73, 49, 0)	(49, 10, 2)	nan
(73, 49, 0)	(49, 10, 2)	nan
(73, 49, 0)	(49, 10, 5)	nan
(73, 49, 0)	(49, 10, 6)	nan
(73, 49, 0)	(49, 41, 2)	(41, 10, 2)	nan
(73, 49, 0)	(49, 41, 2)	(41, 10, 2)	nan
(73, 49, 0)	(49, 41, 2)	(41, 10, 2)	nan
(73, 49, 0)	(49, 41, 2)	(41, 10, 2)	nan
(73, 49, 0)	(49, 58, 3)	(58, 10, 2)	nan
(73, 49, 0)	(49, 58, 3)	(58, 10, 2)	nan
(73, 49, 0)	(49, 58, 3)	(58, 10, 6)	nan
(73, 49, 0)	(49, 58, 3)	(58, 10, 4)	nan
(73, 49, 0)	(49, 58, 3)	(58, 10, 4)	nan
