(73, 29, 8)	(29, 11, 2)	nan
(73, 29, 8)	(29, 11, 2)	nan
(73, 29, 8)	(29, 11, 7)	nan
(73, 29, 8)	(29, 88, 0)	(88, 11, 2)	nan
(73, 29, 8)	(29, 88, 0)	(88, 11, 1)	nan
(73, 29, 8)	(29, 35, 1)	(35, 11, 2)	nan
(73, 29, 8)	(29, 35, 1)	(35, 11, 8)	nan
(73, 29, 8)	(29, 52, 7)	(52, 11, 2)	nan
(73, 29, 8)	(29, 52, 7)	(52, 11, 2)	nan
(73, 29, 8)	(29, 52, 7)	(52, 11, 6)	nan
(73, 29, 8)	(29, 76, 3)	(76, 11, 2)	nan
(73, 29, 8)	(29, 76, 3)	(76, 11, 7)	nan
(73, 29, 8)	(29, 86, 1)	(86, 11, 2)	nan
(73, 29, 8)	(29, 86, 1)	(86, 11, 2)	nan
(73, 29, 8)	(29, 86, 1)	(86, 11, 5)	nan
(73, 29, 8)	(29, 86, 1)	(86, 11, 5)	nan
(73, 29, 8)	(29, 61, 7)	(61, 11, 2)	nan
(73, 29, 8)	(29, 61, 7)	(61, 11, 2)	nan
(73, 29, 8)	(29, 61, 7)	(61, 11, 5)	nan
(73, 29, 8)	(29, 11, 2)	nan
(73, 29, 8)	(29, 11, 2)	nan
(73, 29, 8)	(29, 11, 7)	nan
(73, 29, 8)	(29, 88, 0)	(88, 11, 2)	nan
(73, 29, 8)	(29, 88, 0)	(88, 11, 1)	nan
(73, 29, 8)	(29, 35, 1)	(35, 11, 2)	nan
(73, 29, 8)	(29, 35, 1)	(35, 11, 8)	nan
(73, 29, 8)	(29, 52, 7)	(52, 11, 2)	nan
(73, 29, 8)	(29, 52, 7)	(52, 11, 2)	nan
(73, 29, 8)	(29, 52, 7)	(52, 11, 6)	nan
(73, 29, 8)	(29, 76, 3)	(76, 11, 2)	nan
(73, 29, 8)	(29, 76, 3)	(76, 11, 7)	nan
(73, 29, 8)	(29, 86, 1)	(86, 11, 2)	nan
(73, 29, 8)	(29, 86, 1)	(86, 11, 2)	nan
(73, 29, 8)	(29, 86, 1)	(86, 11, 5)	nan
(73, 29, 8)	(29, 86, 1)	(86, 11, 5)	nan
(73, 29, 8)	(29, 61, 7)	(61, 11, 2)	nan
(73, 29, 8)	(29, 61, 7)	(61, 11, 2)	nan
(73, 29, 8)	(29, 61, 7)	(61, 11, 5)	nan
(73, 29, 4)	(29, 11, 2)	nan
(73, 29, 4)	(29, 11, 2)	nan
(73, 29, 4)	(29, 11, 7)	nan
(73, 29, 4)	(29, 88, 0)	(88, 11, 2)	nan
(73, 29, 4)	(29, 88, 0)	(88, 11, 1)	nan
(73, 29, 4)	(29, 35, 1)	(35, 11, 2)	nan
(73, 29, 4)	(29, 35, 1)	(35, 11, 8)	nan
(73, 29, 4)	(29, 52, 7)	(52, 11, 2)	nan
(73, 29, 4)	(29, 52, 7)	(52, 11, 2)	nan
(73, 29, 4)	(29, 52, 7)	(52, 11, 6)	nan
(73, 29, 4)	(29, 76, 3)	(76, 11, 2)	nan
(73, 29, 4)	(29, 76, 3)	(76, 11, 7)	nan
(73, 29, 4)	(29, 86, 1)	(86, 11, 2)	nan
