(73, 29, 8)	(29, 50, 5)	(50, 22, 5)	nan
(73, 29, 8)	(29, 50, 5)	(50, 22, 5)	nan
(73, 29, 8)	(29, 50, 5)	(50, 22, 0)	nan
(73, 29, 8)	(29, 22, 5)	nan
(73, 29, 8)	(29, 22, 5)	nan
(73, 29, 8)	(29, 22, 5)	nan
(73, 29, 8)	(29, 22, 5)	nan
(73, 29, 8)	(29, 35, 1)	(35, 22, 5)	nan
(73, 29, 8)	(29, 35, 1)	(35, 22, 5)	nan
(73, 29, 8)	(29, 35, 1)	(35, 22, 3)	nan
(73, 29, 8)	(29, 52, 7)	(52, 22, 5)	nan
(73, 29, 8)	(29, 52, 7)	(52, 22, 5)	nan
(73, 29, 8)	(29, 52, 7)	(52, 22, 0)	nan
(73, 29, 8)	(29, 52, 7)	(52, 22, 2)	nan
(73, 29, 8)	(29, 76, 3)	(76, 22, 5)	nan
(73, 29, 8)	(29, 86, 1)	(86, 22, 5)	nan
(73, 29, 8)	(29, 61, 7)	(61, 22, 5)	nan
(73, 29, 8)	(29, 61, 7)	(61, 22, 7)	nan
(73, 29, 8)	(29, 50, 5)	(50, 22, 5)	nan
(73, 29, 8)	(29, 50, 5)	(50, 22, 5)	nan
(73, 29, 8)	(29, 50, 5)	(50, 22, 0)	nan
(73, 29, 8)	(29, 22, 5)	nan
(73, 29, 8)	(29, 22, 5)	nan
(73, 29, 8)	(29, 22, 5)	nan
(73, 29, 8)	(29, 22, 5)	nan
(73, 29, 8)	(29, 35, 1)	(35, 22, 5)	nan
(73, 29, 8)	(29, 35, 1)	(35, 22, 5)	nan
(73, 29, 8)	(29, 35, 1)	(35, 22, 3)	nan
(73, 29, 8)	(29, 52, 7)	(52, 22, 5)	nan
(73, 29, 8)	(29, 52, 7)	(52, 22, 5)	nan
(73, 29, 8)	(29, 52, 7)	(52, 22, 0)	nan
(73, 29, 8)	(29, 52, 7)	(52, 22, 2)	nan
(73, 29, 8)	(29, 76, 3)	(76, 22, 5)	nan
(73, 29, 8)	(29, 86, 1)	(86, 22, 5)	nan
(73, 29, 8)	(29, 61, 7)	(61, 22, 5)	nan
(73, 29, 8)	(29, 61, 7)	(61, 22, 7)	nan
(73, 29, 4)	(29, 50, 5)	(50, 22, 5)	nan
(73, 29, 4)	(29, 50, 5)	(50, 22, 5)	nan
(73, 29, 4)	(29, 50, 5)	(50, 22, 0)	nan
(73, 29, 4)	(29, 22, 5)	nan
(73, 29, 4)	(29, 22, 5)	nan
(73, 29, 4)	(29, 22, 5)	nan
(73, 29, 4)	(29, 22, 5)	nan
(73, 29, 4)	(29, 35, 1)	(35, 22, 5)	nan
(73, 29, 4)	(29, 35, 1)	(35, 22, 5)	nan
(73, 29, 4)	(29, 35, 1)	(35, 22, 3)	nan
(73, 29, 4)	(29, 52, 7)	(52, 22, 5)	nan
(73, 29, 4)	(29, 52, 7)	(52, 22, 5)	nan
(73, 29, 4)	(29, 52, 7)	(52, 22, 0)	nan
(73, 29, 4)	(29, 52, 7)	(52, 22, 2)	nan
(73, 29, 4)	(29, 76, 3)	(76, 22, 5)	nan
