(73, 29, 8)	(29, 28, 7)	nan
(73, 29, 8)	(29, 28, 3)	nan
(73, 29, 8)	(29, 50, 5)	(50, 28, 7)	nan
(73, 29, 8)	(29, 50, 5)	(50, 28, 5)	nan
(73, 29, 8)	(29, 88, 0)	(88, 28, 7)	nan
(73, 29, 8)	(29, 88, 0)	(88, 28, 3)	nan
(73, 29, 8)	(29, 35, 1)	(35, 28, 7)	nan
(73, 29, 8)	(29, 35, 1)	(35, 28, 1)	nan
(73, 29, 8)	(29, 76, 3)	(76, 28, 7)	nan
(73, 29, 8)	(29, 76, 3)	(76, 28, 0)	nan
(73, 29, 8)	(29, 61, 7)	(61, 28, 7)	nan
(73, 29, 8)	(29, 61, 7)	(61, 28, 7)	nan
(73, 29, 8)	(29, 61, 7)	(61, 28, 4)	nan
(73, 29, 8)	(29, 61, 7)	(61, 28, 3)	nan
(73, 29, 8)	(29, 28, 7)	nan
(73, 29, 8)	(29, 28, 3)	nan
(73, 29, 8)	(29, 50, 5)	(50, 28, 7)	nan
(73, 29, 8)	(29, 50, 5)	(50, 28, 5)	nan
(73, 29, 8)	(29, 88, 0)	(88, 28, 7)	nan
(73, 29, 8)	(29, 88, 0)	(88, 28, 3)	nan
(73, 29, 8)	(29, 35, 1)	(35, 28, 7)	nan
(73, 29, 8)	(29, 35, 1)	(35, 28, 1)	nan
(73, 29, 8)	(29, 76, 3)	(76, 28, 7)	nan
(73, 29, 8)	(29, 76, 3)	(76, 28, 0)	nan
(73, 29, 8)	(29, 61, 7)	(61, 28, 7)	nan
(73, 29, 8)	(29, 61, 7)	(61, 28, 7)	nan
(73, 29, 8)	(29, 61, 7)	(61, 28, 4)	nan
(73, 29, 8)	(29, 61, 7)	(61, 28, 3)	nan
(73, 29, 4)	(29, 28, 7)	nan
(73, 29, 4)	(29, 28, 3)	nan
(73, 29, 4)	(29, 50, 5)	(50, 28, 7)	nan
(73, 29, 4)	(29, 50, 5)	(50, 28, 5)	nan
(73, 29, 4)	(29, 88, 0)	(88, 28, 7)	nan
(73, 29, 4)	(29, 88, 0)	(88, 28, 3)	nan
(73, 29, 4)	(29, 35, 1)	(35, 28, 7)	nan
(73, 29, 4)	(29, 35, 1)	(35, 28, 1)	nan
(73, 29, 4)	(29, 76, 3)	(76, 28, 7)	nan
(73, 29, 4)	(29, 76, 3)	(76, 28, 0)	nan
(73, 29, 4)	(29, 61, 7)	(61, 28, 7)	nan
(73, 29, 4)	(29, 61, 7)	(61, 28, 7)	nan
(73, 29, 4)	(29, 61, 7)	(61, 28, 4)	nan
(73, 29, 4)	(29, 61, 7)	(61, 28, 3)	nan
(73, 28, 7)	nan
(73, 28, 1)	nan
(73, 28, 8)	nan
(73, 49, 0)	(49, 28, 7)	nan
(73, 49, 0)	(49, 28, 7)	nan
(73, 49, 0)	(49, 28, 5)	nan
(73, 49, 0)	(49, 28, 5)	nan
(73, 49, 0)	(49, 28, 1)	nan
