(73, 29, 8)	nan
(73, 29, 4)	nan
(73, 49, 0)	(49, 41, 2)	(41, 29, 5)	nan
(73, 49, 0)	(49, 92, 5)	(92, 29, 7)	nan
(73, 45, 1)	(45, 59, 1)	(59, 29, 3)	nan
(73, 45, 1)	(45, 33, 8)	(33, 29, 2)	nan
(73, 45, 1)	(45, 83, 1)	(83, 29, 8)	nan
(73, 45, 1)	(45, 83, 1)	(83, 29, 2)	nan
(73, 45, 1)	(45, 46, 0)	(46, 29, 8)	nan
(73, 33, 8)	(33, 74, 0)	(74, 29, 8)	nan
(73, 33, 8)	(33, 41, 1)	(41, 29, 5)	nan
(73, 33, 8)	(33, 29, 2)	nan
(73, 33, 8)	(33, 74, 0)	(74, 29, 8)	nan
(73, 33, 8)	(33, 41, 1)	(41, 29, 5)	nan
(73, 33, 8)	(33, 29, 2)	nan
(73, 34, 0)	(34, 59, 7)	(59, 29, 3)	nan
(73, 34, 0)	(34, 59, 3)	(59, 29, 3)	nan
(73, 34, 0)	(34, 59, 3)	(59, 29, 3)	nan
(73, 34, 0)	(34, 92, 1)	(92, 29, 7)	nan
(73, 34, 0)	(34, 92, 5)	(92, 29, 7)	nan
(73, 34, 0)	(34, 41, 7)	(41, 29, 5)	nan
(73, 34, 0)	(34, 33, 8)	(33, 29, 2)	nan
(73, 35, 8)	(35, 74, 5)	(74, 29, 8)	nan
(73, 35, 8)	(35, 56, 1)	(56, 29, 8)	nan
(73, 35, 8)	(35, 52, 3)	(52, 29, 8)	nan
(73, 35, 1)	(35, 74, 5)	(74, 29, 8)	nan
(73, 35, 1)	(35, 56, 1)	(56, 29, 8)	nan
(73, 35, 1)	(35, 52, 3)	(52, 29, 8)	nan
(73, 46, 0)	(46, 74, 0)	(74, 29, 8)	nan
(73, 46, 0)	(46, 29, 8)	nan
(73, 46, 0)	(46, 64, 1)	(64, 29, 8)	nan
(73, 46, 0)	(46, 64, 1)	(64, 29, 8)	nan
(73, 46, 0)	(46, 64, 1)	(64, 29, 4)	nan
(73, 46, 0)	(46, 64, 1)	(64, 29, 6)	nan
(73, 31, 8)	(31, 32, 0)	(32, 29, 3)	nan
(73, 31, 8)	(31, 36, 7)	(36, 29, 7)	nan
(73, 31, 8)	(31, 36, 7)	(36, 29, 8)	nan
(73, 31, 8)	(31, 29, 5)	nan
