(73, 29, 8)	(29, 2, 0)	nan
(73, 29, 8)	(29, 2, 0)	nan
(73, 29, 8)	(29, 2, 8)	nan
(73, 29, 8)	(29, 2, 7)	nan
(73, 29, 8)	(29, 50, 5)	(50, 2, 0)	nan
(73, 29, 8)	(29, 88, 0)	(88, 2, 0)	nan
(73, 29, 8)	(29, 88, 0)	(88, 2, 6)	nan
(73, 29, 8)	(29, 52, 7)	(52, 2, 0)	nan
(73, 29, 8)	(29, 52, 7)	(52, 2, 0)	nan
(73, 29, 8)	(29, 76, 3)	(76, 2, 0)	nan
(73, 29, 8)	(29, 76, 3)	(76, 2, 0)	nan
(73, 29, 8)	(29, 86, 1)	(86, 2, 0)	nan
(73, 29, 8)	(29, 2, 0)	nan
(73, 29, 8)	(29, 2, 0)	nan
(73, 29, 8)	(29, 2, 8)	nan
(73, 29, 8)	(29, 2, 7)	nan
(73, 29, 8)	(29, 50, 5)	(50, 2, 0)	nan
(73, 29, 8)	(29, 88, 0)	(88, 2, 0)	nan
(73, 29, 8)	(29, 88, 0)	(88, 2, 6)	nan
(73, 29, 8)	(29, 52, 7)	(52, 2, 0)	nan
(73, 29, 8)	(29, 52, 7)	(52, 2, 0)	nan
(73, 29, 8)	(29, 76, 3)	(76, 2, 0)	nan
(73, 29, 8)	(29, 76, 3)	(76, 2, 0)	nan
(73, 29, 8)	(29, 86, 1)	(86, 2, 0)	nan
(73, 29, 4)	(29, 2, 0)	nan
(73, 29, 4)	(29, 2, 0)	nan
(73, 29, 4)	(29, 2, 8)	nan
(73, 29, 4)	(29, 2, 7)	nan
(73, 29, 4)	(29, 50, 5)	(50, 2, 0)	nan
(73, 29, 4)	(29, 88, 0)	(88, 2, 0)	nan
(73, 29, 4)	(29, 88, 0)	(88, 2, 6)	nan
(73, 29, 4)	(29, 52, 7)	(52, 2, 0)	nan
(73, 29, 4)	(29, 52, 7)	(52, 2, 0)	nan
(73, 29, 4)	(29, 76, 3)	(76, 2, 0)	nan
(73, 29, 4)	(29, 76, 3)	(76, 2, 0)	nan
(73, 29, 4)	(29, 86, 1)	(86, 2, 0)	nan
(73, 2, 0)	nan
(73, 49, 0)	(49, 41, 2)	(41, 2, 0)	nan
(73, 49, 0)	(49, 58, 3)	(58, 2, 0)	nan
(73, 49, 0)	(49, 58, 2)	(58, 2, 0)	nan
(73, 49, 0)	(49, 78, 7)	(78, 2, 0)	nan
(73, 49, 0)	(49, 78, 7)	(78, 2, 0)	nan
(73, 49, 0)	(49, 70, 7)	(70, 2, 0)	nan
(73, 49, 0)	(49, 2, 0)	nan
(73, 45, 1)	(45, 2, 0)	nan
(73, 45, 1)	(45, 2, 0)	nan
(73, 45, 1)	(45, 2, 6)	nan
(73, 45, 1)	(45, 2, 6)	nan
(73, 45, 1)	(45, 59, 1)	(59, 2, 7)	nan
(73, 45, 1)	(45, 33, 8)	(33, 2, 0)	nan
(73, 45, 1)	(45, 33, 8)	(33, 2, 3)	nan
