(73, 29, 8)	(29, 20, 5)	nan
(73, 29, 8)	(29, 20, 5)	nan
(73, 29, 8)	(29, 20, 4)	nan
(73, 29, 8)	(29, 35, 1)	(35, 20, 5)	nan
(73, 29, 8)	(29, 35, 1)	(35, 20, 7)	nan
(73, 29, 8)	(29, 52, 7)	(52, 20, 5)	nan
(73, 29, 8)	(29, 52, 7)	(52, 20, 5)	nan
(73, 29, 8)	(29, 52, 7)	(52, 20, 7)	nan
(73, 29, 8)	(29, 52, 7)	(52, 20, 1)	nan
(73, 29, 8)	(29, 76, 3)	(76, 20, 5)	nan
(73, 29, 8)	(29, 86, 1)	(86, 20, 5)	nan
(73, 29, 8)	(29, 86, 1)	(86, 20, 5)	nan
(73, 29, 8)	(29, 20, 5)	nan
(73, 29, 8)	(29, 20, 5)	nan
(73, 29, 8)	(29, 20, 4)	nan
(73, 29, 8)	(29, 35, 1)	(35, 20, 5)	nan
(73, 29, 8)	(29, 35, 1)	(35, 20, 7)	nan
(73, 29, 8)	(29, 52, 7)	(52, 20, 5)	nan
(73, 29, 8)	(29, 52, 7)	(52, 20, 5)	nan
(73, 29, 8)	(29, 52, 7)	(52, 20, 7)	nan
(73, 29, 8)	(29, 52, 7)	(52, 20, 1)	nan
(73, 29, 8)	(29, 76, 3)	(76, 20, 5)	nan
(73, 29, 8)	(29, 86, 1)	(86, 20, 5)	nan
(73, 29, 8)	(29, 86, 1)	(86, 20, 5)	nan
(73, 29, 4)	(29, 20, 5)	nan
(73, 29, 4)	(29, 20, 5)	nan
(73, 29, 4)	(29, 20, 4)	nan
(73, 29, 4)	(29, 35, 1)	(35, 20, 5)	nan
(73, 29, 4)	(29, 35, 1)	(35, 20, 7)	nan
(73, 29, 4)	(29, 52, 7)	(52, 20, 5)	nan
(73, 29, 4)	(29, 52, 7)	(52, 20, 5)	nan
(73, 29, 4)	(29, 52, 7)	(52, 20, 7)	nan
(73, 29, 4)	(29, 52, 7)	(52, 20, 1)	nan
(73, 29, 4)	(29, 76, 3)	(76, 20, 5)	nan
(73, 29, 4)	(29, 86, 1)	(86, 20, 5)	nan
(73, 29, 4)	(29, 86, 1)	(86, 20, 5)	nan
(73, 49, 0)	(49, 41, 2)	(41, 20, 5)	nan
(73, 49, 0)	(49, 41, 2)	(41, 20, 5)	nan
(73, 49, 0)	(49, 41, 2)	(41, 20, 3)	nan
(73, 49, 0)	(49, 41, 2)	(41, 20, 0)	nan
(73, 49, 0)	(49, 58, 3)	(58, 20, 5)	nan
(73, 49, 0)	(49, 58, 3)	(58, 20, 8)	nan
(73, 49, 0)	(49, 58, 2)	(58, 20, 5)	nan
(73, 49, 0)	(49, 58, 2)	(58, 20, 8)	nan
(73, 49, 0)	(49, 78, 7)	(78, 20, 5)	nan
(73, 49, 0)	(49, 78, 7)	(78, 20, 5)	nan
(73, 45, 1)	(45, 59, 1)	(59, 20, 5)	nan
(73, 45, 1)	(45, 59, 1)	(59, 20, 5)	nan
(73, 45, 1)	(45, 59, 1)	(59, 20, 5)	nan
(73, 45, 1)	(45, 59, 1)	(59, 20, 5)	nan
(73, 45, 1)	(45, 76, 7)	(76, 20, 5)	nan
