(73, 29, 8)	(29, 35, 1)	(35, 7, 1)	nan
(73, 29, 8)	(29, 35, 1)	(35, 7, 0)	nan
(73, 29, 8)	(29, 52, 7)	(52, 7, 1)	nan
(73, 29, 8)	(29, 52, 7)	(52, 7, 0)	nan
(73, 29, 8)	(29, 76, 3)	(76, 7, 1)	nan
(73, 29, 8)	(29, 76, 3)	(76, 7, 0)	nan
(73, 29, 8)	(29, 86, 1)	(86, 7, 8)	nan
(73, 29, 8)	(29, 35, 1)	(35, 7, 1)	nan
(73, 29, 8)	(29, 35, 1)	(35, 7, 0)	nan
(73, 29, 8)	(29, 52, 7)	(52, 7, 1)	nan
(73, 29, 8)	(29, 52, 7)	(52, 7, 0)	nan
(73, 29, 8)	(29, 76, 3)	(76, 7, 1)	nan
(73, 29, 8)	(29, 76, 3)	(76, 7, 0)	nan
(73, 29, 8)	(29, 86, 1)	(86, 7, 8)	nan
(73, 29, 4)	(29, 35, 1)	(35, 7, 1)	nan
(73, 29, 4)	(29, 35, 1)	(35, 7, 0)	nan
(73, 29, 4)	(29, 52, 7)	(52, 7, 1)	nan
(73, 29, 4)	(29, 52, 7)	(52, 7, 0)	nan
(73, 29, 4)	(29, 76, 3)	(76, 7, 1)	nan
(73, 29, 4)	(29, 76, 3)	(76, 7, 0)	nan
(73, 29, 4)	(29, 86, 1)	(86, 7, 8)	nan
(73, 7, 1)	nan
(73, 7, 0)	nan
(73, 49, 0)	(49, 7, 1)	nan
(73, 49, 0)	(49, 41, 2)	(41, 7, 1)	nan
(73, 49, 0)	(49, 41, 2)	(41, 7, 3)	nan
(73, 49, 0)	(49, 58, 3)	(58, 7, 1)	nan
(73, 49, 0)	(49, 58, 2)	(58, 7, 1)	nan
(73, 49, 0)	(49, 78, 7)	(78, 7, 1)	nan
(73, 49, 0)	(49, 78, 7)	(78, 7, 1)	nan
(73, 45, 1)	(45, 7, 1)	nan
(73, 45, 1)	(45, 7, 1)	nan
(73, 45, 1)	(45, 7, 3)	nan
(73, 45, 1)	(45, 7, 4)	nan
(73, 45, 1)	(45, 59, 1)	(59, 7, 1)	nan
(73, 45, 1)	(45, 59, 1)	(59, 7, 6)	nan
(73, 45, 1)	(45, 59, 1)	(59, 7, 7)	nan
(73, 45, 1)	(45, 76, 7)	(76, 7, 1)	nan
(73, 45, 1)	(45, 76, 7)	(76, 7, 0)	nan
(73, 45, 1)	(45, 83, 1)	(83, 7, 1)	nan
(73, 45, 1)	(45, 83, 1)	(83, 7, 3)	nan
(73, 45, 1)	(45, 69, 5)	(69, 7, 1)	nan
(73, 45, 1)	(45, 69, 5)	(69, 7, 7)	nan
(73, 45, 1)	(45, 37, 0)	(37, 7, 1)	nan
(73, 45, 1)	(45, 37, 0)	(37, 7, 1)	nan
(73, 45, 1)	(45, 53, 0)	(53, 7, 1)	nan
(73, 45, 1)	(45, 53, 0)	(53, 7, 7)	nan
(73, 45, 1)	(45, 62, 1)	(62, 7, 1)	nan
(73, 45, 1)	(45, 62, 1)	(62, 7, 1)	nan
(73, 45, 1)	(45, 62, 1)	(62, 7, 8)	nan
(73, 45, 1)	(45, 46, 0)	(46, 7, 1)	nan
