(74, 33, 8)	(33, 10, 2)	nan
(74, 33, 8)	(33, 54, 2)	(54, 10, 2)	nan
(74, 33, 8)	(33, 54, 2)	(54, 10, 5)	nan
(74, 33, 8)	(33, 41, 1)	(41, 10, 2)	nan
(74, 33, 8)	(33, 41, 1)	(41, 10, 2)	nan
(74, 33, 8)	(33, 41, 1)	(41, 10, 2)	nan
(74, 33, 8)	(33, 41, 1)	(41, 10, 2)	nan
(74, 33, 8)	(33, 29, 2)	(29, 10, 2)	nan
(74, 33, 8)	(33, 29, 2)	(29, 10, 2)	nan
(74, 33, 8)	(33, 29, 2)	(29, 10, 5)	nan
(74, 33, 8)	(33, 29, 2)	(29, 10, 4)	nan
(74, 33, 7)	(33, 10, 2)	nan
(74, 33, 7)	(33, 54, 2)	(54, 10, 2)	nan
(74, 33, 7)	(33, 54, 2)	(54, 10, 5)	nan
(74, 33, 7)	(33, 41, 1)	(41, 10, 2)	nan
(74, 33, 7)	(33, 41, 1)	(41, 10, 2)	nan
(74, 33, 7)	(33, 41, 1)	(41, 10, 2)	nan
(74, 33, 7)	(33, 41, 1)	(41, 10, 2)	nan
(74, 33, 7)	(33, 29, 2)	(29, 10, 2)	nan
(74, 33, 7)	(33, 29, 2)	(29, 10, 2)	nan
(74, 33, 7)	(33, 29, 2)	(29, 10, 5)	nan
(74, 33, 7)	(33, 29, 2)	(29, 10, 4)	nan
(74, 10, 2)	nan
(74, 10, 7)	nan
(74, 76, 5)	(76, 32, 8)	(32, 10, 2)	nan
(74, 76, 5)	(76, 32, 8)	(32, 10, 2)	nan
(74, 76, 5)	(76, 32, 0)	(32, 10, 2)	nan
(74, 76, 5)	(76, 10, 2)	nan
(74, 76, 5)	(76, 35, 8)	(35, 10, 2)	nan
(74, 76, 5)	(76, 35, 8)	(35, 10, 5)	nan
(74, 76, 5)	(76, 35, 8)	(35, 10, 2)	nan
(74, 76, 5)	(76, 35, 8)	(35, 10, 5)	nan
(74, 90, 1)	(90, 71, 0)	(71, 10, 2)	nan
(74, 90, 1)	(90, 70, 5)	(70, 10, 2)	nan
(74, 90, 1)	(90, 55, 0)	(55, 10, 2)	nan
(74, 90, 1)	(90, 55, 0)	(55, 10, 4)	nan
(74, 90, 1)	(90, 63, 7)	(63, 10, 2)	nan
(74, 90, 1)	(90, 63, 7)	(63, 10, 2)	nan
(74, 90, 1)	(90, 85, 0)	(85, 10, 2)	nan
(74, 35, 7)	(35, 10, 2)	nan
(74, 35, 7)	(35, 10, 5)	nan
(74, 35, 7)	(35, 68, 7)	(68, 10, 2)	nan
(74, 35, 7)	(35, 56, 1)	(56, 10, 2)	nan
(74, 35, 7)	(35, 56, 1)	(56, 10, 2)	nan
(74, 35, 7)	(35, 56, 1)	(56, 10, 7)	nan
(74, 35, 7)	(35, 52, 3)	(52, 10, 2)	nan
(74, 35, 7)	(35, 52, 3)	(52, 10, 2)	nan
(74, 35, 7)	(35, 52, 3)	(52, 10, 2)	nan
(74, 51, 7)	(51, 76, 5)	(76, 10, 2)	nan
(74, 51, 7)	(51, 59, 5)	(59, 10, 2)	nan
(74, 51, 7)	(51, 59, 5)	(59, 10, 3)	nan
