(74, 19, 0)	nan
(74, 19, 5)	nan
(74, 19, 1)	nan
(74, 19, 7)	nan
(74, 33, 8)	(33, 54, 2)	(54, 19, 4)	nan
(74, 33, 8)	(33, 54, 2)	(54, 19, 3)	nan
(74, 33, 8)	(33, 87, 3)	(87, 19, 4)	nan
(74, 33, 8)	(33, 41, 1)	(41, 19, 4)	nan
(74, 33, 8)	(33, 41, 1)	(41, 19, 3)	nan
(74, 33, 8)	(33, 84, 0)	(84, 19, 4)	nan
(74, 33, 8)	(33, 84, 0)	(84, 19, 4)	nan
(74, 33, 8)	(33, 84, 0)	(84, 19, 4)	nan
(74, 33, 8)	(33, 29, 2)	(29, 19, 4)	nan
(74, 33, 8)	(33, 29, 2)	(29, 19, 8)	nan
(74, 33, 7)	(33, 54, 2)	(54, 19, 4)	nan
(74, 33, 7)	(33, 54, 2)	(54, 19, 3)	nan
(74, 33, 7)	(33, 87, 3)	(87, 19, 4)	nan
(74, 33, 7)	(33, 41, 1)	(41, 19, 4)	nan
(74, 33, 7)	(33, 41, 1)	(41, 19, 3)	nan
(74, 33, 7)	(33, 84, 0)	(84, 19, 4)	nan
(74, 33, 7)	(33, 84, 0)	(84, 19, 4)	nan
(74, 33, 7)	(33, 84, 0)	(84, 19, 4)	nan
(74, 33, 7)	(33, 29, 2)	(29, 19, 4)	nan
(74, 33, 7)	(33, 29, 2)	(29, 19, 8)	nan
(74, 76, 5)	(76, 32, 8)	(32, 19, 4)	nan
(74, 76, 5)	(76, 32, 8)	(32, 19, 3)	nan
(74, 76, 5)	(76, 32, 8)	(32, 19, 4)	nan
(74, 76, 5)	(76, 32, 8)	(32, 19, 3)	nan
(74, 76, 5)	(76, 32, 0)	(32, 19, 4)	nan
(74, 76, 5)	(76, 32, 0)	(32, 19, 3)	nan
(74, 76, 5)	(76, 19, 4)	nan
(74, 76, 5)	(76, 19, 4)	nan
(74, 76, 5)	(76, 19, 6)	nan
(74, 76, 5)	(76, 19, 6)	nan
(74, 76, 5)	(76, 37, 8)	(37, 19, 4)	nan
(74, 76, 5)	(76, 37, 8)	(37, 19, 4)	nan
(74, 76, 5)	(76, 37, 8)	(37, 19, 4)	nan
(74, 76, 5)	(76, 35, 8)	(35, 19, 4)	nan
(74, 76, 5)	(76, 35, 8)	(35, 19, 7)	nan
(74, 76, 5)	(76, 35, 8)	(35, 19, 4)	nan
(74, 76, 5)	(76, 35, 8)	(35, 19, 7)	nan
(74, 90, 1)	(90, 19, 4)	nan
(74, 90, 1)	(90, 19, 0)	nan
(74, 90, 1)	(90, 19, 8)	nan
(74, 90, 1)	(90, 70, 5)	(70, 19, 4)	nan
(74, 90, 1)	(90, 70, 5)	(70, 19, 7)	nan
(74, 90, 1)	(90, 55, 0)	(55, 19, 4)	nan
(74, 90, 1)	(90, 63, 7)	(63, 19, 4)	nan
(74, 90, 1)	(90, 63, 7)	(63, 19, 4)	nan
