(74, 1, 3)	nan
(74, 33, 8)	(33, 1, 0)	nan
(74, 33, 8)	(33, 1, 0)	nan
(74, 33, 8)	(33, 1, 3)	nan
(74, 33, 8)	(33, 87, 3)	(87, 1, 0)	nan
(74, 33, 8)	(33, 41, 1)	(41, 1, 0)	nan
(74, 33, 8)	(33, 41, 1)	(41, 1, 7)	nan
(74, 33, 8)	(33, 29, 2)	(29, 1, 0)	nan
(74, 33, 7)	(33, 1, 0)	nan
(74, 33, 7)	(33, 1, 0)	nan
(74, 33, 7)	(33, 1, 3)	nan
(74, 33, 7)	(33, 87, 3)	(87, 1, 0)	nan
(74, 33, 7)	(33, 41, 1)	(41, 1, 0)	nan
(74, 33, 7)	(33, 41, 1)	(41, 1, 7)	nan
(74, 33, 7)	(33, 29, 2)	(29, 1, 0)	nan
(74, 76, 5)	(76, 32, 8)	(32, 1, 0)	nan
(74, 76, 5)	(76, 32, 8)	(32, 1, 0)	nan
(74, 76, 5)	(76, 32, 0)	(32, 1, 0)	nan
(74, 76, 5)	(76, 37, 8)	(37, 1, 0)	nan
(74, 76, 5)	(76, 37, 8)	(37, 1, 5)	nan
(74, 76, 5)	(76, 40, 1)	(40, 1, 0)	nan
(74, 76, 5)	(76, 40, 1)	(40, 1, 0)	nan
(74, 76, 5)	(76, 40, 1)	(40, 1, 1)	nan
(74, 76, 5)	(76, 40, 1)	(40, 1, 1)	nan
(74, 76, 5)	(76, 40, 1)	(40, 1, 1)	nan
(74, 76, 5)	(76, 35, 8)	(35, 1, 0)	nan
(74, 76, 5)	(76, 35, 8)	(35, 1, 0)	nan
(74, 90, 1)	(90, 1, 0)	nan
(74, 90, 1)	(90, 1, 0)	nan
(74, 90, 1)	(90, 71, 0)	(71, 1, 0)	nan
(74, 90, 1)	(90, 71, 0)	(71, 1, 0)	nan
(74, 90, 1)	(90, 70, 5)	(70, 1, 0)	nan
(74, 90, 1)	(90, 70, 5)	(70, 1, 0)	nan
(74, 90, 1)	(90, 55, 0)	(55, 1, 0)	nan
(74, 90, 1)	(90, 55, 0)	(55, 1, 0)	nan
(74, 90, 1)	(90, 55, 0)	(55, 1, 0)	nan
(74, 90, 1)	(90, 85, 0)	(85, 1, 0)	nan
(74, 90, 1)	(90, 85, 0)	(85, 1, 0)	nan
(74, 90, 1)	(90, 85, 0)	(85, 1, 0)	nan
(74, 35, 7)	(35, 56, 1)	(56, 1, 0)	nan
(74, 35, 7)	(35, 1, 0)	nan
(74, 35, 7)	(35, 75, 7)	(75, 1, 0)	nan
(74, 35, 7)	(35, 88, 1)	(88, 1, 0)	nan
(74, 51, 7)	(51, 1, 0)	nan
(74, 51, 7)	(51, 81, 7)	(81, 1, 0)	nan
(74, 51, 7)	(51, 81, 7)	(81, 1, 0)	nan
(74, 51, 7)	(51, 81, 7)	(81, 1, 4)	nan
(74, 51, 7)	(51, 81, 7)	(81, 1, 5)	nan
(74, 51, 7)	(51, 65, 1)	(65, 1, 0)	nan
(74, 51, 7)	(51, 65, 1)	(65, 1, 0)	nan
