(74, 33, 8)	(33, 2, 0)	nan
(74, 33, 8)	(33, 2, 3)	nan
(74, 33, 8)	(33, 50, 3)	(50, 2, 0)	nan
(74, 33, 8)	(33, 87, 3)	(87, 2, 0)	nan
(74, 33, 8)	(33, 41, 1)	(41, 2, 0)	nan
(74, 33, 8)	(33, 84, 0)	(84, 2, 0)	nan
(74, 33, 8)	(33, 84, 0)	(84, 2, 6)	nan
(74, 33, 8)	(33, 29, 2)	(29, 2, 0)	nan
(74, 33, 8)	(33, 29, 2)	(29, 2, 0)	nan
(74, 33, 8)	(33, 29, 2)	(29, 2, 8)	nan
(74, 33, 8)	(33, 29, 2)	(29, 2, 7)	nan
(74, 33, 7)	(33, 2, 0)	nan
(74, 33, 7)	(33, 2, 3)	nan
(74, 33, 7)	(33, 50, 3)	(50, 2, 0)	nan
(74, 33, 7)	(33, 87, 3)	(87, 2, 0)	nan
(74, 33, 7)	(33, 41, 1)	(41, 2, 0)	nan
(74, 33, 7)	(33, 84, 0)	(84, 2, 0)	nan
(74, 33, 7)	(33, 84, 0)	(84, 2, 6)	nan
(74, 33, 7)	(33, 29, 2)	(29, 2, 0)	nan
(74, 33, 7)	(33, 29, 2)	(29, 2, 0)	nan
(74, 33, 7)	(33, 29, 2)	(29, 2, 8)	nan
(74, 33, 7)	(33, 29, 2)	(29, 2, 7)	nan
(74, 2, 0)	nan
(74, 76, 5)	(76, 32, 8)	(32, 2, 7)	nan
(74, 76, 5)	(76, 32, 8)	(32, 2, 7)	nan
(74, 76, 5)	(76, 32, 0)	(32, 2, 7)	nan
(74, 76, 5)	(76, 2, 0)	nan
(74, 76, 5)	(76, 2, 0)	nan
(74, 76, 5)	(76, 37, 8)	(37, 2, 0)	nan
(74, 76, 5)	(76, 40, 1)	(40, 2, 0)	nan
(74, 90, 1)	(90, 2, 0)	nan
(74, 90, 1)	(90, 2, 4)	nan
(74, 90, 1)	(90, 70, 5)	(70, 2, 0)	nan
(74, 90, 1)	(90, 55, 0)	(55, 2, 1)	nan
(74, 90, 1)	(90, 30, 7)	(30, 2, 0)	nan
(74, 35, 7)	(35, 68, 7)	(68, 2, 0)	nan
(74, 35, 7)	(35, 68, 7)	(68, 2, 0)	nan
(74, 35, 7)	(35, 56, 1)	(56, 2, 0)	nan
(74, 35, 7)	(35, 30, 8)	(30, 2, 0)	nan
(74, 35, 7)	(35, 52, 3)	(52, 2, 0)	nan
(74, 35, 7)	(35, 52, 3)	(52, 2, 0)	nan
(74, 35, 7)	(35, 75, 7)	(75, 2, 0)	nan
(74, 35, 7)	(35, 75, 7)	(75, 2, 5)	nan
(74, 35, 7)	(35, 88, 1)	(88, 2, 0)	nan
(74, 35, 7)	(35, 88, 1)	(88, 2, 6)	nan
(74, 51, 7)	(51, 76, 5)	(76, 2, 0)	nan
(74, 51, 7)	(51, 76, 5)	(76, 2, 0)	nan
(74, 51, 7)	(51, 59, 5)	(59, 2, 7)	nan
(74, 51, 7)	(51, 2, 7)	nan
(74, 51, 7)	(51, 2, 0)	nan
