(74, 26, 0)	nan
(74, 33, 8)	(33, 26, 7)	nan
(74, 33, 8)	(33, 26, 7)	nan
(74, 33, 8)	(33, 26, 0)	nan
(74, 33, 8)	(33, 26, 4)	nan
(74, 33, 8)	(33, 54, 2)	(54, 26, 7)	nan
(74, 33, 8)	(33, 54, 2)	(54, 26, 7)	nan
(74, 33, 8)	(33, 54, 2)	(54, 26, 3)	nan
(74, 33, 8)	(33, 54, 2)	(54, 26, 4)	nan
(74, 33, 8)	(33, 87, 3)	(87, 26, 7)	nan
(74, 33, 8)	(33, 87, 3)	(87, 26, 0)	nan
(74, 33, 8)	(33, 41, 1)	(41, 26, 7)	nan
(74, 33, 8)	(33, 29, 2)	(29, 26, 7)	nan
(74, 33, 8)	(33, 29, 2)	(29, 26, 2)	nan
(74, 33, 7)	(33, 26, 7)	nan
(74, 33, 7)	(33, 26, 7)	nan
(74, 33, 7)	(33, 26, 0)	nan
(74, 33, 7)	(33, 26, 4)	nan
(74, 33, 7)	(33, 54, 2)	(54, 26, 7)	nan
(74, 33, 7)	(33, 54, 2)	(54, 26, 7)	nan
(74, 33, 7)	(33, 54, 2)	(54, 26, 3)	nan
(74, 33, 7)	(33, 54, 2)	(54, 26, 4)	nan
(74, 33, 7)	(33, 87, 3)	(87, 26, 7)	nan
(74, 33, 7)	(33, 87, 3)	(87, 26, 0)	nan
(74, 33, 7)	(33, 41, 1)	(41, 26, 7)	nan
(74, 33, 7)	(33, 29, 2)	(29, 26, 7)	nan
(74, 33, 7)	(33, 29, 2)	(29, 26, 2)	nan
(74, 76, 5)	(76, 32, 8)	(32, 26, 7)	nan
(74, 76, 5)	(76, 32, 8)	(32, 26, 8)	nan
(74, 76, 5)	(76, 32, 8)	(32, 26, 7)	nan
(74, 76, 5)	(76, 32, 8)	(32, 26, 8)	nan
(74, 76, 5)	(76, 32, 0)	(32, 26, 7)	nan
(74, 76, 5)	(76, 32, 0)	(32, 26, 8)	nan
(74, 76, 5)	(76, 26, 7)	nan
(74, 76, 5)	(76, 26, 7)	nan
(74, 76, 5)	(76, 26, 7)	nan
(74, 76, 5)	(76, 26, 7)	nan
(74, 76, 5)	(76, 26, 7)	nan
(74, 76, 5)	(76, 37, 8)	(37, 26, 7)	nan
(74, 76, 5)	(76, 37, 8)	(37, 26, 7)	nan
(74, 76, 5)	(76, 37, 8)	(37, 26, 4)	nan
(74, 76, 5)	(76, 37, 8)	(37, 26, 4)	nan
(74, 76, 5)	(76, 35, 8)	(35, 26, 7)	nan
(74, 76, 5)	(76, 35, 8)	(35, 26, 7)	nan
(74, 90, 1)	(90, 71, 0)	(71, 26, 7)	nan
(74, 90, 1)	(90, 71, 0)	(71, 26, 3)	nan
(74, 90, 1)	(90, 70, 5)	(70, 26, 7)	nan
(74, 90, 1)	(90, 70, 5)	(70, 26, 1)	nan
(74, 90, 1)	(90, 70, 5)	(70, 26, 6)	nan
(74, 90, 1)	(90, 55, 0)	(55, 26, 7)	nan
