(74, 25, 0)	nan
(74, 33, 8)	(33, 54, 2)	(54, 25, 4)	nan
(74, 33, 8)	(33, 50, 3)	(50, 25, 7)	nan
(74, 33, 8)	(33, 50, 3)	(50, 25, 0)	nan
(74, 33, 8)	(33, 25, 5)	nan
(74, 33, 8)	(33, 41, 1)	(41, 25, 7)	nan
(74, 33, 8)	(33, 84, 0)	(84, 25, 7)	nan
(74, 33, 8)	(33, 29, 2)	(29, 25, 7)	nan
(74, 33, 8)	(33, 29, 2)	(29, 25, 3)	nan
(74, 33, 7)	(33, 54, 2)	(54, 25, 4)	nan
(74, 33, 7)	(33, 50, 3)	(50, 25, 7)	nan
(74, 33, 7)	(33, 50, 3)	(50, 25, 0)	nan
(74, 33, 7)	(33, 25, 5)	nan
(74, 33, 7)	(33, 41, 1)	(41, 25, 7)	nan
(74, 33, 7)	(33, 84, 0)	(84, 25, 7)	nan
(74, 33, 7)	(33, 29, 2)	(29, 25, 7)	nan
(74, 33, 7)	(33, 29, 2)	(29, 25, 3)	nan
(74, 76, 5)	(76, 32, 8)	(32, 25, 7)	nan
(74, 76, 5)	(76, 32, 8)	(32, 25, 7)	nan
(74, 76, 5)	(76, 32, 8)	(32, 25, 6)	nan
(74, 76, 5)	(76, 32, 8)	(32, 25, 0)	nan
(74, 76, 5)	(76, 32, 8)	(32, 25, 7)	nan
(74, 76, 5)	(76, 32, 8)	(32, 25, 7)	nan
(74, 76, 5)	(76, 32, 8)	(32, 25, 6)	nan
(74, 76, 5)	(76, 32, 8)	(32, 25, 0)	nan
(74, 76, 5)	(76, 32, 0)	(32, 25, 7)	nan
(74, 76, 5)	(76, 32, 0)	(32, 25, 7)	nan
(74, 76, 5)	(76, 32, 0)	(32, 25, 6)	nan
(74, 76, 5)	(76, 32, 0)	(32, 25, 0)	nan
(74, 76, 5)	(76, 25, 7)	nan
(74, 76, 5)	(76, 25, 7)	nan
(74, 76, 5)	(76, 25, 7)	nan
(74, 76, 5)	(76, 25, 7)	nan
(74, 76, 5)	(76, 25, 7)	nan
(74, 76, 5)	(76, 25, 7)	nan
(74, 76, 5)	(76, 25, 7)	nan
(74, 76, 5)	(76, 40, 1)	(40, 25, 7)	nan
(74, 76, 5)	(76, 40, 1)	(40, 25, 5)	nan
(74, 90, 1)	(90, 25, 7)	nan
(74, 90, 1)	(90, 71, 0)	(71, 25, 7)	nan
(74, 90, 1)	(90, 71, 0)	(71, 25, 7)	nan
(74, 90, 1)	(90, 71, 0)	(71, 25, 8)	nan
(74, 90, 1)	(90, 55, 0)	(55, 25, 2)	nan
(74, 90, 1)	(90, 63, 7)	(63, 25, 7)	nan
(74, 90, 1)	(90, 63, 7)	(63, 25, 7)	nan
(74, 90, 1)	(90, 63, 7)	(63, 25, 6)	nan
(74, 90, 1)	(90, 85, 0)	(85, 25, 7)	nan
(74, 90, 1)	(90, 85, 0)	(85, 25, 7)	nan
(74, 90, 1)	(90, 85, 0)	(85, 25, 7)	nan
(74, 90, 1)	(90, 85, 0)	(85, 25, 7)	nan
