(74, 21, 0)	nan
(74, 33, 8)	(33, 21, 5)	nan
(74, 33, 8)	(33, 50, 3)	(50, 21, 5)	nan
(74, 33, 8)	(33, 50, 3)	(50, 21, 6)	nan
(74, 33, 8)	(33, 87, 3)	(87, 21, 5)	nan
(74, 33, 8)	(33, 41, 1)	(41, 21, 5)	nan
(74, 33, 8)	(33, 41, 1)	(41, 21, 5)	nan
(74, 33, 8)	(33, 41, 1)	(41, 21, 1)	nan
(74, 33, 8)	(33, 41, 1)	(41, 21, 8)	nan
(74, 33, 8)	(33, 84, 0)	(84, 21, 5)	nan
(74, 33, 8)	(33, 84, 0)	(84, 21, 5)	nan
(74, 33, 8)	(33, 84, 0)	(84, 21, 2)	nan
(74, 33, 8)	(33, 29, 2)	(29, 21, 5)	nan
(74, 33, 8)	(33, 29, 2)	(29, 21, 5)	nan
(74, 33, 8)	(33, 29, 2)	(29, 21, 0)	nan
(74, 33, 8)	(33, 29, 2)	(29, 21, 2)	nan
(74, 33, 7)	(33, 21, 5)	nan
(74, 33, 7)	(33, 50, 3)	(50, 21, 5)	nan
(74, 33, 7)	(33, 50, 3)	(50, 21, 6)	nan
(74, 33, 7)	(33, 87, 3)	(87, 21, 5)	nan
(74, 33, 7)	(33, 41, 1)	(41, 21, 5)	nan
(74, 33, 7)	(33, 41, 1)	(41, 21, 5)	nan
(74, 33, 7)	(33, 41, 1)	(41, 21, 1)	nan
(74, 33, 7)	(33, 41, 1)	(41, 21, 8)	nan
(74, 33, 7)	(33, 84, 0)	(84, 21, 5)	nan
(74, 33, 7)	(33, 84, 0)	(84, 21, 5)	nan
(74, 33, 7)	(33, 84, 0)	(84, 21, 2)	nan
(74, 33, 7)	(33, 29, 2)	(29, 21, 5)	nan
(74, 33, 7)	(33, 29, 2)	(29, 21, 5)	nan
(74, 33, 7)	(33, 29, 2)	(29, 21, 0)	nan
(74, 33, 7)	(33, 29, 2)	(29, 21, 2)	nan
(74, 76, 5)	(76, 21, 5)	nan
(74, 76, 5)	(76, 21, 5)	nan
(74, 76, 5)	(76, 21, 5)	nan
(74, 76, 5)	(76, 21, 5)	nan
(74, 76, 5)	(76, 35, 8)	(35, 21, 5)	nan
(74, 76, 5)	(76, 35, 8)	(35, 21, 3)	nan
(74, 76, 5)	(76, 35, 8)	(35, 21, 5)	nan
(74, 76, 5)	(76, 35, 8)	(35, 21, 3)	nan
(74, 90, 1)	(90, 21, 5)	nan
(74, 90, 1)	(90, 21, 6)	nan
(74, 90, 1)	(90, 71, 0)	(71, 21, 5)	nan
(74, 90, 1)	(90, 71, 0)	(71, 21, 1)	nan
(74, 90, 1)	(90, 55, 0)	(55, 21, 7)	nan
(74, 90, 1)	(90, 63, 7)	(63, 21, 5)	nan
(74, 90, 1)	(90, 63, 7)	(63, 21, 4)	nan
(74, 90, 1)	(90, 85, 0)	(85, 21, 5)	nan
(74, 90, 1)	(90, 85, 0)	(85, 21, 5)	nan
(74, 90, 1)	(90, 85, 0)	(85, 21, 5)	nan
(74, 90, 1)	(90, 85, 0)	(85, 21, 5)	nan
