(74, 33, 8)	(33, 54, 2)	(54, 20, 5)	nan
(74, 33, 8)	(33, 54, 2)	(54, 20, 5)	nan
(74, 33, 8)	(33, 87, 3)	(87, 20, 5)	nan
(74, 33, 8)	(33, 87, 3)	(87, 20, 5)	nan
(74, 33, 8)	(33, 87, 3)	(87, 20, 8)	nan
(74, 33, 8)	(33, 41, 1)	(41, 20, 5)	nan
(74, 33, 8)	(33, 41, 1)	(41, 20, 5)	nan
(74, 33, 8)	(33, 41, 1)	(41, 20, 3)	nan
(74, 33, 8)	(33, 41, 1)	(41, 20, 0)	nan
(74, 33, 8)	(33, 84, 0)	(84, 20, 5)	nan
(74, 33, 8)	(33, 84, 0)	(84, 20, 5)	nan
(74, 33, 8)	(33, 29, 2)	(29, 20, 5)	nan
(74, 33, 8)	(33, 29, 2)	(29, 20, 5)	nan
(74, 33, 8)	(33, 29, 2)	(29, 20, 4)	nan
(74, 33, 7)	(33, 54, 2)	(54, 20, 5)	nan
(74, 33, 7)	(33, 54, 2)	(54, 20, 5)	nan
(74, 33, 7)	(33, 87, 3)	(87, 20, 5)	nan
(74, 33, 7)	(33, 87, 3)	(87, 20, 5)	nan
(74, 33, 7)	(33, 87, 3)	(87, 20, 8)	nan
(74, 33, 7)	(33, 41, 1)	(41, 20, 5)	nan
(74, 33, 7)	(33, 41, 1)	(41, 20, 5)	nan
(74, 33, 7)	(33, 41, 1)	(41, 20, 3)	nan
(74, 33, 7)	(33, 41, 1)	(41, 20, 0)	nan
(74, 33, 7)	(33, 84, 0)	(84, 20, 5)	nan
(74, 33, 7)	(33, 84, 0)	(84, 20, 5)	nan
(74, 33, 7)	(33, 29, 2)	(29, 20, 5)	nan
(74, 33, 7)	(33, 29, 2)	(29, 20, 5)	nan
(74, 33, 7)	(33, 29, 2)	(29, 20, 4)	nan
(74, 20, 5)	nan
(74, 20, 2)	nan
(74, 76, 5)	(76, 37, 8)	(37, 20, 5)	nan
(74, 76, 5)	(76, 37, 8)	(37, 20, 5)	nan
(74, 76, 5)	(76, 35, 8)	(35, 20, 5)	nan
(74, 76, 5)	(76, 35, 8)	(35, 20, 7)	nan
(74, 76, 5)	(76, 35, 8)	(35, 20, 5)	nan
(74, 76, 5)	(76, 35, 8)	(35, 20, 7)	nan
(74, 76, 5)	(76, 20, 5)	nan
(74, 90, 1)	(90, 20, 5)	nan
(74, 90, 1)	(90, 20, 3)	nan
(74, 90, 1)	(90, 71, 0)	(71, 20, 5)	nan
(74, 90, 1)	(90, 71, 0)	(71, 20, 8)	nan
(74, 90, 1)	(90, 55, 0)	(55, 20, 5)	nan
(74, 90, 1)	(90, 55, 0)	(55, 20, 5)	nan
(74, 90, 1)	(90, 63, 7)	(63, 20, 5)	nan
(74, 90, 1)	(90, 63, 7)	(63, 20, 2)	nan
(74, 90, 1)	(90, 85, 0)	(85, 20, 5)	nan
(74, 35, 7)	(35, 20, 5)	nan
(74, 35, 7)	(35, 20, 7)	nan
(74, 35, 7)	(35, 56, 1)	(56, 20, 2)	nan
(74, 35, 7)	(35, 56, 1)	(56, 20, 5)	nan
(74, 35, 7)	(35, 56, 1)	(56, 20, 5)	nan
