(74, 27, 5)	nan
(74, 27, 2)	nan
(74, 33, 8)	(33, 27, 7)	nan
(74, 33, 8)	(33, 27, 0)	nan
(74, 33, 8)	(33, 54, 2)	(54, 27, 7)	nan
(74, 33, 8)	(33, 54, 2)	(54, 27, 4)	nan
(74, 33, 8)	(33, 50, 3)	(50, 27, 7)	nan
(74, 33, 8)	(33, 50, 3)	(50, 27, 2)	nan
(74, 33, 8)	(33, 87, 3)	(87, 27, 7)	nan
(74, 33, 8)	(33, 87, 3)	(87, 27, 7)	nan
(74, 33, 8)	(33, 87, 3)	(87, 27, 3)	nan
(74, 33, 8)	(33, 87, 3)	(87, 27, 5)	nan
(74, 33, 8)	(33, 41, 1)	(41, 27, 7)	nan
(74, 33, 8)	(33, 41, 1)	(41, 27, 7)	nan
(74, 33, 8)	(33, 41, 1)	(41, 27, 4)	nan
(74, 33, 8)	(33, 84, 0)	(84, 27, 7)	nan
(74, 33, 8)	(33, 29, 2)	(29, 27, 7)	nan
(74, 33, 8)	(33, 29, 2)	(29, 27, 5)	nan
(74, 33, 7)	(33, 27, 7)	nan
(74, 33, 7)	(33, 27, 0)	nan
(74, 33, 7)	(33, 54, 2)	(54, 27, 7)	nan
(74, 33, 7)	(33, 54, 2)	(54, 27, 4)	nan
(74, 33, 7)	(33, 50, 3)	(50, 27, 7)	nan
(74, 33, 7)	(33, 50, 3)	(50, 27, 2)	nan
(74, 33, 7)	(33, 87, 3)	(87, 27, 7)	nan
(74, 33, 7)	(33, 87, 3)	(87, 27, 7)	nan
(74, 33, 7)	(33, 87, 3)	(87, 27, 3)	nan
(74, 33, 7)	(33, 87, 3)	(87, 27, 5)	nan
(74, 33, 7)	(33, 41, 1)	(41, 27, 7)	nan
(74, 33, 7)	(33, 41, 1)	(41, 27, 7)	nan
(74, 33, 7)	(33, 41, 1)	(41, 27, 4)	nan
(74, 33, 7)	(33, 84, 0)	(84, 27, 7)	nan
(74, 33, 7)	(33, 29, 2)	(29, 27, 7)	nan
(74, 33, 7)	(33, 29, 2)	(29, 27, 5)	nan
(74, 76, 5)	(76, 27, 7)	nan
(74, 76, 5)	(76, 27, 7)	nan
(74, 76, 5)	(76, 27, 7)	nan
(74, 76, 5)	(76, 27, 7)	nan
(74, 76, 5)	(76, 27, 7)	nan
(74, 76, 5)	(76, 27, 7)	nan
(74, 76, 5)	(76, 27, 7)	nan
(74, 76, 5)	(76, 27, 7)	nan
(74, 76, 5)	(76, 27, 7)	nan
(74, 76, 5)	(76, 27, 7)	nan
(74, 76, 5)	(76, 27, 7)	nan
(74, 76, 5)	(76, 27, 7)	nan
(74, 76, 5)	(76, 40, 1)	(40, 27, 7)	nan
(74, 76, 5)	(76, 40, 1)	(40, 27, 2)	nan
(74, 76, 5)	(76, 35, 8)	(35, 27, 7)	nan
