(74, 33, 8)	(33, 87, 3)	(87, 3, 0)	nan
(74, 33, 8)	(33, 41, 1)	(41, 3, 0)	nan
(74, 33, 8)	(33, 41, 1)	(41, 3, 0)	nan
(74, 33, 8)	(33, 41, 1)	(41, 3, 3)	nan
(74, 33, 8)	(33, 84, 0)	(84, 3, 0)	nan
(74, 33, 8)	(33, 84, 0)	(84, 3, 3)	nan
(74, 33, 8)	(33, 29, 2)	(29, 3, 0)	nan
(74, 33, 7)	(33, 87, 3)	(87, 3, 0)	nan
(74, 33, 7)	(33, 41, 1)	(41, 3, 0)	nan
(74, 33, 7)	(33, 41, 1)	(41, 3, 0)	nan
(74, 33, 7)	(33, 41, 1)	(41, 3, 3)	nan
(74, 33, 7)	(33, 84, 0)	(84, 3, 0)	nan
(74, 33, 7)	(33, 84, 0)	(84, 3, 3)	nan
(74, 33, 7)	(33, 29, 2)	(29, 3, 0)	nan
(74, 76, 5)	(76, 32, 8)	(32, 3, 0)	nan
(74, 76, 5)	(76, 32, 8)	(32, 3, 0)	nan
(74, 76, 5)	(76, 32, 8)	(32, 3, 0)	nan
(74, 76, 5)	(76, 32, 8)	(32, 3, 0)	nan
(74, 76, 5)	(76, 32, 8)	(32, 3, 0)	nan
(74, 76, 5)	(76, 32, 8)	(32, 3, 0)	nan
(74, 76, 5)	(76, 32, 0)	(32, 3, 0)	nan
(74, 76, 5)	(76, 32, 0)	(32, 3, 0)	nan
(74, 76, 5)	(76, 32, 0)	(32, 3, 0)	nan
(74, 76, 5)	(76, 37, 8)	(37, 3, 0)	nan
(74, 76, 5)	(76, 35, 8)	(35, 3, 0)	nan
(74, 76, 5)	(76, 35, 8)	(35, 3, 0)	nan
(74, 76, 5)	(76, 3, 0)	nan
(74, 90, 1)	(90, 3, 0)	nan
(74, 90, 1)	(90, 3, 7)	nan
(74, 90, 1)	(90, 71, 0)	(71, 3, 0)	nan
(74, 90, 1)	(90, 63, 7)	(63, 3, 0)	nan
(74, 90, 1)	(90, 30, 7)	(30, 3, 0)	nan
(74, 90, 1)	(90, 30, 7)	(30, 3, 3)	nan
(74, 35, 7)	(35, 68, 7)	(68, 3, 5)	nan
(74, 35, 7)	(35, 30, 8)	(30, 3, 0)	nan
(74, 35, 7)	(35, 30, 8)	(30, 3, 3)	nan
(74, 35, 7)	(35, 3, 0)	nan
(74, 35, 7)	(35, 52, 3)	(52, 3, 1)	nan
(74, 35, 7)	(35, 88, 1)	(88, 3, 0)	nan
(74, 35, 7)	(35, 88, 1)	(88, 3, 0)	nan
(74, 35, 7)	(35, 88, 1)	(88, 3, 3)	nan
(74, 51, 7)	(51, 76, 5)	(76, 3, 0)	nan
(74, 51, 7)	(51, 3, 0)	nan
(74, 51, 7)	(51, 3, 0)	nan
(74, 51, 7)	(51, 81, 7)	(81, 3, 0)	nan
(74, 51, 7)	(51, 81, 7)	(81, 3, 7)	nan
(74, 51, 7)	(51, 65, 1)	(65, 3, 0)	nan
(74, 51, 7)	(51, 65, 1)	(65, 3, 0)	nan
(74, 51, 7)	(51, 65, 1)	(65, 3, 7)	nan
(74, 29, 8)	(29, 3, 0)	nan
(74, 29, 8)	(29, 88, 0)	(88, 3, 0)	nan
