(74, 6, 3)	nan
(74, 6, 2)	nan
(74, 33, 8)	(33, 54, 2)	(54, 6, 1)	nan
(74, 33, 8)	(33, 54, 2)	(54, 6, 1)	nan
(74, 33, 8)	(33, 54, 2)	(54, 6, 7)	nan
(74, 33, 8)	(33, 50, 3)	(50, 6, 1)	nan
(74, 33, 8)	(33, 50, 3)	(50, 6, 1)	nan
(74, 33, 8)	(33, 50, 3)	(50, 6, 5)	nan
(74, 33, 8)	(33, 50, 3)	(50, 6, 7)	nan
(74, 33, 8)	(33, 87, 3)	(87, 6, 1)	nan
(74, 33, 8)	(33, 87, 3)	(87, 6, 2)	nan
(74, 33, 8)	(33, 41, 1)	(41, 6, 1)	nan
(74, 33, 8)	(33, 41, 1)	(41, 6, 1)	nan
(74, 33, 8)	(33, 41, 1)	(41, 6, 0)	nan
(74, 33, 8)	(33, 41, 1)	(41, 6, 2)	nan
(74, 33, 8)	(33, 84, 0)	(84, 6, 1)	nan
(74, 33, 8)	(33, 84, 0)	(84, 6, 1)	nan
(74, 33, 8)	(33, 84, 0)	(84, 6, 8)	nan
(74, 33, 8)	(33, 84, 0)	(84, 6, 2)	nan
(74, 33, 8)	(33, 29, 2)	(29, 6, 1)	nan
(74, 33, 8)	(33, 29, 2)	(29, 6, 2)	nan
(74, 33, 7)	(33, 54, 2)	(54, 6, 1)	nan
(74, 33, 7)	(33, 54, 2)	(54, 6, 1)	nan
(74, 33, 7)	(33, 54, 2)	(54, 6, 7)	nan
(74, 33, 7)	(33, 50, 3)	(50, 6, 1)	nan
(74, 33, 7)	(33, 50, 3)	(50, 6, 1)	nan
(74, 33, 7)	(33, 50, 3)	(50, 6, 5)	nan
(74, 33, 7)	(33, 50, 3)	(50, 6, 7)	nan
(74, 33, 7)	(33, 87, 3)	(87, 6, 1)	nan
(74, 33, 7)	(33, 87, 3)	(87, 6, 2)	nan
(74, 33, 7)	(33, 41, 1)	(41, 6, 1)	nan
(74, 33, 7)	(33, 41, 1)	(41, 6, 1)	nan
(74, 33, 7)	(33, 41, 1)	(41, 6, 0)	nan
(74, 33, 7)	(33, 41, 1)	(41, 6, 2)	nan
(74, 33, 7)	(33, 84, 0)	(84, 6, 1)	nan
(74, 33, 7)	(33, 84, 0)	(84, 6, 1)	nan
(74, 33, 7)	(33, 84, 0)	(84, 6, 8)	nan
(74, 33, 7)	(33, 84, 0)	(84, 6, 2)	nan
(74, 33, 7)	(33, 29, 2)	(29, 6, 1)	nan
(74, 33, 7)	(33, 29, 2)	(29, 6, 2)	nan
(74, 76, 5)	(76, 6, 1)	nan
(74, 76, 5)	(76, 6, 1)	nan
(74, 76, 5)	(76, 6, 1)	nan
(74, 76, 5)	(76, 6, 1)	nan
(74, 76, 5)	(76, 6, 1)	nan
(74, 76, 5)	(76, 6, 1)	nan
(74, 76, 5)	(76, 6, 1)	nan
(74, 76, 5)	(76, 37, 8)	(37, 6, 7)	nan
(74, 76, 5)	(76, 40, 1)	(40, 6, 1)	nan
