(75, 33, 8)	(33, 0, 0)	nan
(75, 33, 8)	(33, 0, 8)	nan
(75, 33, 8)	(33, 50, 3)	(50, 0, 0)	nan
(75, 33, 8)	(33, 50, 3)	(50, 0, 5)	nan
(75, 33, 8)	(33, 87, 3)	(87, 0, 0)	nan
(75, 33, 8)	(33, 87, 3)	(87, 0, 1)	nan
(75, 33, 8)	(33, 41, 1)	(41, 0, 0)	nan
(75, 33, 8)	(33, 41, 1)	(41, 0, 0)	nan
(75, 33, 8)	(33, 41, 1)	(41, 0, 1)	nan
(75, 33, 8)	(33, 41, 1)	(41, 0, 3)	nan
(75, 33, 8)	(33, 84, 0)	(84, 0, 0)	nan
(75, 33, 8)	(33, 84, 0)	(84, 0, 2)	nan
(75, 33, 8)	(33, 29, 2)	(29, 0, 0)	nan
(75, 33, 8)	(33, 29, 2)	(29, 0, 5)	nan
(75, 33, 8)	(33, 0, 0)	nan
(75, 33, 8)	(33, 0, 8)	nan
(75, 33, 8)	(33, 50, 3)	(50, 0, 0)	nan
(75, 33, 8)	(33, 50, 3)	(50, 0, 5)	nan
(75, 33, 8)	(33, 87, 3)	(87, 0, 0)	nan
(75, 33, 8)	(33, 87, 3)	(87, 0, 1)	nan
(75, 33, 8)	(33, 41, 1)	(41, 0, 0)	nan
(75, 33, 8)	(33, 41, 1)	(41, 0, 0)	nan
(75, 33, 8)	(33, 41, 1)	(41, 0, 1)	nan
(75, 33, 8)	(33, 41, 1)	(41, 0, 3)	nan
(75, 33, 8)	(33, 84, 0)	(84, 0, 0)	nan
(75, 33, 8)	(33, 84, 0)	(84, 0, 2)	nan
(75, 33, 8)	(33, 29, 2)	(29, 0, 0)	nan
(75, 33, 8)	(33, 29, 2)	(29, 0, 5)	nan
(75, 33, 6)	(33, 0, 0)	nan
(75, 33, 6)	(33, 0, 8)	nan
(75, 33, 6)	(33, 50, 3)	(50, 0, 0)	nan
(75, 33, 6)	(33, 50, 3)	(50, 0, 5)	nan
(75, 33, 6)	(33, 87, 3)	(87, 0, 0)	nan
(75, 33, 6)	(33, 87, 3)	(87, 0, 1)	nan
(75, 33, 6)	(33, 41, 1)	(41, 0, 0)	nan
(75, 33, 6)	(33, 41, 1)	(41, 0, 0)	nan
(75, 33, 6)	(33, 41, 1)	(41, 0, 1)	nan
(75, 33, 6)	(33, 41, 1)	(41, 0, 3)	nan
(75, 33, 6)	(33, 84, 0)	(84, 0, 0)	nan
(75, 33, 6)	(33, 84, 0)	(84, 0, 2)	nan
(75, 33, 6)	(33, 29, 2)	(29, 0, 0)	nan
(75, 33, 6)	(33, 29, 2)	(29, 0, 5)	nan
(75, 33, 5)	(33, 0, 0)	nan
(75, 33, 5)	(33, 0, 8)	nan
(75, 33, 5)	(33, 50, 3)	(50, 0, 0)	nan
(75, 33, 5)	(33, 50, 3)	(50, 0, 5)	nan
(75, 33, 5)	(33, 87, 3)	(87, 0, 0)	nan
(75, 33, 5)	(33, 87, 3)	(87, 0, 1)	nan
(75, 33, 5)	(33, 41, 1)	(41, 0, 0)	nan
(75, 33, 5)	(33, 41, 1)	(41, 0, 0)	nan
(75, 33, 5)	(33, 41, 1)	(41, 0, 1)	nan
