(75, 33, 8)	(33, 1, 0)	nan
(75, 33, 8)	(33, 1, 0)	nan
(75, 33, 8)	(33, 1, 3)	nan
(75, 33, 8)	(33, 74, 0)	(74, 1, 0)	nan
(75, 33, 8)	(33, 74, 0)	(74, 1, 3)	nan
(75, 33, 8)	(33, 87, 3)	(87, 1, 0)	nan
(75, 33, 8)	(33, 41, 1)	(41, 1, 0)	nan
(75, 33, 8)	(33, 41, 1)	(41, 1, 7)	nan
(75, 33, 8)	(33, 29, 2)	(29, 1, 0)	nan
(75, 33, 8)	(33, 1, 0)	nan
(75, 33, 8)	(33, 1, 0)	nan
(75, 33, 8)	(33, 1, 3)	nan
(75, 33, 8)	(33, 74, 0)	(74, 1, 0)	nan
(75, 33, 8)	(33, 74, 0)	(74, 1, 3)	nan
(75, 33, 8)	(33, 87, 3)	(87, 1, 0)	nan
(75, 33, 8)	(33, 41, 1)	(41, 1, 0)	nan
(75, 33, 8)	(33, 41, 1)	(41, 1, 7)	nan
(75, 33, 8)	(33, 29, 2)	(29, 1, 0)	nan
(75, 33, 6)	(33, 1, 0)	nan
(75, 33, 6)	(33, 1, 0)	nan
(75, 33, 6)	(33, 1, 3)	nan
(75, 33, 6)	(33, 74, 0)	(74, 1, 0)	nan
(75, 33, 6)	(33, 74, 0)	(74, 1, 3)	nan
(75, 33, 6)	(33, 87, 3)	(87, 1, 0)	nan
(75, 33, 6)	(33, 41, 1)	(41, 1, 0)	nan
(75, 33, 6)	(33, 41, 1)	(41, 1, 7)	nan
(75, 33, 6)	(33, 29, 2)	(29, 1, 0)	nan
(75, 33, 5)	(33, 1, 0)	nan
(75, 33, 5)	(33, 1, 0)	nan
(75, 33, 5)	(33, 1, 3)	nan
(75, 33, 5)	(33, 74, 0)	(74, 1, 0)	nan
(75, 33, 5)	(33, 74, 0)	(74, 1, 3)	nan
(75, 33, 5)	(33, 87, 3)	(87, 1, 0)	nan
(75, 33, 5)	(33, 41, 1)	(41, 1, 0)	nan
(75, 33, 5)	(33, 41, 1)	(41, 1, 7)	nan
(75, 33, 5)	(33, 29, 2)	(29, 1, 0)	nan
(75, 1, 0)	nan
(75, 51, 0)	(51, 1, 0)	nan
(75, 51, 0)	(51, 81, 7)	(81, 1, 0)	nan
(75, 51, 0)	(51, 81, 7)	(81, 1, 0)	nan
(75, 51, 0)	(51, 81, 7)	(81, 1, 4)	nan
(75, 51, 0)	(51, 81, 7)	(81, 1, 5)	nan
(75, 51, 0)	(51, 65, 1)	(65, 1, 0)	nan
(75, 51, 0)	(51, 65, 1)	(65, 1, 0)	nan
(75, 51, 0)	(51, 65, 1)	(65, 1, 4)	nan
(75, 34, 8)	(34, 70, 3)	(70, 1, 0)	nan
(75, 34, 8)	(34, 70, 3)	(70, 1, 0)	nan
(75, 34, 8)	(34, 92, 1)	(92, 1, 0)	nan
(75, 34, 8)	(34, 92, 5)	(92, 1, 0)	nan
(75, 34, 8)	(34, 41, 7)	(41, 1, 0)	nan
(75, 34, 8)	(34, 41, 7)	(41, 1, 7)	nan
