(75, 33, 8)	(33, 26, 7)	nan
(75, 33, 8)	(33, 26, 7)	nan
(75, 33, 8)	(33, 26, 0)	nan
(75, 33, 8)	(33, 26, 4)	nan
(75, 33, 8)	(33, 54, 2)	(54, 26, 7)	nan
(75, 33, 8)	(33, 54, 2)	(54, 26, 7)	nan
(75, 33, 8)	(33, 54, 2)	(54, 26, 3)	nan
(75, 33, 8)	(33, 54, 2)	(54, 26, 4)	nan
(75, 33, 8)	(33, 74, 0)	(74, 26, 7)	nan
(75, 33, 8)	(33, 74, 0)	(74, 26, 0)	nan
(75, 33, 8)	(33, 87, 3)	(87, 26, 7)	nan
(75, 33, 8)	(33, 87, 3)	(87, 26, 0)	nan
(75, 33, 8)	(33, 41, 1)	(41, 26, 7)	nan
(75, 33, 8)	(33, 29, 2)	(29, 26, 7)	nan
(75, 33, 8)	(33, 29, 2)	(29, 26, 2)	nan
(75, 33, 8)	(33, 26, 7)	nan
(75, 33, 8)	(33, 26, 7)	nan
(75, 33, 8)	(33, 26, 0)	nan
(75, 33, 8)	(33, 26, 4)	nan
(75, 33, 8)	(33, 54, 2)	(54, 26, 7)	nan
(75, 33, 8)	(33, 54, 2)	(54, 26, 7)	nan
(75, 33, 8)	(33, 54, 2)	(54, 26, 3)	nan
(75, 33, 8)	(33, 54, 2)	(54, 26, 4)	nan
(75, 33, 8)	(33, 74, 0)	(74, 26, 7)	nan
(75, 33, 8)	(33, 74, 0)	(74, 26, 0)	nan
(75, 33, 8)	(33, 87, 3)	(87, 26, 7)	nan
(75, 33, 8)	(33, 87, 3)	(87, 26, 0)	nan
(75, 33, 8)	(33, 41, 1)	(41, 26, 7)	nan
(75, 33, 8)	(33, 29, 2)	(29, 26, 7)	nan
(75, 33, 8)	(33, 29, 2)	(29, 26, 2)	nan
(75, 33, 6)	(33, 26, 7)	nan
(75, 33, 6)	(33, 26, 7)	nan
(75, 33, 6)	(33, 26, 0)	nan
(75, 33, 6)	(33, 26, 4)	nan
(75, 33, 6)	(33, 54, 2)	(54, 26, 7)	nan
(75, 33, 6)	(33, 54, 2)	(54, 26, 7)	nan
(75, 33, 6)	(33, 54, 2)	(54, 26, 3)	nan
(75, 33, 6)	(33, 54, 2)	(54, 26, 4)	nan
(75, 33, 6)	(33, 74, 0)	(74, 26, 7)	nan
(75, 33, 6)	(33, 74, 0)	(74, 26, 0)	nan
(75, 33, 6)	(33, 87, 3)	(87, 26, 7)	nan
(75, 33, 6)	(33, 87, 3)	(87, 26, 0)	nan
(75, 33, 6)	(33, 41, 1)	(41, 26, 7)	nan
(75, 33, 6)	(33, 29, 2)	(29, 26, 7)	nan
(75, 33, 6)	(33, 29, 2)	(29, 26, 2)	nan
(75, 33, 5)	(33, 26, 7)	nan
(75, 33, 5)	(33, 26, 7)	nan
(75, 33, 5)	(33, 26, 0)	nan
(75, 33, 5)	(33, 26, 4)	nan
(75, 33, 5)	(33, 54, 2)	(54, 26, 7)	nan
(75, 33, 5)	(33, 54, 2)	(54, 26, 7)	nan
