(75, 33, 8)	(33, 2, 0)	nan
(75, 33, 8)	(33, 2, 3)	nan
(75, 33, 8)	(33, 50, 3)	(50, 2, 0)	nan
(75, 33, 8)	(33, 74, 0)	(74, 2, 0)	nan
(75, 33, 8)	(33, 74, 0)	(74, 2, 0)	nan
(75, 33, 8)	(33, 87, 3)	(87, 2, 0)	nan
(75, 33, 8)	(33, 41, 1)	(41, 2, 0)	nan
(75, 33, 8)	(33, 84, 0)	(84, 2, 0)	nan
(75, 33, 8)	(33, 84, 0)	(84, 2, 6)	nan
(75, 33, 8)	(33, 29, 2)	(29, 2, 0)	nan
(75, 33, 8)	(33, 29, 2)	(29, 2, 0)	nan
(75, 33, 8)	(33, 29, 2)	(29, 2, 8)	nan
(75, 33, 8)	(33, 29, 2)	(29, 2, 7)	nan
(75, 33, 8)	(33, 2, 0)	nan
(75, 33, 8)	(33, 2, 3)	nan
(75, 33, 8)	(33, 50, 3)	(50, 2, 0)	nan
(75, 33, 8)	(33, 74, 0)	(74, 2, 0)	nan
(75, 33, 8)	(33, 74, 0)	(74, 2, 0)	nan
(75, 33, 8)	(33, 87, 3)	(87, 2, 0)	nan
(75, 33, 8)	(33, 41, 1)	(41, 2, 0)	nan
(75, 33, 8)	(33, 84, 0)	(84, 2, 0)	nan
(75, 33, 8)	(33, 84, 0)	(84, 2, 6)	nan
(75, 33, 8)	(33, 29, 2)	(29, 2, 0)	nan
(75, 33, 8)	(33, 29, 2)	(29, 2, 0)	nan
(75, 33, 8)	(33, 29, 2)	(29, 2, 8)	nan
(75, 33, 8)	(33, 29, 2)	(29, 2, 7)	nan
(75, 33, 6)	(33, 2, 0)	nan
(75, 33, 6)	(33, 2, 3)	nan
(75, 33, 6)	(33, 50, 3)	(50, 2, 0)	nan
(75, 33, 6)	(33, 74, 0)	(74, 2, 0)	nan
(75, 33, 6)	(33, 74, 0)	(74, 2, 0)	nan
(75, 33, 6)	(33, 87, 3)	(87, 2, 0)	nan
(75, 33, 6)	(33, 41, 1)	(41, 2, 0)	nan
(75, 33, 6)	(33, 84, 0)	(84, 2, 0)	nan
(75, 33, 6)	(33, 84, 0)	(84, 2, 6)	nan
(75, 33, 6)	(33, 29, 2)	(29, 2, 0)	nan
(75, 33, 6)	(33, 29, 2)	(29, 2, 0)	nan
(75, 33, 6)	(33, 29, 2)	(29, 2, 8)	nan
(75, 33, 6)	(33, 29, 2)	(29, 2, 7)	nan
(75, 33, 5)	(33, 2, 0)	nan
(75, 33, 5)	(33, 2, 3)	nan
(75, 33, 5)	(33, 50, 3)	(50, 2, 0)	nan
(75, 33, 5)	(33, 74, 0)	(74, 2, 0)	nan
(75, 33, 5)	(33, 74, 0)	(74, 2, 0)	nan
(75, 33, 5)	(33, 87, 3)	(87, 2, 0)	nan
(75, 33, 5)	(33, 41, 1)	(41, 2, 0)	nan
(75, 33, 5)	(33, 84, 0)	(84, 2, 0)	nan
(75, 33, 5)	(33, 84, 0)	(84, 2, 6)	nan
(75, 33, 5)	(33, 29, 2)	(29, 2, 0)	nan
(75, 33, 5)	(33, 29, 2)	(29, 2, 0)	nan
(75, 33, 5)	(33, 29, 2)	(29, 2, 8)	nan
