(75, 33, 6)	nan
(75, 33, 5)	nan
(75, 51, 0)	(51, 59, 5)	(59, 33, 8)	nan
(75, 51, 0)	(51, 81, 7)	(81, 33, 0)	nan
(75, 51, 0)	(51, 65, 1)	(65, 33, 7)	nan
(75, 51, 0)	(51, 65, 1)	(65, 33, 7)	nan
(75, 34, 8)	(34, 91, 1)	(91, 33, 5)	nan
(75, 34, 8)	(34, 59, 7)	(59, 33, 8)	nan
(75, 34, 8)	(34, 59, 3)	(59, 33, 8)	nan
(75, 34, 8)	(34, 59, 3)	(59, 33, 8)	nan
(75, 34, 8)	(34, 33, 8)	nan
(75, 72, 5)	(72, 34, 8)	(34, 33, 8)	nan
(75, 72, 5)	(72, 34, 3)	(34, 33, 8)	nan
(75, 50, 7)	(50, 34, 8)	(34, 33, 8)	nan
(75, 50, 7)	(50, 78, 8)	(78, 33, 8)	nan
(75, 50, 7)	(50, 78, 8)	(78, 33, 3)	nan
(75, 73, 1)	(73, 45, 1)	(45, 33, 8)	nan
(75, 73, 1)	(73, 33, 8)	nan
(75, 73, 1)	(73, 33, 8)	nan
(75, 73, 1)	(73, 34, 0)	(34, 33, 8)	nan
