(76, 32, 8)	(32, 29, 3)	(29, 10, 2)	nan
(76, 32, 8)	(32, 29, 3)	(29, 10, 2)	nan
(76, 32, 8)	(32, 29, 3)	(29, 10, 5)	nan
(76, 32, 8)	(32, 29, 3)	(29, 10, 4)	nan
(76, 32, 8)	(32, 61, 1)	(61, 10, 2)	nan
(76, 32, 8)	(32, 61, 1)	(61, 10, 2)	nan
(76, 32, 8)	(32, 10, 2)	nan
(76, 32, 8)	(32, 41, 3)	(41, 10, 2)	nan
(76, 32, 8)	(32, 41, 3)	(41, 10, 2)	nan
(76, 32, 8)	(32, 41, 3)	(41, 10, 2)	nan
(76, 32, 8)	(32, 41, 3)	(41, 10, 2)	nan
(76, 32, 8)	(32, 29, 3)	(29, 10, 2)	nan
(76, 32, 8)	(32, 29, 3)	(29, 10, 2)	nan
(76, 32, 8)	(32, 29, 3)	(29, 10, 5)	nan
(76, 32, 8)	(32, 29, 3)	(29, 10, 4)	nan
(76, 32, 8)	(32, 61, 1)	(61, 10, 2)	nan
(76, 32, 8)	(32, 61, 1)	(61, 10, 2)	nan
(76, 32, 8)	(32, 10, 2)	nan
(76, 32, 8)	(32, 41, 3)	(41, 10, 2)	nan
(76, 32, 8)	(32, 41, 3)	(41, 10, 2)	nan
(76, 32, 8)	(32, 41, 3)	(41, 10, 2)	nan
(76, 32, 8)	(32, 41, 3)	(41, 10, 2)	nan
(76, 32, 0)	(32, 29, 3)	(29, 10, 2)	nan
(76, 32, 0)	(32, 29, 3)	(29, 10, 2)	nan
(76, 32, 0)	(32, 29, 3)	(29, 10, 5)	nan
(76, 32, 0)	(32, 29, 3)	(29, 10, 4)	nan
(76, 32, 0)	(32, 61, 1)	(61, 10, 2)	nan
(76, 32, 0)	(32, 61, 1)	(61, 10, 2)	nan
(76, 32, 0)	(32, 10, 2)	nan
(76, 32, 0)	(32, 41, 3)	(41, 10, 2)	nan
(76, 32, 0)	(32, 41, 3)	(41, 10, 2)	nan
(76, 32, 0)	(32, 41, 3)	(41, 10, 2)	nan
(76, 32, 0)	(32, 41, 3)	(41, 10, 2)	nan
(76, 37, 8)	(37, 31, 8)	(31, 10, 2)	nan
(76, 37, 8)	(37, 31, 8)	(31, 10, 2)	nan
(76, 37, 8)	(37, 31, 5)	(31, 10, 2)	nan
(76, 37, 8)	(37, 31, 0)	(31, 10, 2)	nan
(76, 37, 8)	(37, 79, 0)	(79, 10, 2)	nan
(76, 37, 8)	(37, 60, 7)	(60, 10, 2)	nan
(76, 37, 8)	(37, 60, 7)	(60, 10, 2)	nan
(76, 37, 8)	(37, 32, 8)	(32, 10, 2)	nan
(76, 10, 2)	nan
(76, 40, 1)	(40, 36, 5)	(36, 10, 2)	nan
(76, 40, 1)	(40, 36, 5)	(36, 10, 2)	nan
(76, 40, 1)	(40, 33, 1)	(33, 10, 2)	nan
(76, 40, 1)	(40, 65, 7)	(65, 10, 2)	nan
(76, 35, 8)	(35, 10, 2)	nan
(76, 35, 8)	(35, 10, 5)	nan
(76, 35, 8)	(35, 74, 5)	(74, 10, 2)	nan
(76, 35, 8)	(35, 74, 5)	(74, 10, 7)	nan
(76, 35, 8)	(35, 68, 7)	(68, 10, 2)	nan
