(76, 32, 8)	(32, 19, 4)	nan
(76, 32, 8)	(32, 19, 3)	nan
(76, 32, 8)	(32, 29, 3)	(29, 19, 4)	nan
(76, 32, 8)	(32, 29, 3)	(29, 19, 8)	nan
(76, 32, 8)	(32, 86, 7)	(86, 19, 4)	nan
(76, 32, 8)	(32, 86, 7)	(86, 19, 4)	nan
(76, 32, 8)	(32, 61, 1)	(61, 19, 1)	nan
(76, 32, 8)	(32, 61, 1)	(61, 19, 4)	nan
(76, 32, 8)	(32, 51, 1)	(51, 19, 4)	nan
(76, 32, 8)	(32, 51, 1)	(51, 19, 4)	nan
(76, 32, 8)	(32, 51, 1)	(51, 19, 4)	nan
(76, 32, 8)	(32, 51, 1)	(51, 19, 4)	nan
(76, 32, 8)	(32, 51, 1)	(51, 19, 4)	nan
(76, 32, 8)	(32, 41, 3)	(41, 19, 4)	nan
(76, 32, 8)	(32, 41, 3)	(41, 19, 3)	nan
(76, 32, 8)	(32, 19, 4)	nan
(76, 32, 8)	(32, 19, 3)	nan
(76, 32, 8)	(32, 29, 3)	(29, 19, 4)	nan
(76, 32, 8)	(32, 29, 3)	(29, 19, 8)	nan
(76, 32, 8)	(32, 86, 7)	(86, 19, 4)	nan
(76, 32, 8)	(32, 86, 7)	(86, 19, 4)	nan
(76, 32, 8)	(32, 61, 1)	(61, 19, 1)	nan
(76, 32, 8)	(32, 61, 1)	(61, 19, 4)	nan
(76, 32, 8)	(32, 51, 1)	(51, 19, 4)	nan
(76, 32, 8)	(32, 51, 1)	(51, 19, 4)	nan
(76, 32, 8)	(32, 51, 1)	(51, 19, 4)	nan
(76, 32, 8)	(32, 51, 1)	(51, 19, 4)	nan
(76, 32, 8)	(32, 51, 1)	(51, 19, 4)	nan
(76, 32, 8)	(32, 41, 3)	(41, 19, 4)	nan
(76, 32, 8)	(32, 41, 3)	(41, 19, 3)	nan
(76, 32, 0)	(32, 19, 4)	nan
(76, 32, 0)	(32, 19, 3)	nan
(76, 32, 0)	(32, 29, 3)	(29, 19, 4)	nan
(76, 32, 0)	(32, 29, 3)	(29, 19, 8)	nan
(76, 32, 0)	(32, 86, 7)	(86, 19, 4)	nan
(76, 32, 0)	(32, 86, 7)	(86, 19, 4)	nan
(76, 32, 0)	(32, 61, 1)	(61, 19, 1)	nan
(76, 32, 0)	(32, 61, 1)	(61, 19, 4)	nan
(76, 32, 0)	(32, 51, 1)	(51, 19, 4)	nan
(76, 32, 0)	(32, 51, 1)	(51, 19, 4)	nan
(76, 32, 0)	(32, 51, 1)	(51, 19, 4)	nan
(76, 32, 0)	(32, 51, 1)	(51, 19, 4)	nan
(76, 32, 0)	(32, 51, 1)	(51, 19, 4)	nan
(76, 32, 0)	(32, 41, 3)	(41, 19, 4)	nan
(76, 32, 0)	(32, 41, 3)	(41, 19, 3)	nan
(76, 19, 4)	nan
(76, 19, 6)	nan
(76, 37, 8)	(37, 31, 8)	(31, 19, 4)	nan
(76, 37, 8)	(37, 31, 8)	(31, 19, 2)	nan
