(76, 32, 8)	(32, 29, 3)	(29, 18, 4)	nan
(76, 32, 8)	(32, 61, 1)	(61, 18, 4)	nan
(76, 32, 8)	(32, 61, 1)	(61, 18, 0)	nan
(76, 32, 8)	(32, 18, 4)	nan
(76, 32, 8)	(32, 18, 4)	nan
(76, 32, 8)	(32, 41, 3)	(41, 18, 4)	nan
(76, 32, 8)	(32, 40, 5)	(40, 18, 4)	nan
(76, 32, 8)	(32, 29, 3)	(29, 18, 4)	nan
(76, 32, 8)	(32, 61, 1)	(61, 18, 4)	nan
(76, 32, 8)	(32, 61, 1)	(61, 18, 0)	nan
(76, 32, 8)	(32, 18, 4)	nan
(76, 32, 8)	(32, 18, 4)	nan
(76, 32, 8)	(32, 41, 3)	(41, 18, 4)	nan
(76, 32, 8)	(32, 40, 5)	(40, 18, 4)	nan
(76, 32, 0)	(32, 29, 3)	(29, 18, 4)	nan
(76, 32, 0)	(32, 61, 1)	(61, 18, 4)	nan
(76, 32, 0)	(32, 61, 1)	(61, 18, 0)	nan
(76, 32, 0)	(32, 18, 4)	nan
(76, 32, 0)	(32, 18, 4)	nan
(76, 32, 0)	(32, 41, 3)	(41, 18, 4)	nan
(76, 32, 0)	(32, 40, 5)	(40, 18, 4)	nan
(76, 37, 8)	(37, 32, 8)	(32, 18, 4)	nan
(76, 37, 8)	(37, 32, 8)	(32, 18, 4)	nan
(76, 40, 1)	(40, 36, 5)	(36, 18, 7)	nan
(76, 40, 1)	(40, 36, 5)	(36, 18, 4)	nan
(76, 40, 1)	(40, 36, 5)	(36, 18, 4)	nan
(76, 40, 1)	(40, 18, 4)	nan
(76, 40, 1)	(40, 65, 7)	(65, 18, 1)	nan
(76, 18, 4)	nan
(76, 35, 8)	(35, 18, 4)	nan
(76, 35, 8)	(35, 18, 7)	nan
(76, 35, 8)	(35, 74, 5)	(74, 18, 4)	nan
(76, 35, 8)	(35, 68, 7)	(68, 18, 4)	nan
(76, 35, 8)	(35, 68, 7)	(68, 18, 4)	nan
(76, 35, 8)	(35, 68, 7)	(68, 18, 1)	nan
(76, 35, 8)	(35, 68, 7)	(68, 18, 7)	nan
(76, 35, 8)	(35, 56, 1)	(56, 18, 4)	nan
(76, 35, 8)	(35, 52, 3)	(52, 18, 4)	nan
(76, 35, 8)	(35, 88, 1)	(88, 18, 4)	nan
(76, 35, 8)	(35, 18, 4)	nan
(76, 35, 8)	(35, 18, 7)	nan
(76, 35, 8)	(35, 74, 5)	(74, 18, 4)	nan
(76, 35, 8)	(35, 68, 7)	(68, 18, 4)	nan
(76, 35, 8)	(35, 68, 7)	(68, 18, 4)	nan
(76, 35, 8)	(35, 68, 7)	(68, 18, 1)	nan
(76, 35, 8)	(35, 68, 7)	(68, 18, 7)	nan
(76, 35, 8)	(35, 56, 1)	(56, 18, 4)	nan
(76, 35, 8)	(35, 52, 3)	(52, 18, 4)	nan
(76, 35, 8)	(35, 88, 1)	(88, 18, 4)	nan
