(76, 32, 8)	(32, 26, 7)	nan
(76, 32, 8)	(32, 26, 8)	nan
(76, 32, 8)	(32, 29, 3)	(29, 26, 7)	nan
(76, 32, 8)	(32, 29, 3)	(29, 26, 2)	nan
(76, 32, 8)	(32, 86, 7)	(86, 26, 7)	nan
(76, 32, 8)	(32, 61, 1)	(61, 26, 7)	nan
(76, 32, 8)	(32, 61, 1)	(61, 26, 8)	nan
(76, 32, 8)	(32, 41, 3)	(41, 26, 7)	nan
(76, 32, 8)	(32, 26, 7)	nan
(76, 32, 8)	(32, 26, 8)	nan
(76, 32, 8)	(32, 29, 3)	(29, 26, 7)	nan
(76, 32, 8)	(32, 29, 3)	(29, 26, 2)	nan
(76, 32, 8)	(32, 86, 7)	(86, 26, 7)	nan
(76, 32, 8)	(32, 61, 1)	(61, 26, 7)	nan
(76, 32, 8)	(32, 61, 1)	(61, 26, 8)	nan
(76, 32, 8)	(32, 41, 3)	(41, 26, 7)	nan
(76, 32, 0)	(32, 26, 7)	nan
(76, 32, 0)	(32, 26, 8)	nan
(76, 32, 0)	(32, 29, 3)	(29, 26, 7)	nan
(76, 32, 0)	(32, 29, 3)	(29, 26, 2)	nan
(76, 32, 0)	(32, 86, 7)	(86, 26, 7)	nan
(76, 32, 0)	(32, 61, 1)	(61, 26, 7)	nan
(76, 32, 0)	(32, 61, 1)	(61, 26, 8)	nan
(76, 32, 0)	(32, 41, 3)	(41, 26, 7)	nan
(76, 26, 7)	nan
(76, 37, 8)	(37, 26, 7)	nan
(76, 37, 8)	(37, 26, 7)	nan
(76, 37, 8)	(37, 26, 4)	nan
(76, 37, 8)	(37, 26, 4)	nan
(76, 37, 8)	(37, 79, 0)	(79, 26, 7)	nan
(76, 37, 8)	(37, 79, 0)	(79, 26, 7)	nan
(76, 37, 8)	(37, 79, 0)	(79, 26, 7)	nan
(76, 37, 8)	(37, 60, 7)	(60, 26, 7)	nan
(76, 37, 8)	(37, 60, 7)	(60, 26, 5)	nan
(76, 37, 8)	(37, 64, 8)	(64, 26, 7)	nan
(76, 37, 8)	(37, 64, 8)	(64, 26, 7)	nan
(76, 37, 8)	(37, 64, 8)	(64, 26, 2)	nan
(76, 37, 8)	(37, 32, 8)	(32, 26, 7)	nan
(76, 37, 8)	(37, 32, 8)	(32, 26, 8)	nan
(76, 40, 1)	(40, 30, 8)	(30, 26, 7)	nan
(76, 40, 1)	(40, 30, 8)	(30, 26, 7)	nan
(76, 40, 1)	(40, 30, 8)	(30, 26, 4)	nan
(76, 40, 1)	(40, 30, 8)	(30, 26, 5)	nan
(76, 40, 1)	(40, 30, 5)	(30, 26, 7)	nan
(76, 40, 1)	(40, 30, 5)	(30, 26, 7)	nan
(76, 40, 1)	(40, 30, 5)	(30, 26, 4)	nan
(76, 40, 1)	(40, 30, 5)	(30, 26, 5)	nan
