(76, 32, 8)	(32, 7, 1)	nan
(76, 32, 8)	(32, 7, 6)	nan
(76, 32, 8)	(32, 86, 7)	(86, 7, 8)	nan
(76, 32, 8)	(32, 41, 3)	(41, 7, 1)	nan
(76, 32, 8)	(32, 41, 3)	(41, 7, 3)	nan
(76, 32, 8)	(32, 40, 5)	(40, 7, 1)	nan
(76, 32, 8)	(32, 7, 1)	nan
(76, 32, 8)	(32, 7, 6)	nan
(76, 32, 8)	(32, 86, 7)	(86, 7, 8)	nan
(76, 32, 8)	(32, 41, 3)	(41, 7, 1)	nan
(76, 32, 8)	(32, 41, 3)	(41, 7, 3)	nan
(76, 32, 8)	(32, 40, 5)	(40, 7, 1)	nan
(76, 32, 0)	(32, 7, 1)	nan
(76, 32, 0)	(32, 7, 6)	nan
(76, 32, 0)	(32, 86, 7)	(86, 7, 8)	nan
(76, 32, 0)	(32, 41, 3)	(41, 7, 1)	nan
(76, 32, 0)	(32, 41, 3)	(41, 7, 3)	nan
(76, 32, 0)	(32, 40, 5)	(40, 7, 1)	nan
(76, 7, 1)	nan
(76, 7, 0)	nan
(76, 37, 8)	(37, 79, 0)	(79, 7, 1)	nan
(76, 37, 8)	(37, 79, 0)	(79, 7, 1)	nan
(76, 37, 8)	(37, 60, 7)	(60, 7, 1)	nan
(76, 37, 8)	(37, 60, 7)	(60, 7, 6)	nan
(76, 37, 8)	(37, 32, 8)	(32, 7, 1)	nan
(76, 37, 8)	(37, 32, 8)	(32, 7, 6)	nan
(76, 37, 8)	(37, 7, 1)	nan
(76, 37, 8)	(37, 7, 1)	nan
(76, 40, 1)	(40, 7, 1)	nan
(76, 40, 1)	(40, 30, 8)	(30, 7, 1)	nan
(76, 40, 1)	(40, 30, 8)	(30, 7, 4)	nan
(76, 40, 1)	(40, 30, 5)	(30, 7, 1)	nan
(76, 40, 1)	(40, 30, 5)	(30, 7, 4)	nan
(76, 40, 1)	(40, 78, 0)	(78, 7, 1)	nan
(76, 40, 1)	(40, 78, 0)	(78, 7, 1)	nan
(76, 40, 1)	(40, 84, 7)	(84, 7, 1)	nan
(76, 40, 1)	(40, 84, 7)	(84, 7, 1)	nan
(76, 40, 1)	(40, 84, 7)	(84, 7, 1)	nan
(76, 40, 1)	(40, 84, 7)	(84, 7, 1)	nan
(76, 40, 1)	(40, 65, 7)	(65, 7, 1)	nan
(76, 40, 1)	(40, 65, 7)	(65, 7, 1)	nan
(76, 40, 1)	(40, 65, 7)	(65, 7, 5)	nan
(76, 40, 1)	(40, 90, 8)	(90, 7, 1)	nan
(76, 40, 1)	(40, 90, 8)	(90, 7, 2)	nan
(76, 35, 8)	(35, 7, 1)	nan
(76, 35, 8)	(35, 7, 0)	nan
(76, 35, 8)	(35, 74, 5)	(74, 7, 1)	nan
(76, 35, 8)	(35, 68, 7)	(68, 7, 5)	nan
(76, 35, 8)	(35, 30, 8)	(30, 7, 1)	nan
(76, 35, 8)	(35, 30, 8)	(30, 7, 4)	nan
(76, 35, 8)	(35, 52, 3)	(52, 7, 1)	nan
