(76, 32, 8)	(32, 8, 1)	nan
(76, 32, 8)	(32, 8, 1)	nan
(76, 32, 8)	(32, 8, 5)	nan
(76, 32, 8)	(32, 29, 3)	(29, 8, 1)	nan
(76, 32, 8)	(32, 61, 1)	(61, 8, 1)	nan
(76, 32, 8)	(32, 61, 1)	(61, 8, 1)	nan
(76, 32, 8)	(32, 61, 1)	(61, 8, 3)	nan
(76, 32, 8)	(32, 61, 1)	(61, 8, 0)	nan
(76, 32, 8)	(32, 41, 3)	(41, 8, 1)	nan
(76, 32, 8)	(32, 41, 3)	(41, 8, 5)	nan
(76, 32, 8)	(32, 40, 5)	(40, 8, 1)	nan
(76, 32, 8)	(32, 40, 5)	(40, 8, 3)	nan
(76, 32, 8)	(32, 8, 1)	nan
(76, 32, 8)	(32, 8, 1)	nan
(76, 32, 8)	(32, 8, 5)	nan
(76, 32, 8)	(32, 29, 3)	(29, 8, 1)	nan
(76, 32, 8)	(32, 61, 1)	(61, 8, 1)	nan
(76, 32, 8)	(32, 61, 1)	(61, 8, 1)	nan
(76, 32, 8)	(32, 61, 1)	(61, 8, 3)	nan
(76, 32, 8)	(32, 61, 1)	(61, 8, 0)	nan
(76, 32, 8)	(32, 41, 3)	(41, 8, 1)	nan
(76, 32, 8)	(32, 41, 3)	(41, 8, 5)	nan
(76, 32, 8)	(32, 40, 5)	(40, 8, 1)	nan
(76, 32, 8)	(32, 40, 5)	(40, 8, 3)	nan
(76, 32, 0)	(32, 8, 1)	nan
(76, 32, 0)	(32, 8, 1)	nan
(76, 32, 0)	(32, 8, 5)	nan
(76, 32, 0)	(32, 29, 3)	(29, 8, 1)	nan
(76, 32, 0)	(32, 61, 1)	(61, 8, 1)	nan
(76, 32, 0)	(32, 61, 1)	(61, 8, 1)	nan
(76, 32, 0)	(32, 61, 1)	(61, 8, 3)	nan
(76, 32, 0)	(32, 61, 1)	(61, 8, 0)	nan
(76, 32, 0)	(32, 41, 3)	(41, 8, 1)	nan
(76, 32, 0)	(32, 41, 3)	(41, 8, 5)	nan
(76, 32, 0)	(32, 40, 5)	(40, 8, 1)	nan
(76, 32, 0)	(32, 40, 5)	(40, 8, 3)	nan
(76, 8, 1)	nan
(76, 37, 8)	(37, 8, 1)	nan
(76, 37, 8)	(37, 8, 1)	nan
(76, 37, 8)	(37, 8, 1)	nan
(76, 37, 8)	(37, 8, 1)	nan
(76, 37, 8)	(37, 8, 1)	nan
(76, 37, 8)	(37, 8, 1)	nan
(76, 37, 8)	(37, 79, 0)	(79, 8, 1)	nan
(76, 37, 8)	(37, 79, 0)	(79, 8, 1)	nan
(76, 37, 8)	(37, 79, 0)	(79, 8, 3)	nan
(76, 37, 8)	(37, 79, 0)	(79, 8, 8)	nan
(76, 37, 8)	(37, 60, 7)	(60, 8, 1)	nan
(76, 37, 8)	(37, 60, 7)	(60, 8, 8)	nan
(76, 37, 8)	(37, 64, 8)	(64, 8, 1)	nan
