(77, 34, 8)	(34, 19, 4)	nan
(77, 34, 8)	(34, 19, 3)	nan
(77, 34, 8)	(34, 91, 1)	(91, 19, 1)	nan
(77, 34, 8)	(34, 67, 2)	(67, 19, 4)	nan
(77, 34, 8)	(34, 70, 3)	(70, 19, 4)	nan
(77, 34, 8)	(34, 70, 3)	(70, 19, 7)	nan
(77, 34, 8)	(34, 92, 1)	(92, 19, 4)	nan
(77, 34, 8)	(34, 92, 1)	(92, 19, 6)	nan
(77, 34, 8)	(34, 92, 5)	(92, 19, 4)	nan
(77, 34, 8)	(34, 92, 5)	(92, 19, 6)	nan
(77, 34, 8)	(34, 41, 7)	(41, 19, 4)	nan
(77, 34, 8)	(34, 41, 7)	(41, 19, 3)	nan
(77, 34, 8)	(34, 35, 8)	(35, 19, 4)	nan
(77, 34, 8)	(34, 35, 8)	(35, 19, 7)	nan
(77, 34, 2)	(34, 19, 4)	nan
(77, 34, 2)	(34, 19, 3)	nan
(77, 34, 2)	(34, 91, 1)	(91, 19, 1)	nan
(77, 34, 2)	(34, 67, 2)	(67, 19, 4)	nan
(77, 34, 2)	(34, 70, 3)	(70, 19, 4)	nan
(77, 34, 2)	(34, 70, 3)	(70, 19, 7)	nan
(77, 34, 2)	(34, 92, 1)	(92, 19, 4)	nan
(77, 34, 2)	(34, 92, 1)	(92, 19, 6)	nan
(77, 34, 2)	(34, 92, 5)	(92, 19, 4)	nan
(77, 34, 2)	(34, 92, 5)	(92, 19, 6)	nan
(77, 34, 2)	(34, 41, 7)	(41, 19, 4)	nan
(77, 34, 2)	(34, 41, 7)	(41, 19, 3)	nan
(77, 34, 2)	(34, 35, 8)	(35, 19, 4)	nan
(77, 34, 2)	(34, 35, 8)	(35, 19, 7)	nan
(77, 35, 7)	(35, 19, 4)	nan
(77, 35, 7)	(35, 19, 7)	nan
(77, 35, 7)	(35, 74, 5)	(74, 19, 4)	nan
(77, 35, 7)	(35, 74, 5)	(74, 19, 4)	nan
(77, 35, 7)	(35, 74, 5)	(74, 19, 0)	nan
(77, 35, 7)	(35, 74, 5)	(74, 19, 5)	nan
(77, 35, 7)	(35, 74, 5)	(74, 19, 1)	nan
(77, 35, 7)	(35, 74, 5)	(74, 19, 7)	nan
(77, 35, 7)	(35, 68, 7)	(68, 19, 4)	nan
(77, 35, 7)	(35, 68, 7)	(68, 19, 5)	nan
(77, 35, 7)	(35, 56, 1)	(56, 19, 4)	nan
(77, 35, 7)	(35, 56, 1)	(56, 19, 3)	nan
(77, 35, 7)	(35, 30, 8)	(30, 19, 4)	nan
(77, 35, 7)	(35, 52, 3)	(52, 19, 4)	nan
(77, 35, 7)	(35, 52, 3)	(52, 19, 2)	nan
(77, 35, 7)	(35, 75, 7)	(75, 19, 4)	nan
(77, 35, 7)	(35, 75, 7)	(75, 19, 7)	nan
(77, 35, 7)	(35, 88, 1)	(88, 19, 4)	nan
(77, 35, 7)	(35, 88, 1)	(88, 19, 0)	nan
(77, 30, 7)	(30, 19, 4)	nan
(77, 30, 7)	(30, 72, 4)	(72, 19, 4)	nan
(77, 30, 7)	(30, 72, 4)	(72, 19, 4)	nan
