(77, 34, 8)	(34, 3, 0)	nan
(77, 34, 8)	(34, 41, 7)	(41, 3, 0)	nan
(77, 34, 8)	(34, 41, 7)	(41, 3, 0)	nan
(77, 34, 8)	(34, 41, 7)	(41, 3, 3)	nan
(77, 34, 8)	(34, 35, 8)	(35, 3, 0)	nan
(77, 34, 2)	(34, 3, 0)	nan
(77, 34, 2)	(34, 41, 7)	(41, 3, 0)	nan
(77, 34, 2)	(34, 41, 7)	(41, 3, 0)	nan
(77, 34, 2)	(34, 41, 7)	(41, 3, 3)	nan
(77, 34, 2)	(34, 35, 8)	(35, 3, 0)	nan
(77, 35, 7)	(35, 74, 5)	(74, 3, 0)	nan
(77, 35, 7)	(35, 68, 7)	(68, 3, 5)	nan
(77, 35, 7)	(35, 30, 8)	(30, 3, 0)	nan
(77, 35, 7)	(35, 30, 8)	(30, 3, 3)	nan
(77, 35, 7)	(35, 3, 0)	nan
(77, 35, 7)	(35, 52, 3)	(52, 3, 1)	nan
(77, 35, 7)	(35, 88, 1)	(88, 3, 0)	nan
(77, 35, 7)	(35, 88, 1)	(88, 3, 0)	nan
(77, 35, 7)	(35, 88, 1)	(88, 3, 3)	nan
(77, 30, 7)	(30, 3, 0)	nan
(77, 30, 7)	(30, 3, 3)	nan
(77, 30, 7)	(30, 60, 7)	(60, 3, 0)	nan
(77, 30, 7)	(30, 60, 0)	(60, 3, 0)	nan
(77, 30, 7)	(30, 88, 5)	(88, 3, 0)	nan
(77, 30, 7)	(30, 88, 5)	(88, 3, 0)	nan
(77, 30, 7)	(30, 88, 5)	(88, 3, 3)	nan
(77, 30, 7)	(30, 34, 8)	(34, 3, 0)	nan
(77, 3, 0)	nan
