(77, 34, 8)	(34, 8, 1)	nan
(77, 34, 8)	(34, 8, 1)	nan
(77, 34, 8)	(34, 8, 2)	nan
(77, 34, 8)	(34, 8, 4)	nan
(77, 34, 8)	(34, 91, 1)	(91, 8, 1)	nan
(77, 34, 8)	(34, 91, 1)	(91, 8, 1)	nan
(77, 34, 8)	(34, 67, 2)	(67, 8, 1)	nan
(77, 34, 8)	(34, 70, 3)	(70, 8, 1)	nan
(77, 34, 8)	(34, 70, 3)	(70, 8, 1)	nan
(77, 34, 8)	(34, 70, 3)	(70, 8, 0)	nan
(77, 34, 8)	(34, 41, 7)	(41, 8, 1)	nan
(77, 34, 8)	(34, 41, 7)	(41, 8, 5)	nan
(77, 34, 8)	(34, 33, 8)	(33, 8, 1)	nan
(77, 34, 8)	(34, 33, 8)	(33, 8, 1)	nan
(77, 34, 8)	(34, 33, 8)	(33, 8, 3)	nan
(77, 34, 8)	(34, 33, 8)	(33, 8, 6)	nan
(77, 34, 8)	(34, 33, 8)	(33, 8, 7)	nan
(77, 34, 8)	(34, 35, 8)	(35, 8, 1)	nan
(77, 34, 8)	(34, 35, 8)	(35, 8, 4)	nan
(77, 34, 2)	(34, 8, 1)	nan
(77, 34, 2)	(34, 8, 1)	nan
(77, 34, 2)	(34, 8, 2)	nan
(77, 34, 2)	(34, 8, 4)	nan
(77, 34, 2)	(34, 91, 1)	(91, 8, 1)	nan
(77, 34, 2)	(34, 91, 1)	(91, 8, 1)	nan
(77, 34, 2)	(34, 67, 2)	(67, 8, 1)	nan
(77, 34, 2)	(34, 70, 3)	(70, 8, 1)	nan
(77, 34, 2)	(34, 70, 3)	(70, 8, 1)	nan
(77, 34, 2)	(34, 70, 3)	(70, 8, 0)	nan
(77, 34, 2)	(34, 41, 7)	(41, 8, 1)	nan
(77, 34, 2)	(34, 41, 7)	(41, 8, 5)	nan
(77, 34, 2)	(34, 33, 8)	(33, 8, 1)	nan
(77, 34, 2)	(34, 33, 8)	(33, 8, 1)	nan
(77, 34, 2)	(34, 33, 8)	(33, 8, 3)	nan
(77, 34, 2)	(34, 33, 8)	(33, 8, 6)	nan
(77, 34, 2)	(34, 33, 8)	(33, 8, 7)	nan
(77, 34, 2)	(34, 35, 8)	(35, 8, 1)	nan
(77, 34, 2)	(34, 35, 8)	(35, 8, 4)	nan
(77, 35, 7)	(35, 8, 1)	nan
(77, 35, 7)	(35, 8, 4)	nan
(77, 35, 7)	(35, 68, 7)	(68, 8, 1)	nan
(77, 35, 7)	(35, 68, 7)	(68, 8, 8)	nan
(77, 35, 7)	(35, 52, 3)	(52, 8, 1)	nan
(77, 35, 7)	(35, 52, 3)	(52, 8, 5)	nan
(77, 35, 7)	(35, 52, 3)	(52, 8, 3)	nan
(77, 35, 7)	(35, 75, 7)	(75, 8, 1)	nan
(77, 35, 7)	(35, 75, 7)	(75, 8, 4)	nan
(77, 35, 7)	(35, 88, 1)	(88, 8, 1)	nan
(77, 35, 7)	(35, 88, 1)	(88, 8, 1)	nan
(77, 8, 1)	nan
