(78, 0, 6)	nan
(78, 33, 8)	(33, 0, 0)	nan
(78, 33, 8)	(33, 0, 8)	nan
(78, 33, 8)	(33, 50, 3)	(50, 0, 0)	nan
(78, 33, 8)	(33, 50, 3)	(50, 0, 5)	nan
(78, 33, 8)	(33, 87, 3)	(87, 0, 0)	nan
(78, 33, 8)	(33, 87, 3)	(87, 0, 1)	nan
(78, 33, 8)	(33, 41, 1)	(41, 0, 0)	nan
(78, 33, 8)	(33, 41, 1)	(41, 0, 0)	nan
(78, 33, 8)	(33, 41, 1)	(41, 0, 1)	nan
(78, 33, 8)	(33, 41, 1)	(41, 0, 3)	nan
(78, 33, 8)	(33, 84, 0)	(84, 0, 0)	nan
(78, 33, 8)	(33, 84, 0)	(84, 0, 2)	nan
(78, 33, 8)	(33, 29, 2)	(29, 0, 0)	nan
(78, 33, 8)	(33, 29, 2)	(29, 0, 5)	nan
(78, 33, 3)	(33, 0, 0)	nan
(78, 33, 3)	(33, 0, 8)	nan
(78, 33, 3)	(33, 50, 3)	(50, 0, 0)	nan
(78, 33, 3)	(33, 50, 3)	(50, 0, 5)	nan
(78, 33, 3)	(33, 87, 3)	(87, 0, 0)	nan
(78, 33, 3)	(33, 87, 3)	(87, 0, 1)	nan
(78, 33, 3)	(33, 41, 1)	(41, 0, 0)	nan
(78, 33, 3)	(33, 41, 1)	(41, 0, 0)	nan
(78, 33, 3)	(33, 41, 1)	(41, 0, 1)	nan
(78, 33, 3)	(33, 41, 1)	(41, 0, 3)	nan
(78, 33, 3)	(33, 84, 0)	(84, 0, 0)	nan
(78, 33, 3)	(33, 84, 0)	(84, 0, 2)	nan
(78, 33, 3)	(33, 29, 2)	(29, 0, 0)	nan
(78, 33, 3)	(33, 29, 2)	(29, 0, 5)	nan
(78, 35, 8)	(35, 0, 0)	nan
(78, 35, 8)	(35, 0, 3)	nan
(78, 35, 8)	(35, 0, 4)	nan
(78, 35, 8)	(35, 68, 7)	(68, 0, 0)	nan
(78, 35, 8)	(35, 68, 7)	(68, 0, 6)	nan
(78, 35, 8)	(35, 56, 1)	(56, 0, 0)	nan
(78, 35, 8)	(35, 56, 1)	(56, 0, 4)	nan
(78, 35, 8)	(35, 30, 8)	(30, 0, 0)	nan
(78, 35, 8)	(35, 30, 8)	(30, 0, 4)	nan
(78, 35, 8)	(35, 52, 3)	(52, 0, 0)	nan
(78, 35, 8)	(35, 52, 3)	(52, 0, 1)	nan
(78, 35, 8)	(35, 75, 7)	(75, 0, 0)	nan
(78, 35, 8)	(35, 75, 7)	(75, 0, 2)	nan
(78, 35, 8)	(35, 88, 1)	(88, 0, 0)	nan
(78, 35, 8)	(35, 88, 1)	(88, 0, 3)	nan
(78, 35, 8)	(35, 88, 1)	(88, 0, 7)	nan
(78, 45, 8)	(45, 59, 1)	(59, 0, 0)	nan
(78, 45, 8)	(45, 59, 1)	(59, 0, 2)	nan
(78, 45, 8)	(45, 33, 8)	(33, 0, 0)	nan
(78, 45, 8)	(45, 33, 8)	(33, 0, 8)	nan
(78, 45, 8)	(45, 76, 7)	(76, 0, 0)	nan
