(78, 33, 8)	(33, 11, 2)	nan
(78, 33, 8)	(33, 54, 2)	(54, 11, 2)	nan
(78, 33, 8)	(33, 54, 2)	(54, 11, 2)	nan
(78, 33, 8)	(33, 54, 2)	(54, 11, 7)	nan
(78, 33, 8)	(33, 74, 0)	(74, 11, 2)	nan
(78, 33, 8)	(33, 74, 0)	(74, 11, 7)	nan
(78, 33, 8)	(33, 74, 0)	(74, 11, 3)	nan
(78, 33, 8)	(33, 87, 3)	(87, 11, 2)	nan
(78, 33, 8)	(33, 87, 3)	(87, 11, 2)	nan
(78, 33, 8)	(33, 87, 3)	(87, 11, 2)	nan
(78, 33, 8)	(33, 87, 3)	(87, 11, 2)	nan
(78, 33, 8)	(33, 87, 3)	(87, 11, 2)	nan
(78, 33, 8)	(33, 41, 1)	(41, 11, 2)	nan
(78, 33, 8)	(33, 41, 1)	(41, 11, 2)	nan
(78, 33, 8)	(33, 41, 1)	(41, 11, 5)	nan
(78, 33, 8)	(33, 41, 1)	(41, 11, 5)	nan
(78, 33, 8)	(33, 84, 0)	(84, 11, 2)	nan
(78, 33, 8)	(33, 84, 0)	(84, 11, 2)	nan
(78, 33, 8)	(33, 84, 0)	(84, 11, 2)	nan
(78, 33, 8)	(33, 29, 2)	(29, 11, 2)	nan
(78, 33, 8)	(33, 29, 2)	(29, 11, 2)	nan
(78, 33, 8)	(33, 29, 2)	(29, 11, 7)	nan
(78, 33, 3)	(33, 11, 2)	nan
(78, 33, 3)	(33, 54, 2)	(54, 11, 2)	nan
(78, 33, 3)	(33, 54, 2)	(54, 11, 2)	nan
(78, 33, 3)	(33, 54, 2)	(54, 11, 7)	nan
(78, 33, 3)	(33, 74, 0)	(74, 11, 2)	nan
(78, 33, 3)	(33, 74, 0)	(74, 11, 7)	nan
(78, 33, 3)	(33, 74, 0)	(74, 11, 3)	nan
(78, 33, 3)	(33, 87, 3)	(87, 11, 2)	nan
(78, 33, 3)	(33, 87, 3)	(87, 11, 2)	nan
(78, 33, 3)	(33, 87, 3)	(87, 11, 2)	nan
(78, 33, 3)	(33, 87, 3)	(87, 11, 2)	nan
(78, 33, 3)	(33, 87, 3)	(87, 11, 2)	nan
(78, 33, 3)	(33, 41, 1)	(41, 11, 2)	nan
(78, 33, 3)	(33, 41, 1)	(41, 11, 2)	nan
(78, 33, 3)	(33, 41, 1)	(41, 11, 5)	nan
(78, 33, 3)	(33, 41, 1)	(41, 11, 5)	nan
(78, 33, 3)	(33, 84, 0)	(84, 11, 2)	nan
(78, 33, 3)	(33, 84, 0)	(84, 11, 2)	nan
(78, 33, 3)	(33, 84, 0)	(84, 11, 2)	nan
(78, 33, 3)	(33, 29, 2)	(29, 11, 2)	nan
(78, 33, 3)	(33, 29, 2)	(29, 11, 2)	nan
(78, 33, 3)	(33, 29, 2)	(29, 11, 7)	nan
(78, 11, 2)	nan
(78, 35, 8)	(35, 11, 2)	nan
(78, 35, 8)	(35, 11, 8)	nan
(78, 35, 8)	(35, 74, 5)	(74, 11, 2)	nan
(78, 35, 8)	(35, 74, 5)	(74, 11, 7)	nan
