(78, 33, 8)	(33, 2, 0)	nan
(78, 33, 8)	(33, 2, 3)	nan
(78, 33, 8)	(33, 50, 3)	(50, 2, 0)	nan
(78, 33, 8)	(33, 74, 0)	(74, 2, 0)	nan
(78, 33, 8)	(33, 74, 0)	(74, 2, 0)	nan
(78, 33, 8)	(33, 87, 3)	(87, 2, 0)	nan
(78, 33, 8)	(33, 41, 1)	(41, 2, 0)	nan
(78, 33, 8)	(33, 84, 0)	(84, 2, 0)	nan
(78, 33, 8)	(33, 84, 0)	(84, 2, 6)	nan
(78, 33, 8)	(33, 29, 2)	(29, 2, 0)	nan
(78, 33, 8)	(33, 29, 2)	(29, 2, 0)	nan
(78, 33, 8)	(33, 29, 2)	(29, 2, 8)	nan
(78, 33, 8)	(33, 29, 2)	(29, 2, 7)	nan
(78, 33, 3)	(33, 2, 0)	nan
(78, 33, 3)	(33, 2, 3)	nan
(78, 33, 3)	(33, 50, 3)	(50, 2, 0)	nan
(78, 33, 3)	(33, 74, 0)	(74, 2, 0)	nan
(78, 33, 3)	(33, 74, 0)	(74, 2, 0)	nan
(78, 33, 3)	(33, 87, 3)	(87, 2, 0)	nan
(78, 33, 3)	(33, 41, 1)	(41, 2, 0)	nan
(78, 33, 3)	(33, 84, 0)	(84, 2, 0)	nan
(78, 33, 3)	(33, 84, 0)	(84, 2, 6)	nan
(78, 33, 3)	(33, 29, 2)	(29, 2, 0)	nan
(78, 33, 3)	(33, 29, 2)	(29, 2, 0)	nan
(78, 33, 3)	(33, 29, 2)	(29, 2, 8)	nan
(78, 33, 3)	(33, 29, 2)	(29, 2, 7)	nan
(78, 35, 8)	(35, 74, 5)	(74, 2, 0)	nan
(78, 35, 8)	(35, 74, 5)	(74, 2, 0)	nan
(78, 35, 8)	(35, 68, 7)	(68, 2, 0)	nan
(78, 35, 8)	(35, 68, 7)	(68, 2, 0)	nan
(78, 35, 8)	(35, 56, 1)	(56, 2, 0)	nan
(78, 35, 8)	(35, 30, 8)	(30, 2, 0)	nan
(78, 35, 8)	(35, 52, 3)	(52, 2, 0)	nan
(78, 35, 8)	(35, 52, 3)	(52, 2, 0)	nan
(78, 35, 8)	(35, 75, 7)	(75, 2, 0)	nan
(78, 35, 8)	(35, 75, 7)	(75, 2, 5)	nan
(78, 35, 8)	(35, 88, 1)	(88, 2, 0)	nan
(78, 35, 8)	(35, 88, 1)	(88, 2, 6)	nan
(78, 2, 0)	nan
(78, 45, 8)	(45, 2, 0)	nan
(78, 45, 8)	(45, 2, 0)	nan
(78, 45, 8)	(45, 2, 6)	nan
(78, 45, 8)	(45, 2, 6)	nan
(78, 45, 8)	(45, 59, 1)	(59, 2, 7)	nan
(78, 45, 8)	(45, 33, 8)	(33, 2, 0)	nan
(78, 45, 8)	(45, 33, 8)	(33, 2, 3)	nan
(78, 45, 8)	(45, 76, 7)	(76, 2, 0)	nan
(78, 45, 8)	(45, 76, 7)	(76, 2, 0)	nan
(78, 45, 8)	(45, 37, 0)	(37, 2, 0)	nan
(78, 45, 8)	(45, 62, 1)	(62, 2, 0)	nan
