(78, 26, 2)	nan
(78, 33, 8)	(33, 26, 7)	nan
(78, 33, 8)	(33, 26, 7)	nan
(78, 33, 8)	(33, 26, 0)	nan
(78, 33, 8)	(33, 26, 4)	nan
(78, 33, 8)	(33, 54, 2)	(54, 26, 7)	nan
(78, 33, 8)	(33, 54, 2)	(54, 26, 7)	nan
(78, 33, 8)	(33, 54, 2)	(54, 26, 3)	nan
(78, 33, 8)	(33, 54, 2)	(54, 26, 4)	nan
(78, 33, 8)	(33, 74, 0)	(74, 26, 7)	nan
(78, 33, 8)	(33, 74, 0)	(74, 26, 0)	nan
(78, 33, 8)	(33, 87, 3)	(87, 26, 7)	nan
(78, 33, 8)	(33, 87, 3)	(87, 26, 0)	nan
(78, 33, 8)	(33, 41, 1)	(41, 26, 7)	nan
(78, 33, 8)	(33, 29, 2)	(29, 26, 7)	nan
(78, 33, 8)	(33, 29, 2)	(29, 26, 2)	nan
(78, 33, 3)	(33, 26, 7)	nan
(78, 33, 3)	(33, 26, 7)	nan
(78, 33, 3)	(33, 26, 0)	nan
(78, 33, 3)	(33, 26, 4)	nan
(78, 33, 3)	(33, 54, 2)	(54, 26, 7)	nan
(78, 33, 3)	(33, 54, 2)	(54, 26, 7)	nan
(78, 33, 3)	(33, 54, 2)	(54, 26, 3)	nan
(78, 33, 3)	(33, 54, 2)	(54, 26, 4)	nan
(78, 33, 3)	(33, 74, 0)	(74, 26, 7)	nan
(78, 33, 3)	(33, 74, 0)	(74, 26, 0)	nan
(78, 33, 3)	(33, 87, 3)	(87, 26, 7)	nan
(78, 33, 3)	(33, 87, 3)	(87, 26, 0)	nan
(78, 33, 3)	(33, 41, 1)	(41, 26, 7)	nan
(78, 33, 3)	(33, 29, 2)	(29, 26, 7)	nan
(78, 33, 3)	(33, 29, 2)	(29, 26, 2)	nan
(78, 35, 8)	(35, 26, 7)	nan
(78, 35, 8)	(35, 74, 5)	(74, 26, 7)	nan
(78, 35, 8)	(35, 74, 5)	(74, 26, 0)	nan
(78, 35, 8)	(35, 68, 7)	(68, 26, 7)	nan
(78, 35, 8)	(35, 56, 1)	(56, 26, 7)	nan
(78, 35, 8)	(35, 56, 1)	(56, 26, 2)	nan
(78, 35, 8)	(35, 56, 1)	(56, 26, 3)	nan
(78, 35, 8)	(35, 30, 8)	(30, 26, 7)	nan
(78, 35, 8)	(35, 30, 8)	(30, 26, 7)	nan
(78, 35, 8)	(35, 30, 8)	(30, 26, 4)	nan
(78, 35, 8)	(35, 30, 8)	(30, 26, 5)	nan
(78, 35, 8)	(35, 75, 7)	(75, 26, 7)	nan
(78, 35, 8)	(35, 75, 7)	(75, 26, 8)	nan
(78, 35, 8)	(35, 88, 1)	(88, 26, 7)	nan
(78, 35, 8)	(35, 88, 1)	(88, 26, 7)	nan
(78, 35, 8)	(35, 88, 1)	(88, 26, 8)	nan
(78, 35, 8)	(35, 88, 1)	(88, 26, 2)	nan
(78, 45, 8)	(45, 26, 7)	nan
(78, 45, 8)	(45, 26, 7)	nan
