(78, 33, 8)	(33, 54, 2)	(54, 7, 1)	nan
(78, 33, 8)	(33, 54, 2)	(54, 7, 0)	nan
(78, 33, 8)	(33, 74, 0)	(74, 7, 1)	nan
(78, 33, 8)	(33, 87, 3)	(87, 7, 1)	nan
(78, 33, 8)	(33, 87, 3)	(87, 7, 1)	nan
(78, 33, 8)	(33, 87, 3)	(87, 7, 1)	nan
(78, 33, 8)	(33, 41, 1)	(41, 7, 1)	nan
(78, 33, 8)	(33, 41, 1)	(41, 7, 3)	nan
(78, 33, 8)	(33, 84, 0)	(84, 7, 1)	nan
(78, 33, 8)	(33, 84, 0)	(84, 7, 1)	nan
(78, 33, 8)	(33, 84, 0)	(84, 7, 1)	nan
(78, 33, 8)	(33, 84, 0)	(84, 7, 1)	nan
(78, 33, 3)	(33, 54, 2)	(54, 7, 1)	nan
(78, 33, 3)	(33, 54, 2)	(54, 7, 0)	nan
(78, 33, 3)	(33, 74, 0)	(74, 7, 1)	nan
(78, 33, 3)	(33, 87, 3)	(87, 7, 1)	nan
(78, 33, 3)	(33, 87, 3)	(87, 7, 1)	nan
(78, 33, 3)	(33, 87, 3)	(87, 7, 1)	nan
(78, 33, 3)	(33, 41, 1)	(41, 7, 1)	nan
(78, 33, 3)	(33, 41, 1)	(41, 7, 3)	nan
(78, 33, 3)	(33, 84, 0)	(84, 7, 1)	nan
(78, 33, 3)	(33, 84, 0)	(84, 7, 1)	nan
(78, 33, 3)	(33, 84, 0)	(84, 7, 1)	nan
(78, 33, 3)	(33, 84, 0)	(84, 7, 1)	nan
(78, 35, 8)	(35, 7, 1)	nan
(78, 35, 8)	(35, 7, 0)	nan
(78, 35, 8)	(35, 74, 5)	(74, 7, 1)	nan
(78, 35, 8)	(35, 68, 7)	(68, 7, 5)	nan
(78, 35, 8)	(35, 30, 8)	(30, 7, 1)	nan
(78, 35, 8)	(35, 30, 8)	(30, 7, 4)	nan
(78, 35, 8)	(35, 52, 3)	(52, 7, 1)	nan
(78, 35, 8)	(35, 52, 3)	(52, 7, 0)	nan
(78, 35, 8)	(35, 75, 7)	(75, 7, 1)	nan
(78, 35, 8)	(35, 75, 7)	(75, 7, 5)	nan
(78, 7, 1)	nan
(78, 45, 8)	(45, 7, 1)	nan
(78, 45, 8)	(45, 7, 1)	nan
(78, 45, 8)	(45, 7, 3)	nan
(78, 45, 8)	(45, 7, 4)	nan
(78, 45, 8)	(45, 59, 1)	(59, 7, 1)	nan
(78, 45, 8)	(45, 59, 1)	(59, 7, 6)	nan
(78, 45, 8)	(45, 59, 1)	(59, 7, 7)	nan
(78, 45, 8)	(45, 76, 7)	(76, 7, 1)	nan
(78, 45, 8)	(45, 76, 7)	(76, 7, 0)	nan
(78, 45, 8)	(45, 83, 1)	(83, 7, 1)	nan
(78, 45, 8)	(45, 83, 1)	(83, 7, 3)	nan
(78, 45, 8)	(45, 69, 5)	(69, 7, 1)	nan
(78, 45, 8)	(45, 69, 5)	(69, 7, 7)	nan
(78, 45, 8)	(45, 37, 0)	(37, 7, 1)	nan
(78, 45, 8)	(45, 37, 0)	(37, 7, 1)	nan
