(78, 33, 8)	(33, 8, 1)	nan
(78, 33, 8)	(33, 8, 1)	nan
(78, 33, 8)	(33, 8, 3)	nan
(78, 33, 8)	(33, 8, 6)	nan
(78, 33, 8)	(33, 8, 7)	nan
(78, 33, 8)	(33, 54, 2)	(54, 8, 1)	nan
(78, 33, 8)	(33, 54, 2)	(54, 8, 1)	nan
(78, 33, 8)	(33, 54, 2)	(54, 8, 4)	nan
(78, 33, 8)	(33, 54, 2)	(54, 8, 0)	nan
(78, 33, 8)	(33, 87, 3)	(87, 8, 1)	nan
(78, 33, 8)	(33, 87, 3)	(87, 8, 1)	nan
(78, 33, 8)	(33, 87, 3)	(87, 8, 1)	nan
(78, 33, 8)	(33, 87, 3)	(87, 8, 1)	nan
(78, 33, 8)	(33, 87, 3)	(87, 8, 1)	nan
(78, 33, 8)	(33, 41, 1)	(41, 8, 1)	nan
(78, 33, 8)	(33, 41, 1)	(41, 8, 5)	nan
(78, 33, 8)	(33, 84, 0)	(84, 8, 1)	nan
(78, 33, 8)	(33, 84, 0)	(84, 8, 1)	nan
(78, 33, 8)	(33, 84, 0)	(84, 8, 1)	nan
(78, 33, 8)	(33, 84, 0)	(84, 8, 1)	nan
(78, 33, 8)	(33, 84, 0)	(84, 8, 1)	nan
(78, 33, 8)	(33, 84, 0)	(84, 8, 1)	nan
(78, 33, 8)	(33, 84, 0)	(84, 8, 1)	nan
(78, 33, 8)	(33, 29, 2)	(29, 8, 1)	nan
(78, 33, 3)	(33, 8, 1)	nan
(78, 33, 3)	(33, 8, 1)	nan
(78, 33, 3)	(33, 8, 3)	nan
(78, 33, 3)	(33, 8, 6)	nan
(78, 33, 3)	(33, 8, 7)	nan
(78, 33, 3)	(33, 54, 2)	(54, 8, 1)	nan
(78, 33, 3)	(33, 54, 2)	(54, 8, 1)	nan
(78, 33, 3)	(33, 54, 2)	(54, 8, 4)	nan
(78, 33, 3)	(33, 54, 2)	(54, 8, 0)	nan
(78, 33, 3)	(33, 87, 3)	(87, 8, 1)	nan
(78, 33, 3)	(33, 87, 3)	(87, 8, 1)	nan
(78, 33, 3)	(33, 87, 3)	(87, 8, 1)	nan
(78, 33, 3)	(33, 87, 3)	(87, 8, 1)	nan
(78, 33, 3)	(33, 87, 3)	(87, 8, 1)	nan
(78, 33, 3)	(33, 41, 1)	(41, 8, 1)	nan
(78, 33, 3)	(33, 41, 1)	(41, 8, 5)	nan
(78, 33, 3)	(33, 84, 0)	(84, 8, 1)	nan
(78, 33, 3)	(33, 84, 0)	(84, 8, 1)	nan
(78, 33, 3)	(33, 84, 0)	(84, 8, 1)	nan
(78, 33, 3)	(33, 84, 0)	(84, 8, 1)	nan
(78, 33, 3)	(33, 84, 0)	(84, 8, 1)	nan
(78, 33, 3)	(33, 84, 0)	(84, 8, 1)	nan
(78, 33, 3)	(33, 84, 0)	(84, 8, 1)	nan
(78, 33, 3)	(33, 29, 2)	(29, 8, 1)	nan
(78, 8, 1)	nan
