(79, 19, 1)	nan
(79, 33, 8)	(33, 54, 2)	(54, 19, 4)	nan
(79, 33, 8)	(33, 54, 2)	(54, 19, 3)	nan
(79, 33, 8)	(33, 74, 0)	(74, 19, 4)	nan
(79, 33, 8)	(33, 74, 0)	(74, 19, 4)	nan
(79, 33, 8)	(33, 74, 0)	(74, 19, 0)	nan
(79, 33, 8)	(33, 74, 0)	(74, 19, 5)	nan
(79, 33, 8)	(33, 74, 0)	(74, 19, 1)	nan
(79, 33, 8)	(33, 74, 0)	(74, 19, 7)	nan
(79, 33, 8)	(33, 87, 3)	(87, 19, 4)	nan
(79, 33, 8)	(33, 41, 1)	(41, 19, 4)	nan
(79, 33, 8)	(33, 41, 1)	(41, 19, 3)	nan
(79, 33, 8)	(33, 84, 0)	(84, 19, 4)	nan
(79, 33, 8)	(33, 84, 0)	(84, 19, 4)	nan
(79, 33, 8)	(33, 84, 0)	(84, 19, 4)	nan
(79, 33, 8)	(33, 29, 2)	(29, 19, 4)	nan
(79, 33, 8)	(33, 29, 2)	(29, 19, 8)	nan
(79, 33, 4)	(33, 54, 2)	(54, 19, 4)	nan
(79, 33, 4)	(33, 54, 2)	(54, 19, 3)	nan
(79, 33, 4)	(33, 74, 0)	(74, 19, 4)	nan
(79, 33, 4)	(33, 74, 0)	(74, 19, 4)	nan
(79, 33, 4)	(33, 74, 0)	(74, 19, 0)	nan
(79, 33, 4)	(33, 74, 0)	(74, 19, 5)	nan
(79, 33, 4)	(33, 74, 0)	(74, 19, 1)	nan
(79, 33, 4)	(33, 74, 0)	(74, 19, 7)	nan
(79, 33, 4)	(33, 87, 3)	(87, 19, 4)	nan
(79, 33, 4)	(33, 41, 1)	(41, 19, 4)	nan
(79, 33, 4)	(33, 41, 1)	(41, 19, 3)	nan
(79, 33, 4)	(33, 84, 0)	(84, 19, 4)	nan
(79, 33, 4)	(33, 84, 0)	(84, 19, 4)	nan
(79, 33, 4)	(33, 84, 0)	(84, 19, 4)	nan
(79, 33, 4)	(33, 29, 2)	(29, 19, 4)	nan
(79, 33, 4)	(33, 29, 2)	(29, 19, 8)	nan
(79, 74, 1)	(74, 19, 4)	nan
(79, 74, 1)	(74, 19, 4)	nan
(79, 74, 1)	(74, 19, 0)	nan
(79, 74, 1)	(74, 19, 5)	nan
(79, 74, 1)	(74, 19, 1)	nan
(79, 74, 1)	(74, 19, 7)	nan
(79, 74, 1)	(74, 76, 5)	(76, 19, 4)	nan
(79, 74, 1)	(74, 76, 5)	(76, 19, 4)	nan
(79, 74, 1)	(74, 76, 5)	(76, 19, 6)	nan
(79, 74, 1)	(74, 76, 5)	(76, 19, 6)	nan
(79, 74, 1)	(74, 90, 1)	(90, 19, 4)	nan
(79, 74, 1)	(74, 90, 1)	(90, 19, 0)	nan
(79, 74, 1)	(74, 90, 1)	(90, 19, 8)	nan
(79, 74, 1)	(74, 35, 7)	(35, 19, 4)	nan
(79, 74, 1)	(74, 35, 7)	(35, 19, 7)	nan
(79, 74, 1)	(74, 51, 7)	(51, 19, 4)	nan
(79, 74, 1)	(74, 51, 7)	(51, 19, 4)	nan
