(79, 1, 0)	nan
(79, 33, 8)	(33, 1, 0)	nan
(79, 33, 8)	(33, 1, 0)	nan
(79, 33, 8)	(33, 1, 3)	nan
(79, 33, 8)	(33, 74, 0)	(74, 1, 0)	nan
(79, 33, 8)	(33, 74, 0)	(74, 1, 3)	nan
(79, 33, 8)	(33, 87, 3)	(87, 1, 0)	nan
(79, 33, 8)	(33, 41, 1)	(41, 1, 0)	nan
(79, 33, 8)	(33, 41, 1)	(41, 1, 7)	nan
(79, 33, 8)	(33, 29, 2)	(29, 1, 0)	nan
(79, 33, 4)	(33, 1, 0)	nan
(79, 33, 4)	(33, 1, 0)	nan
(79, 33, 4)	(33, 1, 3)	nan
(79, 33, 4)	(33, 74, 0)	(74, 1, 0)	nan
(79, 33, 4)	(33, 74, 0)	(74, 1, 3)	nan
(79, 33, 4)	(33, 87, 3)	(87, 1, 0)	nan
(79, 33, 4)	(33, 41, 1)	(41, 1, 0)	nan
(79, 33, 4)	(33, 41, 1)	(41, 1, 7)	nan
(79, 33, 4)	(33, 29, 2)	(29, 1, 0)	nan
(79, 74, 1)	(74, 1, 0)	nan
(79, 74, 1)	(74, 1, 3)	nan
(79, 74, 1)	(74, 33, 8)	(33, 1, 0)	nan
(79, 74, 1)	(74, 33, 8)	(33, 1, 0)	nan
(79, 74, 1)	(74, 33, 8)	(33, 1, 3)	nan
(79, 74, 1)	(74, 33, 7)	(33, 1, 0)	nan
(79, 74, 1)	(74, 33, 7)	(33, 1, 0)	nan
(79, 74, 1)	(74, 33, 7)	(33, 1, 3)	nan
(79, 74, 1)	(74, 90, 1)	(90, 1, 0)	nan
(79, 74, 1)	(74, 90, 1)	(90, 1, 0)	nan
(79, 74, 1)	(74, 35, 7)	(35, 1, 0)	nan
(79, 74, 1)	(74, 51, 7)	(51, 1, 0)	nan
(79, 74, 1)	(74, 29, 8)	(29, 1, 0)	nan
(79, 70, 4)	(70, 1, 0)	nan
(79, 70, 4)	(70, 1, 0)	nan
(79, 70, 4)	(70, 51, 1)	(51, 1, 0)	nan
(79, 70, 4)	(70, 56, 7)	(56, 1, 0)	nan
(79, 66, 1)	(66, 1, 0)	nan
(79, 68, 1)	(68, 32, 8)	(32, 1, 0)	nan
(79, 68, 1)	(68, 32, 8)	(32, 1, 0)	nan
(79, 68, 1)	(68, 32, 6)	(32, 1, 0)	nan
(79, 68, 1)	(68, 33, 8)	(33, 1, 0)	nan
(79, 68, 1)	(68, 33, 8)	(33, 1, 0)	nan
(79, 68, 1)	(68, 33, 8)	(33, 1, 3)	nan
(79, 68, 1)	(68, 33, 7)	(33, 1, 0)	nan
(79, 68, 1)	(68, 33, 7)	(33, 1, 0)	nan
(79, 68, 1)	(68, 33, 7)	(33, 1, 3)	nan
(79, 68, 1)	(68, 72, 8)	(72, 1, 0)	nan
(79, 68, 1)	(68, 36, 7)	(36, 1, 0)	nan
(79, 44, 0)	(44, 29, 8)	(29, 1, 0)	nan
(79, 44, 0)	(44, 85, 0)	(85, 1, 0)	nan
(79, 44, 0)	(44, 85, 0)	(85, 1, 0)	nan
