(79, 33, 8)	(33, 54, 2)	(54, 25, 4)	nan
(79, 33, 8)	(33, 50, 3)	(50, 25, 7)	nan
(79, 33, 8)	(33, 50, 3)	(50, 25, 0)	nan
(79, 33, 8)	(33, 74, 0)	(74, 25, 7)	nan
(79, 33, 8)	(33, 74, 0)	(74, 25, 0)	nan
(79, 33, 8)	(33, 25, 5)	nan
(79, 33, 8)	(33, 41, 1)	(41, 25, 7)	nan
(79, 33, 8)	(33, 84, 0)	(84, 25, 7)	nan
(79, 33, 8)	(33, 29, 2)	(29, 25, 7)	nan
(79, 33, 8)	(33, 29, 2)	(29, 25, 3)	nan
(79, 33, 4)	(33, 54, 2)	(54, 25, 4)	nan
(79, 33, 4)	(33, 50, 3)	(50, 25, 7)	nan
(79, 33, 4)	(33, 50, 3)	(50, 25, 0)	nan
(79, 33, 4)	(33, 74, 0)	(74, 25, 7)	nan
(79, 33, 4)	(33, 74, 0)	(74, 25, 0)	nan
(79, 33, 4)	(33, 25, 5)	nan
(79, 33, 4)	(33, 41, 1)	(41, 25, 7)	nan
(79, 33, 4)	(33, 84, 0)	(84, 25, 7)	nan
(79, 33, 4)	(33, 29, 2)	(29, 25, 7)	nan
(79, 33, 4)	(33, 29, 2)	(29, 25, 3)	nan
(79, 74, 1)	(74, 25, 7)	nan
(79, 74, 1)	(74, 25, 0)	nan
(79, 74, 1)	(74, 33, 8)	(33, 25, 5)	nan
(79, 74, 1)	(74, 33, 7)	(33, 25, 5)	nan
(79, 74, 1)	(74, 76, 5)	(76, 25, 7)	nan
(79, 74, 1)	(74, 76, 5)	(76, 25, 7)	nan
(79, 74, 1)	(74, 76, 5)	(76, 25, 7)	nan
(79, 74, 1)	(74, 76, 5)	(76, 25, 7)	nan
(79, 74, 1)	(74, 76, 5)	(76, 25, 7)	nan
(79, 74, 1)	(74, 76, 5)	(76, 25, 7)	nan
(79, 74, 1)	(74, 76, 5)	(76, 25, 7)	nan
(79, 74, 1)	(74, 90, 1)	(90, 25, 7)	nan
(79, 74, 1)	(74, 29, 8)	(29, 25, 7)	nan
(79, 74, 1)	(74, 29, 8)	(29, 25, 3)	nan
(79, 70, 4)	(70, 56, 7)	(56, 25, 7)	nan
(79, 70, 4)	(70, 56, 7)	(56, 25, 6)	nan
(79, 66, 1)	(66, 25, 7)	nan
(79, 66, 1)	(66, 25, 7)	nan
(79, 66, 1)	(66, 25, 6)	nan
(79, 25, 7)	nan
