(79, 28, 0)	nan
(79, 33, 8)	(33, 54, 2)	(54, 28, 7)	nan
(79, 33, 8)	(33, 54, 2)	(54, 28, 3)	nan
(79, 33, 8)	(33, 50, 3)	(50, 28, 7)	nan
(79, 33, 8)	(33, 50, 3)	(50, 28, 5)	nan
(79, 33, 8)	(33, 74, 0)	(74, 28, 7)	nan
(79, 33, 8)	(33, 74, 0)	(74, 28, 7)	nan
(79, 33, 8)	(33, 74, 0)	(74, 28, 8)	nan
(79, 33, 8)	(33, 74, 0)	(74, 28, 3)	nan
(79, 33, 8)	(33, 87, 3)	(87, 28, 7)	nan
(79, 33, 8)	(33, 87, 3)	(87, 28, 7)	nan
(79, 33, 8)	(33, 87, 3)	(87, 28, 2)	nan
(79, 33, 8)	(33, 87, 3)	(87, 28, 6)	nan
(79, 33, 8)	(33, 29, 2)	(29, 28, 7)	nan
(79, 33, 8)	(33, 29, 2)	(29, 28, 3)	nan
(79, 33, 4)	(33, 54, 2)	(54, 28, 7)	nan
(79, 33, 4)	(33, 54, 2)	(54, 28, 3)	nan
(79, 33, 4)	(33, 50, 3)	(50, 28, 7)	nan
(79, 33, 4)	(33, 50, 3)	(50, 28, 5)	nan
(79, 33, 4)	(33, 74, 0)	(74, 28, 7)	nan
(79, 33, 4)	(33, 74, 0)	(74, 28, 7)	nan
(79, 33, 4)	(33, 74, 0)	(74, 28, 8)	nan
(79, 33, 4)	(33, 74, 0)	(74, 28, 3)	nan
(79, 33, 4)	(33, 87, 3)	(87, 28, 7)	nan
(79, 33, 4)	(33, 87, 3)	(87, 28, 7)	nan
(79, 33, 4)	(33, 87, 3)	(87, 28, 2)	nan
(79, 33, 4)	(33, 87, 3)	(87, 28, 6)	nan
(79, 33, 4)	(33, 29, 2)	(29, 28, 7)	nan
(79, 33, 4)	(33, 29, 2)	(29, 28, 3)	nan
(79, 74, 1)	(74, 28, 7)	nan
(79, 74, 1)	(74, 28, 7)	nan
(79, 74, 1)	(74, 28, 8)	nan
(79, 74, 1)	(74, 28, 3)	nan
(79, 74, 1)	(74, 76, 5)	(76, 28, 7)	nan
(79, 74, 1)	(74, 76, 5)	(76, 28, 0)	nan
(79, 74, 1)	(74, 90, 1)	(90, 28, 7)	nan
(79, 74, 1)	(74, 90, 1)	(90, 28, 5)	nan
(79, 74, 1)	(74, 35, 7)	(35, 28, 7)	nan
(79, 74, 1)	(74, 35, 7)	(35, 28, 1)	nan
(79, 74, 1)	(74, 51, 7)	(51, 28, 7)	nan
(79, 74, 1)	(74, 51, 7)	(51, 28, 2)	nan
(79, 74, 1)	(74, 29, 8)	(29, 28, 7)	nan
(79, 74, 1)	(74, 29, 8)	(29, 28, 3)	nan
(79, 70, 4)	(70, 28, 7)	nan
(79, 70, 4)	(70, 28, 4)	nan
(79, 70, 4)	(70, 51, 1)	(51, 28, 7)	nan
(79, 70, 4)	(70, 51, 1)	(51, 28, 2)	nan
(79, 70, 4)	(70, 56, 7)	(56, 28, 7)	nan
