(79, 33, 8)	(33, 21, 5)	nan
(79, 33, 8)	(33, 50, 3)	(50, 21, 5)	nan
(79, 33, 8)	(33, 50, 3)	(50, 21, 6)	nan
(79, 33, 8)	(33, 74, 0)	(74, 21, 5)	nan
(79, 33, 8)	(33, 74, 0)	(74, 21, 0)	nan
(79, 33, 8)	(33, 87, 3)	(87, 21, 5)	nan
(79, 33, 8)	(33, 41, 1)	(41, 21, 5)	nan
(79, 33, 8)	(33, 41, 1)	(41, 21, 5)	nan
(79, 33, 8)	(33, 41, 1)	(41, 21, 1)	nan
(79, 33, 8)	(33, 41, 1)	(41, 21, 8)	nan
(79, 33, 8)	(33, 84, 0)	(84, 21, 5)	nan
(79, 33, 8)	(33, 84, 0)	(84, 21, 5)	nan
(79, 33, 8)	(33, 84, 0)	(84, 21, 2)	nan
(79, 33, 8)	(33, 29, 2)	(29, 21, 5)	nan
(79, 33, 8)	(33, 29, 2)	(29, 21, 5)	nan
(79, 33, 8)	(33, 29, 2)	(29, 21, 0)	nan
(79, 33, 8)	(33, 29, 2)	(29, 21, 2)	nan
(79, 33, 4)	(33, 21, 5)	nan
(79, 33, 4)	(33, 50, 3)	(50, 21, 5)	nan
(79, 33, 4)	(33, 50, 3)	(50, 21, 6)	nan
(79, 33, 4)	(33, 74, 0)	(74, 21, 5)	nan
(79, 33, 4)	(33, 74, 0)	(74, 21, 0)	nan
(79, 33, 4)	(33, 87, 3)	(87, 21, 5)	nan
(79, 33, 4)	(33, 41, 1)	(41, 21, 5)	nan
(79, 33, 4)	(33, 41, 1)	(41, 21, 5)	nan
(79, 33, 4)	(33, 41, 1)	(41, 21, 1)	nan
(79, 33, 4)	(33, 41, 1)	(41, 21, 8)	nan
(79, 33, 4)	(33, 84, 0)	(84, 21, 5)	nan
(79, 33, 4)	(33, 84, 0)	(84, 21, 5)	nan
(79, 33, 4)	(33, 84, 0)	(84, 21, 2)	nan
(79, 33, 4)	(33, 29, 2)	(29, 21, 5)	nan
(79, 33, 4)	(33, 29, 2)	(29, 21, 5)	nan
(79, 33, 4)	(33, 29, 2)	(29, 21, 0)	nan
(79, 33, 4)	(33, 29, 2)	(29, 21, 2)	nan
(79, 21, 5)	nan
(79, 74, 1)	(74, 21, 5)	nan
(79, 74, 1)	(74, 21, 0)	nan
(79, 74, 1)	(74, 33, 8)	(33, 21, 5)	nan
(79, 74, 1)	(74, 33, 7)	(33, 21, 5)	nan
(79, 74, 1)	(74, 76, 5)	(76, 21, 5)	nan
(79, 74, 1)	(74, 76, 5)	(76, 21, 5)	nan
(79, 74, 1)	(74, 76, 5)	(76, 21, 5)	nan
(79, 74, 1)	(74, 76, 5)	(76, 21, 5)	nan
(79, 74, 1)	(74, 90, 1)	(90, 21, 5)	nan
(79, 74, 1)	(74, 90, 1)	(90, 21, 6)	nan
(79, 74, 1)	(74, 35, 7)	(35, 21, 5)	nan
(79, 74, 1)	(74, 35, 7)	(35, 21, 3)	nan
(79, 74, 1)	(74, 51, 7)	(51, 21, 5)	nan
