(79, 33, 8)	(33, 26, 7)	nan
(79, 33, 8)	(33, 26, 7)	nan
(79, 33, 8)	(33, 26, 0)	nan
(79, 33, 8)	(33, 26, 4)	nan
(79, 33, 8)	(33, 54, 2)	(54, 26, 7)	nan
(79, 33, 8)	(33, 54, 2)	(54, 26, 7)	nan
(79, 33, 8)	(33, 54, 2)	(54, 26, 3)	nan
(79, 33, 8)	(33, 54, 2)	(54, 26, 4)	nan
(79, 33, 8)	(33, 74, 0)	(74, 26, 7)	nan
(79, 33, 8)	(33, 74, 0)	(74, 26, 0)	nan
(79, 33, 8)	(33, 87, 3)	(87, 26, 7)	nan
(79, 33, 8)	(33, 87, 3)	(87, 26, 0)	nan
(79, 33, 8)	(33, 41, 1)	(41, 26, 7)	nan
(79, 33, 8)	(33, 29, 2)	(29, 26, 7)	nan
(79, 33, 8)	(33, 29, 2)	(29, 26, 2)	nan
(79, 33, 4)	(33, 26, 7)	nan
(79, 33, 4)	(33, 26, 7)	nan
(79, 33, 4)	(33, 26, 0)	nan
(79, 33, 4)	(33, 26, 4)	nan
(79, 33, 4)	(33, 54, 2)	(54, 26, 7)	nan
(79, 33, 4)	(33, 54, 2)	(54, 26, 7)	nan
(79, 33, 4)	(33, 54, 2)	(54, 26, 3)	nan
(79, 33, 4)	(33, 54, 2)	(54, 26, 4)	nan
(79, 33, 4)	(33, 74, 0)	(74, 26, 7)	nan
(79, 33, 4)	(33, 74, 0)	(74, 26, 0)	nan
(79, 33, 4)	(33, 87, 3)	(87, 26, 7)	nan
(79, 33, 4)	(33, 87, 3)	(87, 26, 0)	nan
(79, 33, 4)	(33, 41, 1)	(41, 26, 7)	nan
(79, 33, 4)	(33, 29, 2)	(29, 26, 7)	nan
(79, 33, 4)	(33, 29, 2)	(29, 26, 2)	nan
(79, 74, 1)	(74, 26, 7)	nan
(79, 74, 1)	(74, 26, 0)	nan
(79, 74, 1)	(74, 33, 8)	(33, 26, 7)	nan
(79, 74, 1)	(74, 33, 8)	(33, 26, 7)	nan
(79, 74, 1)	(74, 33, 8)	(33, 26, 0)	nan
(79, 74, 1)	(74, 33, 8)	(33, 26, 4)	nan
(79, 74, 1)	(74, 33, 7)	(33, 26, 7)	nan
(79, 74, 1)	(74, 33, 7)	(33, 26, 7)	nan
(79, 74, 1)	(74, 33, 7)	(33, 26, 0)	nan
(79, 74, 1)	(74, 33, 7)	(33, 26, 4)	nan
(79, 74, 1)	(74, 76, 5)	(76, 26, 7)	nan
(79, 74, 1)	(74, 76, 5)	(76, 26, 7)	nan
(79, 74, 1)	(74, 76, 5)	(76, 26, 7)	nan
(79, 74, 1)	(74, 76, 5)	(76, 26, 7)	nan
(79, 74, 1)	(74, 76, 5)	(76, 26, 7)	nan
(79, 74, 1)	(74, 35, 7)	(35, 26, 7)	nan
(79, 74, 1)	(74, 29, 8)	(29, 26, 7)	nan
(79, 74, 1)	(74, 29, 8)	(29, 26, 2)	nan
(79, 70, 4)	(70, 34, 8)	(34, 26, 7)	nan
(79, 70, 4)	(70, 34, 8)	(34, 26, 5)	nan
(79, 70, 4)	(70, 34, 8)	(34, 26, 7)	nan
