(79, 33, 8)	(33, 50, 3)	(50, 34, 8)	nan
(79, 33, 8)	(33, 87, 3)	(87, 34, 8)	nan
(79, 33, 8)	(33, 87, 3)	(87, 34, 7)	nan
(79, 33, 8)	(33, 41, 1)	(41, 34, 8)	nan
(79, 33, 8)	(33, 84, 0)	(84, 34, 8)	nan
(79, 33, 4)	(33, 50, 3)	(50, 34, 8)	nan
(79, 33, 4)	(33, 87, 3)	(87, 34, 8)	nan
(79, 33, 4)	(33, 87, 3)	(87, 34, 7)	nan
(79, 33, 4)	(33, 41, 1)	(41, 34, 8)	nan
(79, 33, 4)	(33, 84, 0)	(84, 34, 8)	nan
(79, 70, 4)	(70, 34, 8)	nan
(79, 70, 4)	(70, 34, 8)	nan
(79, 70, 4)	(70, 34, 7)	nan
(79, 68, 1)	(68, 72, 8)	(72, 34, 8)	nan
(79, 68, 1)	(68, 72, 8)	(72, 34, 3)	nan
(79, 44, 0)	(44, 30, 8)	(30, 34, 8)	nan
(79, 44, 0)	(44, 71, 0)	(71, 34, 8)	nan
(79, 44, 0)	(44, 71, 0)	(71, 34, 8)	nan
(79, 44, 0)	(44, 71, 0)	(71, 34, 1)	nan
(79, 44, 0)	(44, 71, 0)	(71, 34, 1)	nan
