(79, 33, 4)	nan
(79, 74, 1)	(74, 33, 8)	nan
(79, 74, 1)	(74, 33, 7)	nan
(79, 70, 4)	(70, 34, 8)	(34, 33, 8)	nan
(79, 70, 4)	(70, 34, 8)	(34, 33, 8)	nan
(79, 70, 4)	(70, 34, 7)	(34, 33, 8)	nan
(79, 70, 4)	(70, 56, 7)	(56, 33, 8)	nan
(79, 68, 1)	(68, 33, 8)	nan
(79, 68, 1)	(68, 33, 7)	nan
(79, 68, 1)	(68, 52, 8)	(52, 33, 1)	nan
(79, 68, 1)	(68, 91, 7)	(91, 33, 5)	nan
(79, 44, 0)	(44, 85, 0)	(85, 33, 8)	nan
(79, 44, 0)	(44, 85, 0)	(85, 33, 4)	nan
(79, 44, 0)	(44, 63, 0)	(63, 33, 7)	nan
(79, 44, 0)	(44, 63, 0)	(63, 33, 8)	nan
(79, 44, 0)	(44, 63, 0)	(63, 33, 8)	nan
(79, 44, 0)	(44, 74, 7)	(74, 33, 8)	nan
(79, 44, 0)	(44, 74, 7)	(74, 33, 7)	nan
