(79, 33, 8)	(33, 54, 2)	(54, 7, 1)	nan
(79, 33, 8)	(33, 54, 2)	(54, 7, 0)	nan
(79, 33, 8)	(33, 74, 0)	(74, 7, 1)	nan
(79, 33, 8)	(33, 87, 3)	(87, 7, 1)	nan
(79, 33, 8)	(33, 87, 3)	(87, 7, 1)	nan
(79, 33, 8)	(33, 87, 3)	(87, 7, 1)	nan
(79, 33, 8)	(33, 41, 1)	(41, 7, 1)	nan
(79, 33, 8)	(33, 41, 1)	(41, 7, 3)	nan
(79, 33, 8)	(33, 84, 0)	(84, 7, 1)	nan
(79, 33, 8)	(33, 84, 0)	(84, 7, 1)	nan
(79, 33, 8)	(33, 84, 0)	(84, 7, 1)	nan
(79, 33, 8)	(33, 84, 0)	(84, 7, 1)	nan
(79, 33, 4)	(33, 54, 2)	(54, 7, 1)	nan
(79, 33, 4)	(33, 54, 2)	(54, 7, 0)	nan
(79, 33, 4)	(33, 74, 0)	(74, 7, 1)	nan
(79, 33, 4)	(33, 87, 3)	(87, 7, 1)	nan
(79, 33, 4)	(33, 87, 3)	(87, 7, 1)	nan
(79, 33, 4)	(33, 87, 3)	(87, 7, 1)	nan
(79, 33, 4)	(33, 41, 1)	(41, 7, 1)	nan
(79, 33, 4)	(33, 41, 1)	(41, 7, 3)	nan
(79, 33, 4)	(33, 84, 0)	(84, 7, 1)	nan
(79, 33, 4)	(33, 84, 0)	(84, 7, 1)	nan
(79, 33, 4)	(33, 84, 0)	(84, 7, 1)	nan
(79, 33, 4)	(33, 84, 0)	(84, 7, 1)	nan
(79, 74, 1)	(74, 7, 1)	nan
(79, 74, 1)	(74, 76, 5)	(76, 7, 1)	nan
(79, 74, 1)	(74, 76, 5)	(76, 7, 0)	nan
(79, 74, 1)	(74, 90, 1)	(90, 7, 1)	nan
(79, 74, 1)	(74, 90, 1)	(90, 7, 2)	nan
(79, 74, 1)	(74, 35, 7)	(35, 7, 1)	nan
(79, 74, 1)	(74, 35, 7)	(35, 7, 0)	nan
(79, 70, 4)	(70, 34, 8)	(34, 7, 1)	nan
(79, 70, 4)	(70, 34, 8)	(34, 7, 3)	nan
(79, 70, 4)	(70, 34, 8)	(34, 7, 1)	nan
(79, 70, 4)	(70, 34, 8)	(34, 7, 3)	nan
(79, 70, 4)	(70, 34, 7)	(34, 7, 1)	nan
(79, 70, 4)	(70, 34, 7)	(34, 7, 3)	nan
(79, 66, 1)	(66, 7, 1)	nan
(79, 66, 1)	(66, 7, 1)	nan
(79, 66, 1)	(66, 7, 1)	nan
(79, 66, 1)	(66, 7, 1)	nan
(79, 68, 1)	(68, 32, 8)	(32, 7, 1)	nan
(79, 68, 1)	(68, 32, 8)	(32, 7, 6)	nan
(79, 68, 1)	(68, 32, 8)	(32, 7, 1)	nan
(79, 68, 1)	(68, 32, 8)	(32, 7, 6)	nan
(79, 68, 1)	(68, 32, 6)	(32, 7, 1)	nan
(79, 68, 1)	(68, 32, 6)	(32, 7, 6)	nan
(79, 68, 1)	(68, 7, 5)	nan
(79, 68, 1)	(68, 72, 8)	(72, 7, 1)	nan
