(80, 0, 0)	nan
(80, 66, 0)	(66, 0, 0)	nan
(80, 66, 0)	(66, 0, 8)	nan
(80, 71, 5)	(71, 34, 8)	(34, 0, 0)	nan
(80, 71, 5)	(71, 34, 8)	(34, 0, 2)	nan
(80, 71, 5)	(71, 34, 8)	(34, 0, 0)	nan
(80, 71, 5)	(71, 34, 8)	(34, 0, 2)	nan
(80, 71, 5)	(71, 34, 1)	(34, 0, 0)	nan
(80, 71, 5)	(71, 34, 1)	(34, 0, 2)	nan
(80, 71, 5)	(71, 34, 1)	(34, 0, 0)	nan
(80, 71, 5)	(71, 34, 1)	(34, 0, 2)	nan
(80, 71, 5)	(71, 0, 0)	nan
(80, 71, 5)	(71, 0, 1)	nan
(80, 71, 5)	(71, 83, 8)	(83, 0, 0)	nan
(80, 71, 5)	(71, 83, 8)	(83, 0, 8)	nan
(80, 71, 5)	(71, 31, 7)	(31, 0, 0)	nan
(80, 71, 5)	(71, 31, 7)	(31, 0, 0)	nan
(80, 71, 5)	(71, 31, 7)	(31, 0, 8)	nan
