(80, 20, 5)	nan
(80, 20, 7)	nan
(80, 66, 0)	(66, 20, 5)	nan
(80, 71, 5)	(71, 34, 8)	(34, 20, 5)	nan
(80, 71, 5)	(71, 34, 8)	(34, 20, 7)	nan
(80, 71, 5)	(71, 34, 8)	(34, 20, 5)	nan
(80, 71, 5)	(71, 34, 8)	(34, 20, 7)	nan
(80, 71, 5)	(71, 34, 1)	(34, 20, 5)	nan
(80, 71, 5)	(71, 34, 1)	(34, 20, 7)	nan
(80, 71, 5)	(71, 34, 1)	(34, 20, 5)	nan
(80, 71, 5)	(71, 34, 1)	(34, 20, 7)	nan
(80, 71, 5)	(71, 20, 5)	nan
(80, 71, 5)	(71, 20, 8)	nan
(80, 71, 5)	(71, 83, 8)	(83, 20, 5)	nan
(80, 71, 5)	(71, 83, 8)	(83, 20, 2)	nan
(80, 71, 5)	(71, 74, 7)	(74, 20, 5)	nan
(80, 71, 5)	(71, 74, 7)	(74, 20, 2)	nan
(80, 71, 5)	(71, 31, 7)	(31, 20, 5)	nan
(80, 71, 5)	(71, 31, 7)	(31, 20, 7)	nan
