(80, 26, 8)	nan
(80, 26, 2)	nan
(80, 66, 0)	(66, 26, 7)	nan
(80, 66, 0)	(66, 26, 7)	nan
(80, 66, 0)	(66, 26, 7)	nan
(80, 66, 0)	(66, 26, 7)	nan
(80, 71, 5)	(71, 34, 8)	(34, 26, 7)	nan
(80, 71, 5)	(71, 34, 8)	(34, 26, 5)	nan
(80, 71, 5)	(71, 34, 8)	(34, 26, 7)	nan
(80, 71, 5)	(71, 34, 8)	(34, 26, 5)	nan
(80, 71, 5)	(71, 34, 1)	(34, 26, 7)	nan
(80, 71, 5)	(71, 34, 1)	(34, 26, 5)	nan
(80, 71, 5)	(71, 34, 1)	(34, 26, 7)	nan
(80, 71, 5)	(71, 34, 1)	(34, 26, 5)	nan
(80, 71, 5)	(71, 26, 7)	nan
(80, 71, 5)	(71, 26, 3)	nan
(80, 71, 5)	(71, 83, 8)	(83, 26, 7)	nan
(80, 71, 5)	(71, 83, 8)	(83, 26, 7)	nan
(80, 71, 5)	(71, 83, 8)	(83, 26, 7)	nan
(80, 71, 5)	(71, 83, 8)	(83, 26, 7)	nan
(80, 71, 5)	(71, 83, 8)	(83, 26, 7)	nan
(80, 71, 5)	(71, 83, 8)	(83, 26, 7)	nan
(80, 71, 5)	(71, 83, 8)	(83, 26, 7)	nan
(80, 71, 5)	(71, 74, 7)	(74, 26, 7)	nan
(80, 71, 5)	(71, 74, 7)	(74, 26, 0)	nan
