(80, 8, 7)	nan
(80, 66, 0)	(66, 8, 1)	nan
(80, 66, 0)	(66, 8, 1)	nan
(80, 66, 0)	(66, 8, 1)	nan
(80, 66, 0)	(66, 8, 1)	nan
(80, 66, 0)	(66, 8, 1)	nan
(80, 66, 0)	(66, 8, 1)	nan
(80, 71, 5)	(71, 34, 8)	(34, 8, 1)	nan
(80, 71, 5)	(71, 34, 8)	(34, 8, 1)	nan
(80, 71, 5)	(71, 34, 8)	(34, 8, 2)	nan
(80, 71, 5)	(71, 34, 8)	(34, 8, 4)	nan
(80, 71, 5)	(71, 34, 8)	(34, 8, 1)	nan
(80, 71, 5)	(71, 34, 8)	(34, 8, 1)	nan
(80, 71, 5)	(71, 34, 8)	(34, 8, 2)	nan
(80, 71, 5)	(71, 34, 8)	(34, 8, 4)	nan
(80, 71, 5)	(71, 34, 1)	(34, 8, 1)	nan
(80, 71, 5)	(71, 34, 1)	(34, 8, 1)	nan
(80, 71, 5)	(71, 34, 1)	(34, 8, 2)	nan
(80, 71, 5)	(71, 34, 1)	(34, 8, 4)	nan
(80, 71, 5)	(71, 34, 1)	(34, 8, 1)	nan
(80, 71, 5)	(71, 34, 1)	(34, 8, 1)	nan
(80, 71, 5)	(71, 34, 1)	(34, 8, 2)	nan
(80, 71, 5)	(71, 34, 1)	(34, 8, 4)	nan
(80, 71, 5)	(71, 8, 1)	nan
(80, 71, 5)	(71, 8, 7)	nan
(80, 71, 5)	(71, 83, 8)	(83, 8, 1)	nan
