(81, 28, 1)	nan
(81, 29, 8)	(29, 28, 7)	nan
(81, 29, 8)	(29, 28, 3)	nan
(81, 29, 8)	(29, 50, 5)	(50, 28, 7)	nan
(81, 29, 8)	(29, 50, 5)	(50, 28, 5)	nan
(81, 29, 8)	(29, 88, 0)	(88, 28, 7)	nan
(81, 29, 8)	(29, 88, 0)	(88, 28, 3)	nan
(81, 29, 8)	(29, 35, 1)	(35, 28, 7)	nan
(81, 29, 8)	(29, 35, 1)	(35, 28, 1)	nan
(81, 29, 8)	(29, 76, 3)	(76, 28, 7)	nan
(81, 29, 8)	(29, 76, 3)	(76, 28, 0)	nan
(81, 29, 8)	(29, 61, 7)	(61, 28, 7)	nan
(81, 29, 8)	(29, 61, 7)	(61, 28, 7)	nan
(81, 29, 8)	(29, 61, 7)	(61, 28, 4)	nan
(81, 29, 8)	(29, 61, 7)	(61, 28, 3)	nan
(81, 29, 7)	(29, 28, 7)	nan
(81, 29, 7)	(29, 28, 3)	nan
(81, 29, 7)	(29, 50, 5)	(50, 28, 7)	nan
(81, 29, 7)	(29, 50, 5)	(50, 28, 5)	nan
(81, 29, 7)	(29, 88, 0)	(88, 28, 7)	nan
(81, 29, 7)	(29, 88, 0)	(88, 28, 3)	nan
(81, 29, 7)	(29, 35, 1)	(35, 28, 7)	nan
(81, 29, 7)	(29, 35, 1)	(35, 28, 1)	nan
(81, 29, 7)	(29, 76, 3)	(76, 28, 7)	nan
(81, 29, 7)	(29, 76, 3)	(76, 28, 0)	nan
(81, 29, 7)	(29, 61, 7)	(61, 28, 7)	nan
(81, 29, 7)	(29, 61, 7)	(61, 28, 7)	nan
(81, 29, 7)	(29, 61, 7)	(61, 28, 4)	nan
(81, 29, 7)	(29, 61, 7)	(61, 28, 3)	nan
(81, 29, 1)	(29, 28, 7)	nan
(81, 29, 1)	(29, 28, 3)	nan
(81, 29, 1)	(29, 50, 5)	(50, 28, 7)	nan
(81, 29, 1)	(29, 50, 5)	(50, 28, 5)	nan
(81, 29, 1)	(29, 88, 0)	(88, 28, 7)	nan
(81, 29, 1)	(29, 88, 0)	(88, 28, 3)	nan
(81, 29, 1)	(29, 35, 1)	(35, 28, 7)	nan
(81, 29, 1)	(29, 35, 1)	(35, 28, 1)	nan
(81, 29, 1)	(29, 76, 3)	(76, 28, 7)	nan
(81, 29, 1)	(29, 76, 3)	(76, 28, 0)	nan
(81, 29, 1)	(29, 61, 7)	(61, 28, 7)	nan
(81, 29, 1)	(29, 61, 7)	(61, 28, 7)	nan
(81, 29, 1)	(29, 61, 7)	(61, 28, 4)	nan
(81, 29, 1)	(29, 61, 7)	(61, 28, 3)	nan
(81, 76, 0)	(76, 32, 8)	(32, 28, 7)	nan
(81, 76, 0)	(76, 32, 8)	(32, 28, 7)	nan
(81, 76, 0)	(76, 32, 8)	(32, 28, 4)	nan
(81, 76, 0)	(76, 32, 8)	(32, 28, 3)	nan
(81, 76, 0)	(76, 32, 8)	(32, 28, 5)	nan
(81, 76, 0)	(76, 32, 8)	(32, 28, 7)	nan
(81, 76, 0)	(76, 32, 8)	(32, 28, 7)	nan
