(81, 20, 5)	nan
(81, 29, 8)	(29, 20, 5)	nan
(81, 29, 8)	(29, 20, 5)	nan
(81, 29, 8)	(29, 20, 4)	nan
(81, 29, 8)	(29, 35, 1)	(35, 20, 5)	nan
(81, 29, 8)	(29, 35, 1)	(35, 20, 7)	nan
(81, 29, 8)	(29, 52, 7)	(52, 20, 5)	nan
(81, 29, 8)	(29, 52, 7)	(52, 20, 5)	nan
(81, 29, 8)	(29, 52, 7)	(52, 20, 7)	nan
(81, 29, 8)	(29, 52, 7)	(52, 20, 1)	nan
(81, 29, 8)	(29, 76, 3)	(76, 20, 5)	nan
(81, 29, 8)	(29, 86, 1)	(86, 20, 5)	nan
(81, 29, 8)	(29, 86, 1)	(86, 20, 5)	nan
(81, 29, 7)	(29, 20, 5)	nan
(81, 29, 7)	(29, 20, 5)	nan
(81, 29, 7)	(29, 20, 4)	nan
(81, 29, 7)	(29, 35, 1)	(35, 20, 5)	nan
(81, 29, 7)	(29, 35, 1)	(35, 20, 7)	nan
(81, 29, 7)	(29, 52, 7)	(52, 20, 5)	nan
(81, 29, 7)	(29, 52, 7)	(52, 20, 5)	nan
(81, 29, 7)	(29, 52, 7)	(52, 20, 7)	nan
(81, 29, 7)	(29, 52, 7)	(52, 20, 1)	nan
(81, 29, 7)	(29, 76, 3)	(76, 20, 5)	nan
(81, 29, 7)	(29, 86, 1)	(86, 20, 5)	nan
(81, 29, 7)	(29, 86, 1)	(86, 20, 5)	nan
(81, 29, 1)	(29, 20, 5)	nan
(81, 29, 1)	(29, 20, 5)	nan
(81, 29, 1)	(29, 20, 4)	nan
(81, 29, 1)	(29, 35, 1)	(35, 20, 5)	nan
(81, 29, 1)	(29, 35, 1)	(35, 20, 7)	nan
(81, 29, 1)	(29, 52, 7)	(52, 20, 5)	nan
(81, 29, 1)	(29, 52, 7)	(52, 20, 5)	nan
(81, 29, 1)	(29, 52, 7)	(52, 20, 7)	nan
(81, 29, 1)	(29, 52, 7)	(52, 20, 1)	nan
(81, 29, 1)	(29, 76, 3)	(76, 20, 5)	nan
(81, 29, 1)	(29, 86, 1)	(86, 20, 5)	nan
(81, 29, 1)	(29, 86, 1)	(86, 20, 5)	nan
(81, 76, 0)	(76, 37, 8)	(37, 20, 5)	nan
(81, 76, 0)	(76, 37, 8)	(37, 20, 5)	nan
(81, 76, 0)	(76, 35, 8)	(35, 20, 5)	nan
(81, 76, 0)	(76, 35, 8)	(35, 20, 7)	nan
(81, 76, 0)	(76, 35, 8)	(35, 20, 5)	nan
(81, 76, 0)	(76, 35, 8)	(35, 20, 7)	nan
(81, 76, 0)	(76, 20, 5)	nan
(81, 32, 8)	(32, 29, 3)	(29, 20, 5)	nan
(81, 32, 8)	(32, 29, 3)	(29, 20, 5)	nan
(81, 32, 8)	(32, 29, 3)	(29, 20, 4)	nan
(81, 32, 8)	(32, 86, 7)	(86, 20, 5)	nan
(81, 32, 8)	(32, 86, 7)	(86, 20, 5)	nan
(81, 32, 8)	(32, 76, 7)	(76, 20, 5)	nan
