(81, 2, 0)	nan
(81, 29, 8)	(29, 2, 0)	nan
(81, 29, 8)	(29, 2, 0)	nan
(81, 29, 8)	(29, 2, 8)	nan
(81, 29, 8)	(29, 2, 7)	nan
(81, 29, 8)	(29, 50, 5)	(50, 2, 0)	nan
(81, 29, 8)	(29, 88, 0)	(88, 2, 0)	nan
(81, 29, 8)	(29, 88, 0)	(88, 2, 6)	nan
(81, 29, 8)	(29, 52, 7)	(52, 2, 0)	nan
(81, 29, 8)	(29, 52, 7)	(52, 2, 0)	nan
(81, 29, 8)	(29, 76, 3)	(76, 2, 0)	nan
(81, 29, 8)	(29, 76, 3)	(76, 2, 0)	nan
(81, 29, 8)	(29, 86, 1)	(86, 2, 0)	nan
(81, 29, 7)	(29, 2, 0)	nan
(81, 29, 7)	(29, 2, 0)	nan
(81, 29, 7)	(29, 2, 8)	nan
(81, 29, 7)	(29, 2, 7)	nan
(81, 29, 7)	(29, 50, 5)	(50, 2, 0)	nan
(81, 29, 7)	(29, 88, 0)	(88, 2, 0)	nan
(81, 29, 7)	(29, 88, 0)	(88, 2, 6)	nan
(81, 29, 7)	(29, 52, 7)	(52, 2, 0)	nan
(81, 29, 7)	(29, 52, 7)	(52, 2, 0)	nan
(81, 29, 7)	(29, 76, 3)	(76, 2, 0)	nan
(81, 29, 7)	(29, 76, 3)	(76, 2, 0)	nan
(81, 29, 7)	(29, 86, 1)	(86, 2, 0)	nan
(81, 29, 1)	(29, 2, 0)	nan
(81, 29, 1)	(29, 2, 0)	nan
(81, 29, 1)	(29, 2, 8)	nan
(81, 29, 1)	(29, 2, 7)	nan
(81, 29, 1)	(29, 50, 5)	(50, 2, 0)	nan
(81, 29, 1)	(29, 88, 0)	(88, 2, 0)	nan
(81, 29, 1)	(29, 88, 0)	(88, 2, 6)	nan
(81, 29, 1)	(29, 52, 7)	(52, 2, 0)	nan
(81, 29, 1)	(29, 52, 7)	(52, 2, 0)	nan
(81, 29, 1)	(29, 76, 3)	(76, 2, 0)	nan
(81, 29, 1)	(29, 76, 3)	(76, 2, 0)	nan
(81, 29, 1)	(29, 86, 1)	(86, 2, 0)	nan
(81, 76, 0)	(76, 32, 8)	(32, 2, 7)	nan
(81, 76, 0)	(76, 32, 8)	(32, 2, 7)	nan
(81, 76, 0)	(76, 32, 0)	(32, 2, 7)	nan
(81, 76, 0)	(76, 2, 0)	nan
(81, 76, 0)	(76, 2, 0)	nan
(81, 76, 0)	(76, 37, 8)	(37, 2, 0)	nan
(81, 76, 0)	(76, 40, 1)	(40, 2, 0)	nan
(81, 32, 8)	(32, 29, 3)	(29, 2, 0)	nan
(81, 32, 8)	(32, 29, 3)	(29, 2, 0)	nan
(81, 32, 8)	(32, 29, 3)	(29, 2, 8)	nan
(81, 32, 8)	(32, 29, 3)	(29, 2, 7)	nan
(81, 32, 8)	(32, 86, 7)	(86, 2, 0)	nan
(81, 32, 8)	(32, 76, 7)	(76, 2, 0)	nan
(81, 32, 8)	(32, 76, 7)	(76, 2, 0)	nan
