(81, 29, 8)	(29, 50, 5)	(50, 32, 8)	nan
(81, 29, 8)	(29, 50, 5)	(50, 32, 1)	nan
(81, 29, 8)	(29, 76, 3)	(76, 32, 8)	nan
(81, 29, 8)	(29, 76, 3)	(76, 32, 8)	nan
(81, 29, 8)	(29, 76, 3)	(76, 32, 0)	nan
(81, 29, 7)	(29, 50, 5)	(50, 32, 8)	nan
(81, 29, 7)	(29, 50, 5)	(50, 32, 1)	nan
(81, 29, 7)	(29, 76, 3)	(76, 32, 8)	nan
(81, 29, 7)	(29, 76, 3)	(76, 32, 8)	nan
(81, 29, 7)	(29, 76, 3)	(76, 32, 0)	nan
(81, 29, 1)	(29, 50, 5)	(50, 32, 8)	nan
(81, 29, 1)	(29, 50, 5)	(50, 32, 1)	nan
(81, 29, 1)	(29, 76, 3)	(76, 32, 8)	nan
(81, 29, 1)	(29, 76, 3)	(76, 32, 8)	nan
(81, 29, 1)	(29, 76, 3)	(76, 32, 0)	nan
(81, 76, 0)	(76, 32, 8)	nan
(81, 76, 0)	(76, 32, 8)	nan
(81, 76, 0)	(76, 32, 0)	nan
(81, 76, 0)	(76, 37, 8)	(37, 32, 8)	nan
(81, 32, 8)	nan
(81, 85, 0)	(85, 37, 3)	(37, 32, 8)	nan
(81, 69, 0)	(69, 36, 5)	(36, 32, 5)	nan
(81, 57, 7)	(57, 50, 7)	(50, 32, 8)	nan
(81, 57, 7)	(57, 50, 7)	(50, 32, 1)	nan
(81, 57, 7)	(57, 32, 8)	nan
(81, 57, 7)	(57, 32, 1)	nan
(81, 57, 7)	(57, 41, 1)	(41, 32, 7)	nan
(81, 33, 0)	(33, 50, 3)	(50, 32, 8)	nan
(81, 33, 0)	(33, 50, 3)	(50, 32, 1)	nan
(81, 33, 0)	(33, 41, 1)	(41, 32, 7)	nan
