(81, 29, 8)	(29, 3, 0)	nan
(81, 29, 8)	(29, 88, 0)	(88, 3, 0)	nan
(81, 29, 8)	(29, 88, 0)	(88, 3, 0)	nan
(81, 29, 8)	(29, 88, 0)	(88, 3, 3)	nan
(81, 29, 8)	(29, 35, 1)	(35, 3, 0)	nan
(81, 29, 8)	(29, 52, 7)	(52, 3, 1)	nan
(81, 29, 8)	(29, 76, 3)	(76, 3, 0)	nan
(81, 29, 8)	(29, 61, 7)	(61, 3, 0)	nan
(81, 29, 8)	(29, 61, 7)	(61, 3, 0)	nan
(81, 29, 7)	(29, 3, 0)	nan
(81, 29, 7)	(29, 88, 0)	(88, 3, 0)	nan
(81, 29, 7)	(29, 88, 0)	(88, 3, 0)	nan
(81, 29, 7)	(29, 88, 0)	(88, 3, 3)	nan
(81, 29, 7)	(29, 35, 1)	(35, 3, 0)	nan
(81, 29, 7)	(29, 52, 7)	(52, 3, 1)	nan
(81, 29, 7)	(29, 76, 3)	(76, 3, 0)	nan
(81, 29, 7)	(29, 61, 7)	(61, 3, 0)	nan
(81, 29, 7)	(29, 61, 7)	(61, 3, 0)	nan
(81, 29, 1)	(29, 3, 0)	nan
(81, 29, 1)	(29, 88, 0)	(88, 3, 0)	nan
(81, 29, 1)	(29, 88, 0)	(88, 3, 0)	nan
(81, 29, 1)	(29, 88, 0)	(88, 3, 3)	nan
(81, 29, 1)	(29, 35, 1)	(35, 3, 0)	nan
(81, 29, 1)	(29, 52, 7)	(52, 3, 1)	nan
(81, 29, 1)	(29, 76, 3)	(76, 3, 0)	nan
(81, 29, 1)	(29, 61, 7)	(61, 3, 0)	nan
(81, 29, 1)	(29, 61, 7)	(61, 3, 0)	nan
(81, 3, 0)	nan
(81, 3, 7)	nan
(81, 76, 0)	(76, 32, 8)	(32, 3, 0)	nan
(81, 76, 0)	(76, 32, 8)	(32, 3, 0)	nan
(81, 76, 0)	(76, 32, 8)	(32, 3, 0)	nan
(81, 76, 0)	(76, 32, 8)	(32, 3, 0)	nan
(81, 76, 0)	(76, 32, 8)	(32, 3, 0)	nan
(81, 76, 0)	(76, 32, 8)	(32, 3, 0)	nan
(81, 76, 0)	(76, 32, 0)	(32, 3, 0)	nan
(81, 76, 0)	(76, 32, 0)	(32, 3, 0)	nan
(81, 76, 0)	(76, 32, 0)	(32, 3, 0)	nan
(81, 76, 0)	(76, 37, 8)	(37, 3, 0)	nan
(81, 76, 0)	(76, 35, 8)	(35, 3, 0)	nan
(81, 76, 0)	(76, 35, 8)	(35, 3, 0)	nan
(81, 76, 0)	(76, 3, 0)	nan
(81, 32, 8)	(32, 29, 3)	(29, 3, 0)	nan
(81, 32, 8)	(32, 3, 0)	nan
(81, 32, 8)	(32, 3, 0)	nan
(81, 32, 8)	(32, 3, 0)	nan
(81, 32, 8)	(32, 61, 1)	(61, 3, 0)	nan
(81, 32, 8)	(32, 61, 1)	(61, 3, 0)	nan
(81, 32, 8)	(32, 76, 7)	(76, 3, 0)	nan
(81, 32, 8)	(32, 51, 1)	(51, 3, 0)	nan
(81, 32, 8)	(32, 51, 1)	(51, 3, 0)	nan
