(81, 29, 8)	(29, 52, 7)	(52, 33, 1)	nan
(81, 29, 8)	(29, 86, 1)	(86, 33, 8)	nan
(81, 29, 8)	(29, 86, 1)	(86, 33, 8)	nan
(81, 29, 8)	(29, 86, 1)	(86, 33, 3)	nan
(81, 29, 7)	(29, 52, 7)	(52, 33, 1)	nan
(81, 29, 7)	(29, 86, 1)	(86, 33, 8)	nan
(81, 29, 7)	(29, 86, 1)	(86, 33, 8)	nan
(81, 29, 7)	(29, 86, 1)	(86, 33, 3)	nan
(81, 29, 1)	(29, 52, 7)	(52, 33, 1)	nan
(81, 29, 1)	(29, 86, 1)	(86, 33, 8)	nan
(81, 29, 1)	(29, 86, 1)	(86, 33, 8)	nan
(81, 29, 1)	(29, 86, 1)	(86, 33, 3)	nan
(81, 76, 0)	(76, 40, 1)	(40, 33, 1)	nan
(81, 32, 8)	(32, 86, 7)	(86, 33, 8)	nan
(81, 32, 8)	(32, 86, 7)	(86, 33, 8)	nan
(81, 32, 8)	(32, 86, 7)	(86, 33, 3)	nan
(81, 32, 8)	(32, 40, 5)	(40, 33, 1)	nan
(81, 85, 0)	(85, 33, 8)	nan
(81, 85, 0)	(85, 33, 4)	nan
(81, 69, 0)	(69, 34, 8)	(34, 33, 8)	nan
(81, 69, 0)	(69, 34, 8)	(34, 33, 8)	nan
(81, 69, 0)	(69, 34, 7)	(34, 33, 8)	nan
(81, 69, 0)	(69, 33, 8)	nan
(81, 69, 0)	(69, 48, 2)	(48, 33, 0)	nan
(81, 69, 0)	(69, 63, 1)	(63, 33, 7)	nan
(81, 69, 0)	(69, 63, 1)	(63, 33, 8)	nan
(81, 69, 0)	(69, 63, 1)	(63, 33, 8)	nan
(81, 69, 0)	(69, 73, 2)	(73, 33, 8)	nan
(81, 69, 0)	(69, 73, 2)	(73, 33, 8)	nan
(81, 69, 0)	(69, 52, 3)	(52, 33, 1)	nan
(81, 57, 7)	(57, 56, 7)	(56, 33, 8)	nan
(81, 57, 7)	(57, 78, 7)	(78, 33, 8)	nan
(81, 57, 7)	(57, 78, 7)	(78, 33, 3)	nan
(81, 33, 0)	nan
