(82, 43, 4)	(43, 30, 8)	(30, 0, 0)	nan
(82, 43, 4)	(43, 30, 8)	(30, 0, 4)	nan
(82, 43, 4)	(43, 0, 0)	nan
(82, 43, 4)	(43, 0, 1)	nan
(82, 43, 4)	(43, 32, 8)	(32, 0, 0)	nan
(82, 43, 4)	(43, 55, 0)	(55, 0, 0)	nan
(82, 43, 4)	(43, 70, 1)	(70, 0, 0)	nan
(82, 43, 4)	(43, 70, 1)	(70, 0, 0)	nan
(82, 43, 4)	(43, 62, 5)	(62, 0, 0)	nan
(82, 43, 4)	(43, 62, 5)	(62, 0, 0)	nan
(82, 43, 4)	(43, 62, 5)	(62, 0, 7)	nan
(82, 43, 4)	(43, 63, 0)	(63, 0, 0)	nan
(82, 38, 0)	(38, 0, 0)	nan
(82, 38, 0)	(38, 0, 7)	nan
(82, 38, 0)	(38, 48, 0)	(48, 0, 0)	nan
(82, 38, 0)	(38, 48, 0)	(48, 0, 6)	nan
(82, 38, 0)	(38, 92, 2)	(92, 0, 0)	nan
(82, 38, 0)	(38, 92, 2)	(92, 0, 0)	nan
(82, 38, 0)	(38, 92, 2)	(92, 0, 1)	nan
(82, 62, 1)	(62, 0, 0)	nan
(82, 62, 1)	(62, 0, 0)	nan
(82, 62, 1)	(62, 0, 7)	nan
(82, 62, 1)	(62, 35, 8)	(35, 0, 0)	nan
(82, 62, 1)	(62, 35, 8)	(35, 0, 3)	nan
(82, 62, 1)	(62, 35, 8)	(35, 0, 4)	nan
(82, 62, 1)	(62, 81, 7)	(81, 0, 0)	nan
(82, 62, 1)	(62, 34, 8)	(34, 0, 0)	nan
(82, 62, 1)	(62, 34, 8)	(34, 0, 2)	nan
(82, 62, 1)	(62, 92, 1)	(92, 0, 0)	nan
(82, 62, 1)	(62, 92, 1)	(92, 0, 0)	nan
(82, 62, 1)	(62, 92, 1)	(92, 0, 1)	nan
(82, 62, 1)	(62, 88, 5)	(88, 0, 0)	nan
(82, 62, 1)	(62, 88, 5)	(88, 0, 3)	nan
(82, 62, 1)	(62, 88, 5)	(88, 0, 7)	nan
(82, 62, 1)	(62, 56, 7)	(56, 0, 0)	nan
(82, 62, 1)	(62, 56, 7)	(56, 0, 4)	nan
