(82, 19, 7)	nan
(82, 43, 4)	(43, 30, 8)	(30, 19, 4)	nan
(82, 43, 4)	(43, 32, 8)	(32, 19, 4)	nan
(82, 43, 4)	(43, 32, 8)	(32, 19, 3)	nan
(82, 43, 4)	(43, 55, 0)	(55, 19, 4)	nan
(82, 43, 4)	(43, 70, 1)	(70, 19, 4)	nan
(82, 43, 4)	(43, 70, 1)	(70, 19, 7)	nan
(82, 43, 4)	(43, 62, 5)	(62, 19, 4)	nan
(82, 43, 4)	(43, 62, 5)	(62, 19, 4)	nan
(82, 43, 4)	(43, 62, 5)	(62, 19, 4)	nan
(82, 43, 4)	(43, 62, 5)	(62, 19, 4)	nan
(82, 43, 4)	(43, 63, 0)	(63, 19, 4)	nan
(82, 43, 4)	(43, 63, 0)	(63, 19, 4)	nan
(82, 43, 4)	(43, 63, 0)	(63, 19, 5)	nan
(82, 43, 4)	(43, 63, 0)	(63, 19, 4)	nan
(82, 43, 4)	(43, 63, 0)	(63, 19, 4)	nan
(82, 38, 0)	(38, 19, 4)	nan
(82, 38, 0)	(38, 19, 1)	nan
(82, 38, 0)	(38, 48, 0)	(48, 19, 4)	nan
(82, 38, 0)	(38, 48, 0)	(48, 19, 4)	nan
(82, 38, 0)	(38, 92, 2)	(92, 19, 4)	nan
(82, 38, 0)	(38, 92, 2)	(92, 19, 6)	nan
(82, 62, 1)	(62, 35, 8)	(35, 19, 4)	nan
(82, 62, 1)	(62, 35, 8)	(35, 19, 7)	nan
(82, 62, 1)	(62, 19, 4)	nan
(82, 62, 1)	(62, 19, 4)	nan
(82, 62, 1)	(62, 19, 4)	nan
(82, 62, 1)	(62, 19, 4)	nan
(82, 62, 1)	(62, 81, 7)	(81, 19, 4)	nan
(82, 62, 1)	(62, 81, 7)	(81, 19, 4)	nan
(82, 62, 1)	(62, 34, 8)	(34, 19, 4)	nan
(82, 62, 1)	(62, 34, 8)	(34, 19, 3)	nan
(82, 62, 1)	(62, 92, 1)	(92, 19, 4)	nan
(82, 62, 1)	(62, 92, 1)	(92, 19, 6)	nan
(82, 62, 1)	(62, 88, 5)	(88, 19, 4)	nan
(82, 62, 1)	(62, 88, 5)	(88, 19, 0)	nan
(82, 62, 1)	(62, 56, 7)	(56, 19, 4)	nan
(82, 62, 1)	(62, 56, 7)	(56, 19, 3)	nan
(82, 62, 1)	(62, 37, 1)	(37, 19, 4)	nan
(82, 62, 1)	(62, 37, 1)	(37, 19, 4)	nan
(82, 62, 1)	(62, 37, 1)	(37, 19, 4)	nan
(82, 62, 1)	(62, 32, 8)	(32, 19, 4)	nan
(82, 62, 1)	(62, 32, 8)	(32, 19, 3)	nan
(82, 62, 1)	(62, 31, 7)	(31, 19, 4)	nan
(82, 62, 1)	(62, 31, 7)	(31, 19, 2)	nan
