(82, 43, 4)	(43, 32, 8)	(32, 10, 2)	nan
(82, 43, 4)	(43, 55, 0)	(55, 10, 2)	nan
(82, 43, 4)	(43, 55, 0)	(55, 10, 4)	nan
(82, 43, 4)	(43, 10, 2)	nan
(82, 43, 4)	(43, 10, 2)	nan
(82, 43, 4)	(43, 10, 2)	nan
(82, 43, 4)	(43, 89, 0)	(89, 10, 2)	nan
(82, 43, 4)	(43, 89, 7)	(89, 10, 2)	nan
(82, 43, 4)	(43, 70, 1)	(70, 10, 2)	nan
(82, 43, 4)	(43, 62, 5)	(62, 10, 2)	nan
(82, 43, 4)	(43, 63, 0)	(63, 10, 2)	nan
(82, 43, 4)	(43, 63, 0)	(63, 10, 2)	nan
(82, 38, 0)	(38, 48, 0)	(48, 10, 2)	nan
(82, 38, 0)	(38, 48, 0)	(48, 10, 2)	nan
(82, 38, 0)	(38, 48, 0)	(48, 10, 8)	nan
(82, 38, 0)	(38, 48, 0)	(48, 10, 8)	nan
(82, 10, 2)	nan
(82, 62, 1)	(62, 35, 8)	(35, 10, 2)	nan
(82, 62, 1)	(62, 35, 8)	(35, 10, 5)	nan
(82, 62, 1)	(62, 65, 2)	(65, 10, 2)	nan
(82, 62, 1)	(62, 89, 5)	(89, 10, 2)	nan
(82, 62, 1)	(62, 34, 8)	(34, 10, 2)	nan
(82, 62, 1)	(62, 56, 7)	(56, 10, 2)	nan
(82, 62, 1)	(62, 56, 7)	(56, 10, 2)	nan
(82, 62, 1)	(62, 56, 7)	(56, 10, 7)	nan
(82, 62, 1)	(62, 32, 8)	(32, 10, 2)	nan
(82, 62, 1)	(62, 10, 2)	nan
(82, 62, 1)	(62, 31, 7)	(31, 10, 2)	nan
