(82, 15, 6)	nan
(82, 15, 8)	nan
(82, 43, 4)	(43, 30, 8)	(30, 15, 3)	nan
(82, 43, 4)	(43, 55, 0)	(55, 15, 3)	nan
(82, 43, 4)	(43, 55, 0)	(55, 15, 3)	nan
(82, 43, 4)	(43, 55, 0)	(55, 15, 7)	nan
(82, 43, 4)	(43, 62, 5)	(62, 15, 3)	nan
(82, 43, 4)	(43, 62, 5)	(62, 15, 3)	nan
(82, 43, 4)	(43, 62, 5)	(62, 15, 2)	nan
(82, 43, 4)	(43, 62, 5)	(62, 15, 6)	nan
(82, 43, 4)	(43, 15, 3)	nan
(82, 43, 4)	(43, 15, 3)	nan
(82, 43, 4)	(43, 63, 0)	(63, 15, 3)	nan
(82, 43, 4)	(43, 63, 0)	(63, 15, 3)	nan
(82, 43, 4)	(43, 63, 0)	(63, 15, 7)	nan
(82, 38, 0)	(38, 92, 2)	(92, 15, 3)	nan
(82, 38, 0)	(38, 92, 2)	(92, 15, 6)	nan
(82, 62, 1)	(62, 15, 3)	nan
(82, 62, 1)	(62, 15, 3)	nan
(82, 62, 1)	(62, 15, 2)	nan
(82, 62, 1)	(62, 15, 6)	nan
(82, 62, 1)	(62, 35, 8)	(35, 15, 3)	nan
(82, 62, 1)	(62, 35, 8)	(35, 15, 8)	nan
(82, 62, 1)	(62, 81, 7)	(81, 15, 3)	nan
(82, 62, 1)	(62, 34, 8)	(34, 15, 3)	nan
(82, 62, 1)	(62, 34, 8)	(34, 15, 1)	nan
(82, 62, 1)	(62, 92, 1)	(92, 15, 3)	nan
(82, 62, 1)	(62, 92, 1)	(92, 15, 6)	nan
(82, 62, 1)	(62, 56, 7)	(56, 15, 3)	nan
(82, 62, 1)	(62, 37, 1)	(37, 15, 3)	nan
