(82, 21, 4)	nan
(82, 21, 0)	nan
(82, 43, 4)	(43, 21, 5)	nan
(82, 43, 4)	(43, 21, 5)	nan
(82, 43, 4)	(43, 21, 0)	nan
(82, 43, 4)	(43, 21, 7)	nan
(82, 43, 4)	(43, 21, 1)	nan
(82, 43, 4)	(43, 30, 8)	(30, 21, 5)	nan
(82, 43, 4)	(43, 30, 8)	(30, 21, 3)	nan
(82, 43, 4)	(43, 55, 0)	(55, 21, 7)	nan
(82, 43, 4)	(43, 62, 5)	(62, 21, 5)	nan
(82, 43, 4)	(43, 62, 5)	(62, 21, 5)	nan
(82, 43, 4)	(43, 62, 5)	(62, 21, 4)	nan
(82, 43, 4)	(43, 62, 5)	(62, 21, 6)	nan
(82, 43, 4)	(43, 63, 0)	(63, 21, 5)	nan
(82, 43, 4)	(43, 63, 0)	(63, 21, 4)	nan
(82, 38, 0)	(38, 92, 2)	(92, 21, 5)	nan
(82, 38, 0)	(38, 92, 2)	(92, 21, 2)	nan
(82, 62, 1)	(62, 21, 5)	nan
(82, 62, 1)	(62, 21, 5)	nan
(82, 62, 1)	(62, 21, 4)	nan
(82, 62, 1)	(62, 21, 6)	nan
(82, 62, 1)	(62, 35, 8)	(35, 21, 5)	nan
(82, 62, 1)	(62, 35, 8)	(35, 21, 3)	nan
(82, 62, 1)	(62, 65, 2)	(65, 21, 5)	nan
(82, 62, 1)	(62, 65, 2)	(65, 21, 5)	nan
(82, 62, 1)	(62, 65, 2)	(65, 21, 4)	nan
(82, 62, 1)	(62, 34, 8)	(34, 21, 5)	nan
(82, 62, 1)	(62, 92, 1)	(92, 21, 5)	nan
(82, 62, 1)	(62, 92, 1)	(92, 21, 2)	nan
(82, 62, 1)	(62, 56, 7)	(56, 21, 5)	nan
(82, 62, 1)	(62, 31, 7)	(31, 21, 5)	nan
(82, 62, 1)	(62, 31, 7)	(31, 21, 3)	nan
