(82, 43, 4)	(43, 30, 8)	(30, 25, 7)	nan
(82, 43, 4)	(43, 30, 8)	(30, 25, 2)	nan
(82, 43, 4)	(43, 32, 8)	(32, 25, 7)	nan
(82, 43, 4)	(43, 32, 8)	(32, 25, 7)	nan
(82, 43, 4)	(43, 32, 8)	(32, 25, 6)	nan
(82, 43, 4)	(43, 32, 8)	(32, 25, 0)	nan
(82, 43, 4)	(43, 55, 0)	(55, 25, 2)	nan
(82, 43, 4)	(43, 89, 0)	(89, 25, 7)	nan
(82, 43, 4)	(43, 89, 7)	(89, 25, 7)	nan
(82, 43, 4)	(43, 62, 5)	(62, 25, 7)	nan
(82, 43, 4)	(43, 62, 5)	(62, 25, 7)	nan
(82, 43, 4)	(43, 62, 5)	(62, 25, 6)	nan
(82, 43, 4)	(43, 63, 0)	(63, 25, 7)	nan
(82, 43, 4)	(43, 63, 0)	(63, 25, 7)	nan
(82, 43, 4)	(43, 63, 0)	(63, 25, 6)	nan
(82, 38, 0)	(38, 25, 7)	nan
(82, 38, 0)	(38, 25, 2)	nan
(82, 38, 0)	(38, 48, 0)	(48, 25, 7)	nan
(82, 38, 0)	(38, 48, 0)	(48, 25, 7)	nan
(82, 38, 0)	(38, 92, 2)	(92, 25, 7)	nan
(82, 38, 0)	(38, 92, 2)	(92, 25, 7)	nan
(82, 38, 0)	(38, 92, 2)	(92, 25, 0)	nan
(82, 62, 1)	(62, 25, 7)	nan
(82, 62, 1)	(62, 25, 7)	nan
(82, 62, 1)	(62, 25, 6)	nan
(82, 62, 1)	(62, 65, 2)	(65, 25, 7)	nan
(82, 62, 1)	(62, 65, 2)	(65, 25, 7)	nan
(82, 62, 1)	(62, 65, 2)	(65, 25, 2)	nan
(82, 62, 1)	(62, 65, 2)	(65, 25, 1)	nan
(82, 62, 1)	(62, 89, 5)	(89, 25, 7)	nan
(82, 62, 1)	(62, 92, 1)	(92, 25, 7)	nan
(82, 62, 1)	(62, 92, 1)	(92, 25, 7)	nan
(82, 62, 1)	(62, 92, 1)	(92, 25, 0)	nan
(82, 62, 1)	(62, 56, 7)	(56, 25, 7)	nan
(82, 62, 1)	(62, 56, 7)	(56, 25, 6)	nan
(82, 62, 1)	(62, 32, 8)	(32, 25, 7)	nan
(82, 62, 1)	(62, 32, 8)	(32, 25, 7)	nan
(82, 62, 1)	(62, 32, 8)	(32, 25, 6)	nan
(82, 62, 1)	(62, 32, 8)	(32, 25, 0)	nan
(82, 62, 1)	(62, 31, 7)	(31, 25, 7)	nan
(82, 62, 1)	(62, 31, 7)	(31, 25, 7)	nan
(82, 62, 1)	(62, 31, 7)	(31, 25, 5)	nan
