(82, 20, 7)	nan
(82, 20, 4)	nan
(82, 43, 4)	(43, 20, 5)	nan
(82, 43, 4)	(43, 20, 0)	nan
(82, 43, 4)	(43, 55, 0)	(55, 20, 5)	nan
(82, 43, 4)	(43, 55, 0)	(55, 20, 5)	nan
(82, 43, 4)	(43, 62, 5)	(62, 20, 5)	nan
(82, 43, 4)	(43, 62, 5)	(62, 20, 1)	nan
(82, 43, 4)	(43, 63, 0)	(63, 20, 5)	nan
(82, 43, 4)	(43, 63, 0)	(63, 20, 2)	nan
(82, 38, 0)	(38, 48, 0)	(48, 20, 5)	nan
(82, 38, 0)	(38, 20, 5)	nan
(82, 62, 1)	(62, 20, 5)	nan
(82, 62, 1)	(62, 20, 1)	nan
(82, 62, 1)	(62, 35, 8)	(35, 20, 5)	nan
(82, 62, 1)	(62, 35, 8)	(35, 20, 7)	nan
(82, 62, 1)	(62, 81, 7)	(81, 20, 5)	nan
(82, 62, 1)	(62, 81, 7)	(81, 20, 5)	nan
(82, 62, 1)	(62, 34, 8)	(34, 20, 5)	nan
(82, 62, 1)	(62, 34, 8)	(34, 20, 7)	nan
(82, 62, 1)	(62, 56, 7)	(56, 20, 2)	nan
(82, 62, 1)	(62, 56, 7)	(56, 20, 5)	nan
(82, 62, 1)	(62, 56, 7)	(56, 20, 5)	nan
(82, 62, 1)	(62, 37, 1)	(37, 20, 5)	nan
(82, 62, 1)	(62, 37, 1)	(37, 20, 5)	nan
(82, 62, 1)	(62, 31, 7)	(31, 20, 5)	nan
(82, 62, 1)	(62, 31, 7)	(31, 20, 7)	nan
