(82, 43, 4)	(43, 26, 7)	nan
(82, 43, 4)	(43, 26, 7)	nan
(82, 43, 4)	(43, 26, 1)	nan
(82, 43, 4)	(43, 26, 3)	nan
(82, 43, 4)	(43, 30, 8)	(30, 26, 7)	nan
(82, 43, 4)	(43, 30, 8)	(30, 26, 7)	nan
(82, 43, 4)	(43, 30, 8)	(30, 26, 4)	nan
(82, 43, 4)	(43, 30, 8)	(30, 26, 5)	nan
(82, 43, 4)	(43, 32, 8)	(32, 26, 7)	nan
(82, 43, 4)	(43, 32, 8)	(32, 26, 8)	nan
(82, 43, 4)	(43, 55, 0)	(55, 26, 7)	nan
(82, 43, 4)	(43, 55, 0)	(55, 26, 7)	nan
(82, 43, 4)	(43, 55, 0)	(55, 26, 3)	nan
(82, 43, 4)	(43, 89, 0)	(89, 26, 7)	nan
(82, 43, 4)	(43, 89, 0)	(89, 26, 5)	nan
(82, 43, 4)	(43, 89, 7)	(89, 26, 7)	nan
(82, 43, 4)	(43, 89, 7)	(89, 26, 5)	nan
(82, 43, 4)	(43, 70, 1)	(70, 26, 7)	nan
(82, 43, 4)	(43, 70, 1)	(70, 26, 1)	nan
(82, 43, 4)	(43, 70, 1)	(70, 26, 6)	nan
(82, 43, 4)	(43, 62, 5)	(62, 26, 7)	nan
(82, 43, 4)	(43, 62, 5)	(62, 26, 8)	nan
(82, 43, 4)	(43, 63, 0)	(63, 26, 7)	nan
(82, 43, 4)	(43, 63, 0)	(63, 26, 3)	nan
(82, 38, 0)	(38, 26, 7)	nan
(82, 38, 0)	(38, 26, 7)	nan
(82, 38, 0)	(38, 26, 7)	nan
(82, 38, 0)	(38, 26, 7)	nan
(82, 38, 0)	(38, 26, 7)	nan
(82, 38, 0)	(38, 26, 7)	nan
(82, 38, 0)	(38, 26, 7)	nan
(82, 38, 0)	(38, 26, 7)	nan
(82, 38, 0)	(38, 26, 7)	nan
(82, 38, 0)	(38, 26, 7)	nan
(82, 38, 0)	(38, 48, 0)	(48, 26, 7)	nan
(82, 38, 0)	(38, 48, 0)	(48, 26, 7)	nan
(82, 38, 0)	(38, 48, 0)	(48, 26, 2)	nan
(82, 38, 0)	(38, 48, 0)	(48, 26, 0)	nan
(82, 38, 0)	(38, 92, 2)	(92, 26, 7)	nan
(82, 38, 0)	(38, 92, 2)	(92, 26, 7)	nan
(82, 38, 0)	(38, 92, 2)	(92, 26, 4)	nan
(82, 38, 0)	(38, 92, 2)	(92, 26, 2)	nan
(82, 62, 1)	(62, 35, 8)	(35, 26, 7)	nan
(82, 62, 1)	(62, 26, 7)	nan
(82, 62, 1)	(62, 26, 8)	nan
(82, 62, 1)	(62, 65, 2)	(65, 26, 7)	nan
(82, 62, 1)	(62, 65, 2)	(65, 26, 4)	nan
