(82, 43, 4)	(43, 22, 5)	nan
(82, 43, 4)	(43, 30, 8)	(30, 22, 5)	nan
(82, 43, 4)	(43, 30, 8)	(30, 22, 7)	nan
(82, 43, 4)	(43, 32, 8)	(32, 22, 5)	nan
(82, 43, 4)	(43, 32, 8)	(32, 22, 5)	nan
(82, 43, 4)	(43, 32, 8)	(32, 22, 6)	nan
(82, 43, 4)	(43, 55, 0)	(55, 22, 5)	nan
(82, 43, 4)	(43, 70, 1)	(70, 22, 5)	nan
(82, 43, 4)	(43, 63, 0)	(63, 22, 5)	nan
(82, 38, 0)	(38, 48, 0)	(48, 22, 5)	nan
(82, 38, 0)	(38, 48, 0)	(48, 22, 6)	nan
(82, 38, 0)	(38, 22, 5)	nan
(82, 62, 1)	(62, 35, 8)	(35, 22, 5)	nan
(82, 62, 1)	(62, 35, 8)	(35, 22, 5)	nan
(82, 62, 1)	(62, 35, 8)	(35, 22, 3)	nan
(82, 62, 1)	(62, 81, 7)	(81, 22, 5)	nan
(82, 62, 1)	(62, 81, 7)	(81, 22, 5)	nan
(82, 62, 1)	(62, 56, 7)	(56, 22, 5)	nan
(82, 62, 1)	(62, 37, 1)	(37, 22, 5)	nan
(82, 62, 1)	(62, 32, 8)	(32, 22, 5)	nan
(82, 62, 1)	(62, 32, 8)	(32, 22, 5)	nan
(82, 62, 1)	(62, 32, 8)	(32, 22, 6)	nan
(82, 62, 1)	(62, 31, 7)	(31, 22, 5)	nan
(82, 62, 1)	(62, 31, 7)	(31, 22, 8)	nan
(82, 22, 5)	nan
