(82, 43, 4)	(43, 6, 1)	nan
(82, 43, 4)	(43, 6, 3)	nan
(82, 43, 4)	(43, 55, 0)	(55, 6, 1)	nan
(82, 43, 4)	(43, 55, 0)	(55, 6, 7)	nan
(82, 43, 4)	(43, 89, 0)	(89, 6, 1)	nan
(82, 43, 4)	(43, 89, 0)	(89, 6, 1)	nan
(82, 43, 4)	(43, 89, 0)	(89, 6, 0)	nan
(82, 43, 4)	(43, 89, 7)	(89, 6, 1)	nan
(82, 43, 4)	(43, 89, 7)	(89, 6, 1)	nan
(82, 43, 4)	(43, 89, 7)	(89, 6, 0)	nan
(82, 43, 4)	(43, 70, 1)	(70, 6, 1)	nan
(82, 43, 4)	(43, 62, 5)	(62, 6, 1)	nan
(82, 43, 4)	(43, 62, 5)	(62, 6, 2)	nan
(82, 38, 0)	(38, 6, 1)	nan
(82, 38, 0)	(38, 6, 1)	nan
(82, 38, 0)	(38, 6, 1)	nan
(82, 38, 0)	(38, 6, 1)	nan
(82, 38, 0)	(38, 6, 1)	nan
(82, 38, 0)	(38, 6, 1)	nan
(82, 38, 0)	(38, 6, 1)	nan
(82, 38, 0)	(38, 6, 1)	nan
(82, 38, 0)	(38, 6, 1)	nan
(82, 38, 0)	(38, 6, 1)	nan
(82, 38, 0)	(38, 92, 2)	(92, 6, 1)	nan
(82, 38, 0)	(38, 92, 2)	(92, 6, 3)	nan
(82, 62, 1)	(62, 6, 1)	nan
(82, 62, 1)	(62, 6, 2)	nan
(82, 62, 1)	(62, 35, 8)	(35, 6, 1)	nan
(82, 62, 1)	(62, 35, 8)	(35, 6, 1)	nan
(82, 62, 1)	(62, 81, 7)	(81, 6, 1)	nan
(82, 62, 1)	(62, 81, 7)	(81, 6, 1)	nan
(82, 62, 1)	(62, 81, 7)	(81, 6, 7)	nan
(82, 62, 1)	(62, 89, 5)	(89, 6, 1)	nan
(82, 62, 1)	(62, 89, 5)	(89, 6, 1)	nan
(82, 62, 1)	(62, 89, 5)	(89, 6, 0)	nan
(82, 62, 1)	(62, 34, 8)	(34, 6, 1)	nan
(82, 62, 1)	(62, 34, 8)	(34, 6, 6)	nan
(82, 62, 1)	(62, 92, 1)	(92, 6, 1)	nan
(82, 62, 1)	(62, 92, 1)	(92, 6, 3)	nan
(82, 62, 1)	(62, 88, 5)	(88, 6, 1)	nan
(82, 62, 1)	(62, 56, 7)	(56, 6, 5)	nan
(82, 62, 1)	(62, 37, 1)	(37, 6, 7)	nan
(82, 62, 1)	(62, 31, 7)	(31, 6, 1)	nan
