(82, 43, 4)	(43, 30, 8)	(30, 7, 1)	nan
(82, 43, 4)	(43, 30, 8)	(30, 7, 4)	nan
(82, 43, 4)	(43, 32, 8)	(32, 7, 1)	nan
(82, 43, 4)	(43, 32, 8)	(32, 7, 6)	nan
(82, 43, 4)	(43, 55, 0)	(55, 7, 1)	nan
(82, 43, 4)	(43, 55, 0)	(55, 7, 2)	nan
(82, 43, 4)	(43, 89, 0)	(89, 7, 1)	nan
(82, 43, 4)	(43, 89, 0)	(89, 7, 5)	nan
(82, 43, 4)	(43, 89, 7)	(89, 7, 1)	nan
(82, 43, 4)	(43, 89, 7)	(89, 7, 5)	nan
(82, 43, 4)	(43, 62, 5)	(62, 7, 1)	nan
(82, 43, 4)	(43, 62, 5)	(62, 7, 1)	nan
(82, 43, 4)	(43, 62, 5)	(62, 7, 8)	nan
(82, 43, 4)	(43, 63, 0)	(63, 7, 1)	nan
(82, 43, 4)	(43, 63, 0)	(63, 7, 3)	nan
(82, 38, 0)	(38, 7, 1)	nan
(82, 38, 0)	(38, 7, 1)	nan
(82, 62, 1)	(62, 7, 1)	nan
(82, 62, 1)	(62, 7, 1)	nan
(82, 62, 1)	(62, 7, 8)	nan
(82, 62, 1)	(62, 35, 8)	(35, 7, 1)	nan
(82, 62, 1)	(62, 35, 8)	(35, 7, 0)	nan
(82, 62, 1)	(62, 65, 2)	(65, 7, 1)	nan
(82, 62, 1)	(62, 65, 2)	(65, 7, 1)	nan
(82, 62, 1)	(62, 65, 2)	(65, 7, 5)	nan
(82, 62, 1)	(62, 89, 5)	(89, 7, 1)	nan
(82, 62, 1)	(62, 89, 5)	(89, 7, 5)	nan
(82, 62, 1)	(62, 34, 8)	(34, 7, 1)	nan
(82, 62, 1)	(62, 34, 8)	(34, 7, 3)	nan
(82, 62, 1)	(62, 37, 1)	(37, 7, 1)	nan
(82, 62, 1)	(62, 37, 1)	(37, 7, 1)	nan
(82, 62, 1)	(62, 32, 8)	(32, 7, 1)	nan
(82, 62, 1)	(62, 32, 8)	(32, 7, 6)	nan
(82, 7, 1)	nan
