(83, 1, 1)	nan
(83, 29, 8)	(29, 1, 0)	nan
(83, 29, 8)	(29, 88, 0)	(88, 1, 0)	nan
(83, 29, 8)	(29, 35, 1)	(35, 1, 0)	nan
(83, 29, 8)	(29, 61, 7)	(61, 1, 0)	nan
(83, 29, 8)	(29, 61, 7)	(61, 1, 0)	nan
(83, 29, 2)	(29, 1, 0)	nan
(83, 29, 2)	(29, 88, 0)	(88, 1, 0)	nan
(83, 29, 2)	(29, 35, 1)	(35, 1, 0)	nan
(83, 29, 2)	(29, 61, 7)	(61, 1, 0)	nan
(83, 29, 2)	(29, 61, 7)	(61, 1, 0)	nan
(83, 87, 0)	(87, 51, 7)	(51, 1, 0)	nan
(83, 87, 0)	(87, 40, 7)	(40, 1, 0)	nan
(83, 87, 0)	(87, 40, 7)	(40, 1, 0)	nan
(83, 87, 0)	(87, 40, 7)	(40, 1, 1)	nan
(83, 87, 0)	(87, 40, 7)	(40, 1, 1)	nan
(83, 87, 0)	(87, 40, 7)	(40, 1, 1)	nan
(83, 87, 0)	(87, 35, 8)	(35, 1, 0)	nan
(83, 87, 0)	(87, 1, 0)	nan
(83, 82, 1)	(82, 43, 4)	(43, 1, 0)	nan
(83, 82, 1)	(82, 43, 4)	(43, 1, 5)	nan
(83, 82, 1)	(82, 38, 0)	(38, 1, 0)	nan
(83, 82, 1)	(82, 38, 0)	(38, 1, 5)	nan
(83, 82, 1)	(82, 62, 1)	(62, 1, 0)	nan
(83, 76, 3)	(76, 32, 8)	(32, 1, 0)	nan
(83, 76, 3)	(76, 32, 8)	(32, 1, 0)	nan
(83, 76, 3)	(76, 32, 0)	(32, 1, 0)	nan
(83, 76, 3)	(76, 37, 8)	(37, 1, 0)	nan
(83, 76, 3)	(76, 37, 8)	(37, 1, 5)	nan
(83, 76, 3)	(76, 40, 1)	(40, 1, 0)	nan
(83, 76, 3)	(76, 40, 1)	(40, 1, 0)	nan
(83, 76, 3)	(76, 40, 1)	(40, 1, 1)	nan
(83, 76, 3)	(76, 40, 1)	(40, 1, 1)	nan
(83, 76, 3)	(76, 40, 1)	(40, 1, 1)	nan
(83, 76, 3)	(76, 35, 8)	(35, 1, 0)	nan
(83, 76, 3)	(76, 35, 8)	(35, 1, 0)	nan
(83, 85, 0)	(85, 33, 8)	(33, 1, 0)	nan
(83, 85, 0)	(85, 33, 8)	(33, 1, 0)	nan
(83, 85, 0)	(85, 33, 8)	(33, 1, 3)	nan
(83, 85, 0)	(85, 33, 4)	(33, 1, 0)	nan
(83, 85, 0)	(85, 33, 4)	(33, 1, 0)	nan
(83, 85, 0)	(85, 33, 4)	(33, 1, 3)	nan
(83, 85, 0)	(85, 35, 1)	(35, 1, 0)	nan
(83, 85, 0)	(85, 1, 0)	nan
(83, 85, 0)	(85, 1, 0)	nan
(83, 85, 0)	(85, 1, 0)	nan
(83, 85, 0)	(85, 37, 3)	(37, 1, 0)	nan
(83, 85, 0)	(85, 37, 3)	(37, 1, 5)	nan
(83, 49, 1)	(49, 41, 2)	(41, 1, 0)	nan
