(83, 12, 3)	nan
(83, 12, 1)	nan
(83, 29, 8)	(29, 12, 3)	nan
(83, 29, 8)	(29, 12, 4)	nan
(83, 29, 8)	(29, 35, 1)	(35, 12, 3)	nan
(83, 29, 8)	(29, 35, 1)	(35, 12, 3)	nan
(83, 29, 8)	(29, 35, 1)	(35, 12, 4)	nan
(83, 29, 8)	(29, 86, 1)	(86, 12, 7)	nan
(83, 29, 2)	(29, 12, 3)	nan
(83, 29, 2)	(29, 12, 4)	nan
(83, 29, 2)	(29, 35, 1)	(35, 12, 3)	nan
(83, 29, 2)	(29, 35, 1)	(35, 12, 3)	nan
(83, 29, 2)	(29, 35, 1)	(35, 12, 4)	nan
(83, 29, 2)	(29, 86, 1)	(86, 12, 7)	nan
(83, 87, 0)	(87, 34, 8)	(34, 12, 3)	nan
(83, 87, 0)	(87, 34, 7)	(34, 12, 3)	nan
(83, 87, 0)	(87, 44, 5)	(44, 12, 3)	nan
(83, 87, 0)	(87, 12, 3)	nan
(83, 87, 0)	(87, 35, 8)	(35, 12, 3)	nan
(83, 87, 0)	(87, 35, 8)	(35, 12, 3)	nan
(83, 87, 0)	(87, 35, 8)	(35, 12, 4)	nan
(83, 82, 1)	(82, 43, 4)	(43, 12, 0)	nan
(83, 82, 1)	(82, 12, 3)	nan
(83, 76, 3)	(76, 32, 8)	(32, 12, 3)	nan
(83, 76, 3)	(76, 32, 8)	(32, 12, 4)	nan
(83, 76, 3)	(76, 32, 8)	(32, 12, 3)	nan
(83, 76, 3)	(76, 32, 8)	(32, 12, 4)	nan
(83, 76, 3)	(76, 32, 0)	(32, 12, 3)	nan
(83, 76, 3)	(76, 32, 0)	(32, 12, 4)	nan
(83, 76, 3)	(76, 35, 8)	(35, 12, 3)	nan
(83, 76, 3)	(76, 35, 8)	(35, 12, 3)	nan
(83, 76, 3)	(76, 35, 8)	(35, 12, 4)	nan
(83, 76, 3)	(76, 35, 8)	(35, 12, 3)	nan
(83, 76, 3)	(76, 35, 8)	(35, 12, 3)	nan
(83, 76, 3)	(76, 35, 8)	(35, 12, 4)	nan
(83, 85, 0)	(85, 33, 8)	(33, 12, 3)	nan
(83, 85, 0)	(85, 33, 4)	(33, 12, 3)	nan
(83, 85, 0)	(85, 12, 3)	nan
(83, 85, 0)	(85, 35, 1)	(35, 12, 3)	nan
(83, 85, 0)	(85, 35, 1)	(35, 12, 3)	nan
(83, 85, 0)	(85, 35, 1)	(35, 12, 4)	nan
(83, 49, 1)	(49, 12, 3)	nan
(83, 49, 1)	(49, 12, 0)	nan
(83, 49, 1)	(49, 58, 3)	(58, 12, 3)	nan
(83, 49, 1)	(49, 58, 3)	(58, 12, 3)	nan
(83, 49, 1)	(49, 58, 3)	(58, 12, 1)	nan
(83, 49, 1)	(49, 58, 3)	(58, 12, 2)	nan
(83, 49, 1)	(49, 58, 2)	(58, 12, 3)	nan
(83, 49, 1)	(49, 58, 2)	(58, 12, 3)	nan
(83, 49, 1)	(49, 58, 2)	(58, 12, 1)	nan
