(83, 16, 7)	nan
(83, 29, 8)	(29, 50, 5)	(50, 16, 3)	nan
(83, 29, 8)	(29, 88, 0)	(88, 16, 3)	nan
(83, 29, 8)	(29, 88, 0)	(88, 16, 3)	nan
(83, 29, 8)	(29, 88, 0)	(88, 16, 2)	nan
(83, 29, 8)	(29, 16, 2)	nan
(83, 29, 8)	(29, 35, 1)	(35, 16, 5)	nan
(83, 29, 8)	(29, 86, 1)	(86, 16, 3)	nan
(83, 29, 2)	(29, 50, 5)	(50, 16, 3)	nan
(83, 29, 2)	(29, 88, 0)	(88, 16, 3)	nan
(83, 29, 2)	(29, 88, 0)	(88, 16, 3)	nan
(83, 29, 2)	(29, 88, 0)	(88, 16, 2)	nan
(83, 29, 2)	(29, 16, 2)	nan
(83, 29, 2)	(29, 35, 1)	(35, 16, 5)	nan
(83, 29, 2)	(29, 86, 1)	(86, 16, 3)	nan
(83, 87, 0)	(87, 34, 8)	(34, 16, 3)	nan
(83, 87, 0)	(87, 34, 7)	(34, 16, 3)	nan
(83, 87, 0)	(87, 59, 4)	(59, 16, 3)	nan
(83, 87, 0)	(87, 59, 4)	(59, 16, 3)	nan
(83, 87, 0)	(87, 59, 4)	(59, 16, 5)	nan
(83, 87, 0)	(87, 59, 4)	(59, 16, 0)	nan
(83, 87, 0)	(87, 35, 8)	(35, 16, 5)	nan
(83, 82, 1)	(82, 38, 0)	(38, 16, 3)	nan
(83, 82, 1)	(82, 62, 1)	(62, 16, 3)	nan
(83, 76, 3)	(76, 32, 8)	(32, 16, 3)	nan
(83, 76, 3)	(76, 32, 8)	(32, 16, 3)	nan
(83, 76, 3)	(76, 32, 8)	(32, 16, 6)	nan
(83, 76, 3)	(76, 32, 8)	(32, 16, 3)	nan
(83, 76, 3)	(76, 32, 8)	(32, 16, 3)	nan
(83, 76, 3)	(76, 32, 8)	(32, 16, 6)	nan
(83, 76, 3)	(76, 32, 0)	(32, 16, 3)	nan
(83, 76, 3)	(76, 32, 0)	(32, 16, 3)	nan
(83, 76, 3)	(76, 32, 0)	(32, 16, 6)	nan
(83, 76, 3)	(76, 35, 8)	(35, 16, 5)	nan
(83, 76, 3)	(76, 35, 8)	(35, 16, 5)	nan
(83, 85, 0)	(85, 16, 3)	nan
(83, 85, 0)	(85, 16, 1)	nan
(83, 85, 0)	(85, 35, 1)	(35, 16, 5)	nan
(83, 78, 0)	(78, 35, 8)	(35, 16, 5)	nan
(83, 78, 0)	(78, 45, 8)	(45, 16, 3)	nan
