(83, 29, 8)	(29, 11, 2)	nan
(83, 29, 8)	(29, 11, 2)	nan
(83, 29, 8)	(29, 11, 7)	nan
(83, 29, 8)	(29, 88, 0)	(88, 11, 2)	nan
(83, 29, 8)	(29, 88, 0)	(88, 11, 1)	nan
(83, 29, 8)	(29, 35, 1)	(35, 11, 2)	nan
(83, 29, 8)	(29, 35, 1)	(35, 11, 8)	nan
(83, 29, 8)	(29, 52, 7)	(52, 11, 2)	nan
(83, 29, 8)	(29, 52, 7)	(52, 11, 2)	nan
(83, 29, 8)	(29, 52, 7)	(52, 11, 6)	nan
(83, 29, 8)	(29, 76, 3)	(76, 11, 2)	nan
(83, 29, 8)	(29, 76, 3)	(76, 11, 7)	nan
(83, 29, 8)	(29, 86, 1)	(86, 11, 2)	nan
(83, 29, 8)	(29, 86, 1)	(86, 11, 2)	nan
(83, 29, 8)	(29, 86, 1)	(86, 11, 5)	nan
(83, 29, 8)	(29, 86, 1)	(86, 11, 5)	nan
(83, 29, 8)	(29, 61, 7)	(61, 11, 2)	nan
(83, 29, 8)	(29, 61, 7)	(61, 11, 2)	nan
(83, 29, 8)	(29, 61, 7)	(61, 11, 5)	nan
(83, 29, 2)	(29, 11, 2)	nan
(83, 29, 2)	(29, 11, 2)	nan
(83, 29, 2)	(29, 11, 7)	nan
(83, 29, 2)	(29, 88, 0)	(88, 11, 2)	nan
(83, 29, 2)	(29, 88, 0)	(88, 11, 1)	nan
(83, 29, 2)	(29, 35, 1)	(35, 11, 2)	nan
(83, 29, 2)	(29, 35, 1)	(35, 11, 8)	nan
(83, 29, 2)	(29, 52, 7)	(52, 11, 2)	nan
(83, 29, 2)	(29, 52, 7)	(52, 11, 2)	nan
(83, 29, 2)	(29, 52, 7)	(52, 11, 6)	nan
(83, 29, 2)	(29, 76, 3)	(76, 11, 2)	nan
(83, 29, 2)	(29, 76, 3)	(76, 11, 7)	nan
(83, 29, 2)	(29, 86, 1)	(86, 11, 2)	nan
(83, 29, 2)	(29, 86, 1)	(86, 11, 2)	nan
(83, 29, 2)	(29, 86, 1)	(86, 11, 5)	nan
(83, 29, 2)	(29, 86, 1)	(86, 11, 5)	nan
(83, 29, 2)	(29, 61, 7)	(61, 11, 2)	nan
(83, 29, 2)	(29, 61, 7)	(61, 11, 2)	nan
(83, 29, 2)	(29, 61, 7)	(61, 11, 5)	nan
(83, 11, 2)	nan
(83, 87, 0)	(87, 34, 8)	(34, 11, 2)	nan
(83, 87, 0)	(87, 34, 8)	(34, 11, 8)	nan
(83, 87, 0)	(87, 34, 7)	(34, 11, 2)	nan
(83, 87, 0)	(87, 34, 7)	(34, 11, 8)	nan
(83, 87, 0)	(87, 44, 5)	(44, 11, 2)	nan
(83, 87, 0)	(87, 44, 5)	(44, 11, 2)	nan
(83, 87, 0)	(87, 44, 5)	(44, 11, 6)	nan
(83, 87, 0)	(87, 44, 5)	(44, 11, 4)	nan
(83, 87, 0)	(87, 11, 2)	nan
