(83, 29, 8)	(29, 28, 7)	nan
(83, 29, 8)	(29, 28, 3)	nan
(83, 29, 8)	(29, 50, 5)	(50, 28, 7)	nan
(83, 29, 8)	(29, 50, 5)	(50, 28, 5)	nan
(83, 29, 8)	(29, 88, 0)	(88, 28, 7)	nan
(83, 29, 8)	(29, 88, 0)	(88, 28, 3)	nan
(83, 29, 8)	(29, 35, 1)	(35, 28, 7)	nan
(83, 29, 8)	(29, 35, 1)	(35, 28, 1)	nan
(83, 29, 8)	(29, 76, 3)	(76, 28, 7)	nan
(83, 29, 8)	(29, 76, 3)	(76, 28, 0)	nan
(83, 29, 8)	(29, 61, 7)	(61, 28, 7)	nan
(83, 29, 8)	(29, 61, 7)	(61, 28, 7)	nan
(83, 29, 8)	(29, 61, 7)	(61, 28, 4)	nan
(83, 29, 8)	(29, 61, 7)	(61, 28, 3)	nan
(83, 29, 2)	(29, 28, 7)	nan
(83, 29, 2)	(29, 28, 3)	nan
(83, 29, 2)	(29, 50, 5)	(50, 28, 7)	nan
(83, 29, 2)	(29, 50, 5)	(50, 28, 5)	nan
(83, 29, 2)	(29, 88, 0)	(88, 28, 7)	nan
(83, 29, 2)	(29, 88, 0)	(88, 28, 3)	nan
(83, 29, 2)	(29, 35, 1)	(35, 28, 7)	nan
(83, 29, 2)	(29, 35, 1)	(35, 28, 1)	nan
(83, 29, 2)	(29, 76, 3)	(76, 28, 7)	nan
(83, 29, 2)	(29, 76, 3)	(76, 28, 0)	nan
(83, 29, 2)	(29, 61, 7)	(61, 28, 7)	nan
(83, 29, 2)	(29, 61, 7)	(61, 28, 7)	nan
(83, 29, 2)	(29, 61, 7)	(61, 28, 4)	nan
(83, 29, 2)	(29, 61, 7)	(61, 28, 3)	nan
(83, 87, 0)	(87, 28, 7)	nan
(83, 87, 0)	(87, 28, 7)	nan
(83, 87, 0)	(87, 28, 2)	nan
(83, 87, 0)	(87, 28, 6)	nan
(83, 87, 0)	(87, 44, 5)	(44, 28, 7)	nan
(83, 87, 0)	(87, 44, 5)	(44, 28, 4)	nan
(83, 87, 0)	(87, 59, 4)	(59, 28, 7)	nan
(83, 87, 0)	(87, 59, 4)	(59, 28, 5)	nan
(83, 87, 0)	(87, 51, 7)	(51, 28, 7)	nan
(83, 87, 0)	(87, 51, 7)	(51, 28, 2)	nan
(83, 87, 0)	(87, 40, 7)	(40, 28, 7)	nan
(83, 87, 0)	(87, 40, 7)	(40, 28, 3)	nan
(83, 87, 0)	(87, 35, 8)	(35, 28, 7)	nan
(83, 87, 0)	(87, 35, 8)	(35, 28, 1)	nan
(83, 82, 1)	(82, 43, 4)	(43, 28, 7)	nan
(83, 82, 1)	(82, 43, 4)	(43, 28, 5)	nan
(83, 82, 1)	(82, 43, 4)	(43, 28, 6)	nan
(83, 82, 1)	(82, 38, 0)	(38, 28, 7)	nan
(83, 82, 1)	(82, 38, 0)	(38, 28, 2)	nan
(83, 76, 3)	(76, 32, 8)	(32, 28, 7)	nan
(83, 76, 3)	(76, 32, 8)	(32, 28, 7)	nan
(83, 76, 3)	(76, 32, 8)	(32, 28, 4)	nan
(83, 76, 3)	(76, 32, 8)	(32, 28, 3)	nan
