(83, 25, 1)	nan
(83, 29, 8)	(29, 25, 7)	nan
(83, 29, 8)	(29, 25, 3)	nan
(83, 29, 8)	(29, 50, 5)	(50, 25, 7)	nan
(83, 29, 8)	(29, 50, 5)	(50, 25, 0)	nan
(83, 29, 8)	(29, 52, 7)	(52, 25, 7)	nan
(83, 29, 8)	(29, 52, 7)	(52, 25, 0)	nan
(83, 29, 8)	(29, 76, 3)	(76, 25, 7)	nan
(83, 29, 8)	(29, 76, 3)	(76, 25, 7)	nan
(83, 29, 8)	(29, 76, 3)	(76, 25, 7)	nan
(83, 29, 8)	(29, 76, 3)	(76, 25, 7)	nan
(83, 29, 8)	(29, 76, 3)	(76, 25, 7)	nan
(83, 29, 8)	(29, 76, 3)	(76, 25, 7)	nan
(83, 29, 8)	(29, 76, 3)	(76, 25, 7)	nan
(83, 29, 8)	(29, 86, 1)	(86, 25, 7)	nan
(83, 29, 8)	(29, 86, 1)	(86, 25, 7)	nan
(83, 29, 8)	(29, 86, 1)	(86, 25, 1)	nan
(83, 29, 8)	(29, 61, 7)	(61, 25, 7)	nan
(83, 29, 8)	(29, 61, 7)	(61, 25, 7)	nan
(83, 29, 8)	(29, 61, 7)	(61, 25, 2)	nan
(83, 29, 2)	(29, 25, 7)	nan
(83, 29, 2)	(29, 25, 3)	nan
(83, 29, 2)	(29, 50, 5)	(50, 25, 7)	nan
(83, 29, 2)	(29, 50, 5)	(50, 25, 0)	nan
(83, 29, 2)	(29, 52, 7)	(52, 25, 7)	nan
(83, 29, 2)	(29, 52, 7)	(52, 25, 0)	nan
(83, 29, 2)	(29, 76, 3)	(76, 25, 7)	nan
(83, 29, 2)	(29, 76, 3)	(76, 25, 7)	nan
(83, 29, 2)	(29, 76, 3)	(76, 25, 7)	nan
(83, 29, 2)	(29, 76, 3)	(76, 25, 7)	nan
(83, 29, 2)	(29, 76, 3)	(76, 25, 7)	nan
(83, 29, 2)	(29, 76, 3)	(76, 25, 7)	nan
(83, 29, 2)	(29, 76, 3)	(76, 25, 7)	nan
(83, 29, 2)	(29, 86, 1)	(86, 25, 7)	nan
(83, 29, 2)	(29, 86, 1)	(86, 25, 7)	nan
(83, 29, 2)	(29, 86, 1)	(86, 25, 1)	nan
(83, 29, 2)	(29, 61, 7)	(61, 25, 7)	nan
(83, 29, 2)	(29, 61, 7)	(61, 25, 7)	nan
(83, 29, 2)	(29, 61, 7)	(61, 25, 2)	nan
(83, 87, 0)	(87, 44, 5)	(44, 25, 7)	nan
(83, 87, 0)	(87, 44, 5)	(44, 25, 4)	nan
(83, 87, 0)	(87, 59, 4)	(59, 25, 7)	nan
(83, 87, 0)	(87, 59, 4)	(59, 25, 7)	nan
(83, 87, 0)	(87, 59, 4)	(59, 25, 6)	nan
(83, 87, 0)	(87, 40, 7)	(40, 25, 7)	nan
(83, 87, 0)	(87, 40, 7)	(40, 25, 5)	nan
(83, 82, 1)	(82, 25, 7)	nan
(83, 82, 1)	(82, 25, 7)	nan
(83, 82, 1)	(82, 25, 7)	nan
(83, 82, 1)	(82, 38, 0)	(38, 25, 7)	nan
