(83, 20, 2)	nan
(83, 29, 8)	(29, 20, 5)	nan
(83, 29, 8)	(29, 20, 5)	nan
(83, 29, 8)	(29, 20, 4)	nan
(83, 29, 8)	(29, 35, 1)	(35, 20, 5)	nan
(83, 29, 8)	(29, 35, 1)	(35, 20, 7)	nan
(83, 29, 8)	(29, 52, 7)	(52, 20, 5)	nan
(83, 29, 8)	(29, 52, 7)	(52, 20, 5)	nan
(83, 29, 8)	(29, 52, 7)	(52, 20, 7)	nan
(83, 29, 8)	(29, 52, 7)	(52, 20, 1)	nan
(83, 29, 8)	(29, 76, 3)	(76, 20, 5)	nan
(83, 29, 8)	(29, 86, 1)	(86, 20, 5)	nan
(83, 29, 8)	(29, 86, 1)	(86, 20, 5)	nan
(83, 29, 2)	(29, 20, 5)	nan
(83, 29, 2)	(29, 20, 5)	nan
(83, 29, 2)	(29, 20, 4)	nan
(83, 29, 2)	(29, 35, 1)	(35, 20, 5)	nan
(83, 29, 2)	(29, 35, 1)	(35, 20, 7)	nan
(83, 29, 2)	(29, 52, 7)	(52, 20, 5)	nan
(83, 29, 2)	(29, 52, 7)	(52, 20, 5)	nan
(83, 29, 2)	(29, 52, 7)	(52, 20, 7)	nan
(83, 29, 2)	(29, 52, 7)	(52, 20, 1)	nan
(83, 29, 2)	(29, 76, 3)	(76, 20, 5)	nan
(83, 29, 2)	(29, 86, 1)	(86, 20, 5)	nan
(83, 29, 2)	(29, 86, 1)	(86, 20, 5)	nan
(83, 87, 0)	(87, 20, 5)	nan
(83, 87, 0)	(87, 20, 5)	nan
(83, 87, 0)	(87, 20, 8)	nan
(83, 87, 0)	(87, 34, 8)	(34, 20, 5)	nan
(83, 87, 0)	(87, 34, 8)	(34, 20, 7)	nan
(83, 87, 0)	(87, 34, 7)	(34, 20, 5)	nan
(83, 87, 0)	(87, 34, 7)	(34, 20, 7)	nan
(83, 87, 0)	(87, 44, 5)	(44, 20, 5)	nan
(83, 87, 0)	(87, 44, 5)	(44, 20, 0)	nan
(83, 87, 0)	(87, 59, 4)	(59, 20, 5)	nan
(83, 87, 0)	(87, 59, 4)	(59, 20, 5)	nan
(83, 87, 0)	(87, 59, 4)	(59, 20, 5)	nan
(83, 87, 0)	(87, 59, 4)	(59, 20, 5)	nan
(83, 87, 0)	(87, 51, 7)	(51, 20, 5)	nan
(83, 87, 0)	(87, 51, 7)	(51, 20, 0)	nan
(83, 87, 0)	(87, 35, 8)	(35, 20, 5)	nan
(83, 87, 0)	(87, 35, 8)	(35, 20, 7)	nan
(83, 82, 1)	(82, 20, 5)	nan
(83, 82, 1)	(82, 20, 5)	nan
(83, 82, 1)	(82, 20, 7)	nan
(83, 82, 1)	(82, 20, 4)	nan
(83, 82, 1)	(82, 43, 4)	(43, 20, 5)	nan
(83, 82, 1)	(82, 43, 4)	(43, 20, 0)	nan
(83, 82, 1)	(82, 38, 0)	(38, 20, 5)	nan
(83, 82, 1)	(82, 62, 1)	(62, 20, 5)	nan
