(83, 29, 8)	(29, 21, 5)	nan
(83, 29, 8)	(29, 21, 5)	nan
(83, 29, 8)	(29, 21, 0)	nan
(83, 29, 8)	(29, 21, 2)	nan
(83, 29, 8)	(29, 50, 5)	(50, 21, 5)	nan
(83, 29, 8)	(29, 50, 5)	(50, 21, 6)	nan
(83, 29, 8)	(29, 35, 1)	(35, 21, 5)	nan
(83, 29, 8)	(29, 35, 1)	(35, 21, 3)	nan
(83, 29, 8)	(29, 52, 7)	(52, 21, 5)	nan
(83, 29, 8)	(29, 52, 7)	(52, 21, 5)	nan
(83, 29, 8)	(29, 52, 7)	(52, 21, 8)	nan
(83, 29, 8)	(29, 52, 7)	(52, 21, 4)	nan
(83, 29, 8)	(29, 76, 3)	(76, 21, 5)	nan
(83, 29, 8)	(29, 76, 3)	(76, 21, 5)	nan
(83, 29, 8)	(29, 76, 3)	(76, 21, 5)	nan
(83, 29, 8)	(29, 76, 3)	(76, 21, 5)	nan
(83, 29, 8)	(29, 86, 1)	(86, 21, 5)	nan
(83, 29, 8)	(29, 86, 1)	(86, 21, 5)	nan
(83, 29, 8)	(29, 86, 1)	(86, 21, 3)	nan
(83, 29, 8)	(29, 61, 7)	(61, 21, 5)	nan
(83, 29, 2)	(29, 21, 5)	nan
(83, 29, 2)	(29, 21, 5)	nan
(83, 29, 2)	(29, 21, 0)	nan
(83, 29, 2)	(29, 21, 2)	nan
(83, 29, 2)	(29, 50, 5)	(50, 21, 5)	nan
(83, 29, 2)	(29, 50, 5)	(50, 21, 6)	nan
(83, 29, 2)	(29, 35, 1)	(35, 21, 5)	nan
(83, 29, 2)	(29, 35, 1)	(35, 21, 3)	nan
(83, 29, 2)	(29, 52, 7)	(52, 21, 5)	nan
(83, 29, 2)	(29, 52, 7)	(52, 21, 5)	nan
(83, 29, 2)	(29, 52, 7)	(52, 21, 8)	nan
(83, 29, 2)	(29, 52, 7)	(52, 21, 4)	nan
(83, 29, 2)	(29, 76, 3)	(76, 21, 5)	nan
(83, 29, 2)	(29, 76, 3)	(76, 21, 5)	nan
(83, 29, 2)	(29, 76, 3)	(76, 21, 5)	nan
(83, 29, 2)	(29, 76, 3)	(76, 21, 5)	nan
(83, 29, 2)	(29, 86, 1)	(86, 21, 5)	nan
(83, 29, 2)	(29, 86, 1)	(86, 21, 5)	nan
(83, 29, 2)	(29, 86, 1)	(86, 21, 3)	nan
(83, 29, 2)	(29, 61, 7)	(61, 21, 5)	nan
(83, 21, 5)	nan
(83, 87, 0)	(87, 21, 5)	nan
(83, 87, 0)	(87, 34, 8)	(34, 21, 5)	nan
(83, 87, 0)	(87, 34, 7)	(34, 21, 5)	nan
(83, 87, 0)	(87, 59, 4)	(59, 21, 5)	nan
(83, 87, 0)	(87, 51, 7)	(51, 21, 5)	nan
(83, 87, 0)	(87, 51, 7)	(51, 21, 5)	nan
(83, 87, 0)	(87, 51, 7)	(51, 21, 7)	nan
(83, 87, 0)	(87, 51, 7)	(51, 21, 8)	nan
(83, 87, 0)	(87, 35, 8)	(35, 21, 5)	nan
