(83, 29, 8)	(29, 26, 7)	nan
(83, 29, 8)	(29, 26, 2)	nan
(83, 29, 8)	(29, 88, 0)	(88, 26, 7)	nan
(83, 29, 8)	(29, 88, 0)	(88, 26, 7)	nan
(83, 29, 8)	(29, 88, 0)	(88, 26, 8)	nan
(83, 29, 8)	(29, 88, 0)	(88, 26, 2)	nan
(83, 29, 8)	(29, 35, 1)	(35, 26, 7)	nan
(83, 29, 8)	(29, 76, 3)	(76, 26, 7)	nan
(83, 29, 8)	(29, 76, 3)	(76, 26, 7)	nan
(83, 29, 8)	(29, 76, 3)	(76, 26, 7)	nan
(83, 29, 8)	(29, 76, 3)	(76, 26, 7)	nan
(83, 29, 8)	(29, 76, 3)	(76, 26, 7)	nan
(83, 29, 8)	(29, 86, 1)	(86, 26, 7)	nan
(83, 29, 8)	(29, 61, 7)	(61, 26, 7)	nan
(83, 29, 8)	(29, 61, 7)	(61, 26, 8)	nan
(83, 29, 2)	(29, 26, 7)	nan
(83, 29, 2)	(29, 26, 2)	nan
(83, 29, 2)	(29, 88, 0)	(88, 26, 7)	nan
(83, 29, 2)	(29, 88, 0)	(88, 26, 7)	nan
(83, 29, 2)	(29, 88, 0)	(88, 26, 8)	nan
(83, 29, 2)	(29, 88, 0)	(88, 26, 2)	nan
(83, 29, 2)	(29, 35, 1)	(35, 26, 7)	nan
(83, 29, 2)	(29, 76, 3)	(76, 26, 7)	nan
(83, 29, 2)	(29, 76, 3)	(76, 26, 7)	nan
(83, 29, 2)	(29, 76, 3)	(76, 26, 7)	nan
(83, 29, 2)	(29, 76, 3)	(76, 26, 7)	nan
(83, 29, 2)	(29, 76, 3)	(76, 26, 7)	nan
(83, 29, 2)	(29, 86, 1)	(86, 26, 7)	nan
(83, 29, 2)	(29, 61, 7)	(61, 26, 7)	nan
(83, 29, 2)	(29, 61, 7)	(61, 26, 8)	nan
(83, 87, 0)	(87, 34, 8)	(34, 26, 7)	nan
(83, 87, 0)	(87, 34, 8)	(34, 26, 5)	nan
(83, 87, 0)	(87, 34, 7)	(34, 26, 7)	nan
(83, 87, 0)	(87, 34, 7)	(34, 26, 5)	nan
(83, 87, 0)	(87, 26, 7)	nan
(83, 87, 0)	(87, 26, 0)	nan
(83, 87, 0)	(87, 44, 5)	(44, 26, 7)	nan
(83, 87, 0)	(87, 44, 5)	(44, 26, 4)	nan
(83, 87, 0)	(87, 59, 4)	(59, 26, 7)	nan
(83, 87, 0)	(87, 59, 4)	(59, 26, 7)	nan
(83, 87, 0)	(87, 59, 4)	(59, 26, 6)	nan
(83, 87, 0)	(87, 59, 4)	(59, 26, 0)	nan
(83, 87, 0)	(87, 35, 8)	(35, 26, 7)	nan
(83, 82, 1)	(82, 26, 7)	nan
(83, 82, 1)	(82, 26, 7)	nan
(83, 82, 1)	(82, 26, 7)	nan
(83, 82, 1)	(82, 26, 7)	nan
(83, 82, 1)	(82, 43, 4)	(43, 26, 7)	nan
(83, 82, 1)	(82, 43, 4)	(43, 26, 7)	nan
(83, 82, 1)	(82, 43, 4)	(43, 26, 1)	nan
(83, 82, 1)	(82, 43, 4)	(43, 26, 3)	nan
