(83, 29, 8)	(29, 50, 5)	(50, 32, 8)	nan
(83, 29, 8)	(29, 50, 5)	(50, 32, 1)	nan
(83, 29, 8)	(29, 76, 3)	(76, 32, 8)	nan
(83, 29, 8)	(29, 76, 3)	(76, 32, 8)	nan
(83, 29, 8)	(29, 76, 3)	(76, 32, 0)	nan
(83, 29, 2)	(29, 50, 5)	(50, 32, 8)	nan
(83, 29, 2)	(29, 50, 5)	(50, 32, 1)	nan
(83, 29, 2)	(29, 76, 3)	(76, 32, 8)	nan
(83, 29, 2)	(29, 76, 3)	(76, 32, 8)	nan
(83, 29, 2)	(29, 76, 3)	(76, 32, 0)	nan
(83, 82, 1)	(82, 43, 4)	(43, 32, 8)	nan
(83, 82, 1)	(82, 62, 1)	(62, 32, 8)	nan
(83, 76, 3)	(76, 32, 8)	nan
(83, 76, 3)	(76, 32, 8)	nan
(83, 76, 3)	(76, 32, 0)	nan
(83, 76, 3)	(76, 37, 8)	(37, 32, 8)	nan
(83, 85, 0)	(85, 37, 3)	(37, 32, 8)	nan
(83, 49, 1)	(49, 41, 2)	(41, 32, 7)	nan
