(83, 29, 8)	(29, 3, 0)	nan
(83, 29, 8)	(29, 88, 0)	(88, 3, 0)	nan
(83, 29, 8)	(29, 88, 0)	(88, 3, 0)	nan
(83, 29, 8)	(29, 88, 0)	(88, 3, 3)	nan
(83, 29, 8)	(29, 35, 1)	(35, 3, 0)	nan
(83, 29, 8)	(29, 52, 7)	(52, 3, 1)	nan
(83, 29, 8)	(29, 76, 3)	(76, 3, 0)	nan
(83, 29, 8)	(29, 61, 7)	(61, 3, 0)	nan
(83, 29, 8)	(29, 61, 7)	(61, 3, 0)	nan
(83, 29, 2)	(29, 3, 0)	nan
(83, 29, 2)	(29, 88, 0)	(88, 3, 0)	nan
(83, 29, 2)	(29, 88, 0)	(88, 3, 0)	nan
(83, 29, 2)	(29, 88, 0)	(88, 3, 3)	nan
(83, 29, 2)	(29, 35, 1)	(35, 3, 0)	nan
(83, 29, 2)	(29, 52, 7)	(52, 3, 1)	nan
(83, 29, 2)	(29, 76, 3)	(76, 3, 0)	nan
(83, 29, 2)	(29, 61, 7)	(61, 3, 0)	nan
(83, 29, 2)	(29, 61, 7)	(61, 3, 0)	nan
(83, 3, 0)	nan
(83, 87, 0)	(87, 34, 8)	(34, 3, 0)	nan
(83, 87, 0)	(87, 34, 7)	(34, 3, 0)	nan
(83, 87, 0)	(87, 44, 5)	(44, 3, 0)	nan
(83, 87, 0)	(87, 51, 7)	(51, 3, 0)	nan
(83, 87, 0)	(87, 51, 7)	(51, 3, 0)	nan
(83, 87, 0)	(87, 3, 0)	nan
(83, 87, 0)	(87, 35, 8)	(35, 3, 0)	nan
(83, 82, 1)	(82, 3, 0)	nan
(83, 82, 1)	(82, 3, 2)	nan
(83, 82, 1)	(82, 43, 4)	(43, 3, 0)	nan
(83, 76, 3)	(76, 32, 8)	(32, 3, 0)	nan
(83, 76, 3)	(76, 32, 8)	(32, 3, 0)	nan
(83, 76, 3)	(76, 32, 8)	(32, 3, 0)	nan
(83, 76, 3)	(76, 32, 8)	(32, 3, 0)	nan
(83, 76, 3)	(76, 32, 8)	(32, 3, 0)	nan
(83, 76, 3)	(76, 32, 8)	(32, 3, 0)	nan
(83, 76, 3)	(76, 32, 0)	(32, 3, 0)	nan
(83, 76, 3)	(76, 32, 0)	(32, 3, 0)	nan
(83, 76, 3)	(76, 32, 0)	(32, 3, 0)	nan
(83, 76, 3)	(76, 37, 8)	(37, 3, 0)	nan
(83, 76, 3)	(76, 35, 8)	(35, 3, 0)	nan
(83, 76, 3)	(76, 35, 8)	(35, 3, 0)	nan
(83, 76, 3)	(76, 3, 0)	nan
(83, 85, 0)	(85, 35, 1)	(35, 3, 0)	nan
(83, 85, 0)	(85, 37, 3)	(37, 3, 0)	nan
(83, 49, 1)	(49, 41, 2)	(41, 3, 0)	nan
(83, 49, 1)	(49, 41, 2)	(41, 3, 0)	nan
(83, 49, 1)	(49, 41, 2)	(41, 3, 3)	nan
(83, 49, 1)	(49, 58, 3)	(58, 3, 0)	nan
(83, 49, 1)	(49, 58, 2)	(58, 3, 0)	nan
(83, 49, 1)	(49, 78, 7)	(78, 3, 0)	nan
(83, 78, 0)	(78, 35, 8)	(35, 3, 0)	nan
