(83, 29, 8)	(29, 88, 0)	(88, 4, 0)	nan
(83, 29, 8)	(29, 61, 7)	(61, 4, 0)	nan
(83, 29, 8)	(29, 4, 0)	nan
(83, 29, 2)	(29, 88, 0)	(88, 4, 0)	nan
(83, 29, 2)	(29, 61, 7)	(61, 4, 0)	nan
(83, 29, 2)	(29, 4, 0)	nan
(83, 87, 0)	(87, 44, 5)	(44, 4, 0)	nan
(83, 87, 0)	(87, 59, 4)	(59, 4, 0)	nan
(83, 87, 0)	(87, 40, 7)	(40, 4, 0)	nan
(83, 87, 0)	(87, 40, 7)	(40, 4, 7)	nan
(83, 82, 1)	(82, 43, 4)	(43, 4, 0)	nan
(83, 82, 1)	(82, 43, 4)	(43, 4, 5)	nan
(83, 82, 1)	(82, 62, 1)	(62, 4, 0)	nan
(83, 82, 1)	(82, 62, 1)	(62, 4, 0)	nan
(83, 82, 1)	(82, 4, 0)	nan
(83, 76, 3)	(76, 40, 1)	(40, 4, 0)	nan
(83, 76, 3)	(76, 40, 1)	(40, 4, 7)	nan
(83, 85, 0)	(85, 33, 8)	(33, 4, 0)	nan
(83, 85, 0)	(85, 33, 4)	(33, 4, 0)	nan
(83, 49, 1)	(49, 41, 2)	(41, 4, 0)	nan
(83, 49, 1)	(49, 41, 2)	(41, 4, 0)	nan
(83, 49, 1)	(49, 41, 2)	(41, 4, 2)	nan
(83, 78, 0)	(78, 33, 8)	(33, 4, 0)	nan
(83, 78, 0)	(78, 33, 3)	(33, 4, 0)	nan
(83, 78, 0)	(78, 45, 8)	(45, 4, 0)	nan
