(83, 6, 8)	nan
(83, 29, 8)	(29, 6, 1)	nan
(83, 29, 8)	(29, 6, 2)	nan
(83, 29, 8)	(29, 50, 5)	(50, 6, 1)	nan
(83, 29, 8)	(29, 50, 5)	(50, 6, 1)	nan
(83, 29, 8)	(29, 50, 5)	(50, 6, 5)	nan
(83, 29, 8)	(29, 50, 5)	(50, 6, 7)	nan
(83, 29, 8)	(29, 88, 0)	(88, 6, 1)	nan
(83, 29, 8)	(29, 35, 1)	(35, 6, 1)	nan
(83, 29, 8)	(29, 35, 1)	(35, 6, 1)	nan
(83, 29, 8)	(29, 52, 7)	(52, 6, 1)	nan
(83, 29, 8)	(29, 52, 7)	(52, 6, 0)	nan
(83, 29, 8)	(29, 76, 3)	(76, 6, 1)	nan
(83, 29, 8)	(29, 76, 3)	(76, 6, 1)	nan
(83, 29, 8)	(29, 76, 3)	(76, 6, 1)	nan
(83, 29, 8)	(29, 76, 3)	(76, 6, 1)	nan
(83, 29, 8)	(29, 76, 3)	(76, 6, 1)	nan
(83, 29, 8)	(29, 76, 3)	(76, 6, 1)	nan
(83, 29, 8)	(29, 76, 3)	(76, 6, 1)	nan
(83, 29, 8)	(29, 61, 7)	(61, 6, 1)	nan
(83, 29, 8)	(29, 61, 7)	(61, 6, 1)	nan
(83, 29, 2)	(29, 6, 1)	nan
(83, 29, 2)	(29, 6, 2)	nan
(83, 29, 2)	(29, 50, 5)	(50, 6, 1)	nan
(83, 29, 2)	(29, 50, 5)	(50, 6, 1)	nan
(83, 29, 2)	(29, 50, 5)	(50, 6, 5)	nan
(83, 29, 2)	(29, 50, 5)	(50, 6, 7)	nan
(83, 29, 2)	(29, 88, 0)	(88, 6, 1)	nan
(83, 29, 2)	(29, 35, 1)	(35, 6, 1)	nan
(83, 29, 2)	(29, 35, 1)	(35, 6, 1)	nan
(83, 29, 2)	(29, 52, 7)	(52, 6, 1)	nan
(83, 29, 2)	(29, 52, 7)	(52, 6, 0)	nan
(83, 29, 2)	(29, 76, 3)	(76, 6, 1)	nan
(83, 29, 2)	(29, 76, 3)	(76, 6, 1)	nan
(83, 29, 2)	(29, 76, 3)	(76, 6, 1)	nan
(83, 29, 2)	(29, 76, 3)	(76, 6, 1)	nan
(83, 29, 2)	(29, 76, 3)	(76, 6, 1)	nan
(83, 29, 2)	(29, 76, 3)	(76, 6, 1)	nan
(83, 29, 2)	(29, 76, 3)	(76, 6, 1)	nan
(83, 29, 2)	(29, 61, 7)	(61, 6, 1)	nan
(83, 29, 2)	(29, 61, 7)	(61, 6, 1)	nan
(83, 87, 0)	(87, 6, 1)	nan
(83, 87, 0)	(87, 6, 2)	nan
(83, 87, 0)	(87, 34, 8)	(34, 6, 1)	nan
(83, 87, 0)	(87, 34, 8)	(34, 6, 6)	nan
(83, 87, 0)	(87, 34, 7)	(34, 6, 1)	nan
(83, 87, 0)	(87, 34, 7)	(34, 6, 6)	nan
(83, 87, 0)	(87, 44, 5)	(44, 6, 8)	nan
(83, 87, 0)	(87, 51, 7)	(51, 6, 1)	nan
(83, 87, 0)	(87, 51, 7)	(51, 6, 3)	nan
