(83, 8, 1)	nan
(83, 29, 8)	(29, 8, 1)	nan
(83, 29, 8)	(29, 88, 0)	(88, 8, 1)	nan
(83, 29, 8)	(29, 88, 0)	(88, 8, 1)	nan
(83, 29, 8)	(29, 35, 1)	(35, 8, 1)	nan
(83, 29, 8)	(29, 35, 1)	(35, 8, 4)	nan
(83, 29, 8)	(29, 52, 7)	(52, 8, 1)	nan
(83, 29, 8)	(29, 52, 7)	(52, 8, 5)	nan
(83, 29, 8)	(29, 52, 7)	(52, 8, 3)	nan
(83, 29, 8)	(29, 76, 3)	(76, 8, 1)	nan
(83, 29, 8)	(29, 76, 3)	(76, 8, 1)	nan
(83, 29, 8)	(29, 61, 7)	(61, 8, 1)	nan
(83, 29, 8)	(29, 61, 7)	(61, 8, 1)	nan
(83, 29, 8)	(29, 61, 7)	(61, 8, 3)	nan
(83, 29, 8)	(29, 61, 7)	(61, 8, 0)	nan
(83, 29, 2)	(29, 8, 1)	nan
(83, 29, 2)	(29, 88, 0)	(88, 8, 1)	nan
(83, 29, 2)	(29, 88, 0)	(88, 8, 1)	nan
(83, 29, 2)	(29, 35, 1)	(35, 8, 1)	nan
(83, 29, 2)	(29, 35, 1)	(35, 8, 4)	nan
(83, 29, 2)	(29, 52, 7)	(52, 8, 1)	nan
(83, 29, 2)	(29, 52, 7)	(52, 8, 5)	nan
(83, 29, 2)	(29, 52, 7)	(52, 8, 3)	nan
(83, 29, 2)	(29, 76, 3)	(76, 8, 1)	nan
(83, 29, 2)	(29, 76, 3)	(76, 8, 1)	nan
(83, 29, 2)	(29, 61, 7)	(61, 8, 1)	nan
(83, 29, 2)	(29, 61, 7)	(61, 8, 1)	nan
(83, 29, 2)	(29, 61, 7)	(61, 8, 3)	nan
(83, 29, 2)	(29, 61, 7)	(61, 8, 0)	nan
(83, 87, 0)	(87, 34, 8)	(34, 8, 1)	nan
(83, 87, 0)	(87, 34, 8)	(34, 8, 1)	nan
(83, 87, 0)	(87, 34, 8)	(34, 8, 2)	nan
(83, 87, 0)	(87, 34, 8)	(34, 8, 4)	nan
(83, 87, 0)	(87, 34, 7)	(34, 8, 1)	nan
(83, 87, 0)	(87, 34, 7)	(34, 8, 1)	nan
(83, 87, 0)	(87, 34, 7)	(34, 8, 2)	nan
(83, 87, 0)	(87, 34, 7)	(34, 8, 4)	nan
(83, 87, 0)	(87, 44, 5)	(44, 8, 1)	nan
(83, 87, 0)	(87, 44, 5)	(44, 8, 1)	nan
(83, 87, 0)	(87, 44, 5)	(44, 8, 3)	nan
(83, 87, 0)	(87, 8, 1)	nan
(83, 87, 0)	(87, 8, 1)	nan
(83, 87, 0)	(87, 8, 1)	nan
(83, 87, 0)	(87, 8, 1)	nan
(83, 87, 0)	(87, 8, 1)	nan
(83, 87, 0)	(87, 40, 7)	(40, 8, 1)	nan
(83, 87, 0)	(87, 40, 7)	(40, 8, 3)	nan
(83, 87, 0)	(87, 35, 8)	(35, 8, 1)	nan
(83, 87, 0)	(87, 35, 8)	(35, 8, 4)	nan
(83, 82, 1)	(82, 8, 1)	nan
(83, 82, 1)	(82, 43, 4)	(43, 8, 1)	nan
