(84, 33, 8)	(33, 0, 0)	nan
(84, 33, 8)	(33, 0, 8)	nan
(84, 33, 8)	(33, 50, 3)	(50, 0, 0)	nan
(84, 33, 8)	(33, 50, 3)	(50, 0, 5)	nan
(84, 33, 8)	(33, 87, 3)	(87, 0, 0)	nan
(84, 33, 8)	(33, 87, 3)	(87, 0, 1)	nan
(84, 33, 8)	(33, 41, 1)	(41, 0, 0)	nan
(84, 33, 8)	(33, 41, 1)	(41, 0, 0)	nan
(84, 33, 8)	(33, 41, 1)	(41, 0, 1)	nan
(84, 33, 8)	(33, 41, 1)	(41, 0, 3)	nan
(84, 33, 8)	(33, 29, 2)	(29, 0, 0)	nan
(84, 33, 8)	(33, 29, 2)	(29, 0, 5)	nan
(84, 33, 3)	(33, 0, 0)	nan
(84, 33, 3)	(33, 0, 8)	nan
(84, 33, 3)	(33, 50, 3)	(50, 0, 0)	nan
(84, 33, 3)	(33, 50, 3)	(50, 0, 5)	nan
(84, 33, 3)	(33, 87, 3)	(87, 0, 0)	nan
(84, 33, 3)	(33, 87, 3)	(87, 0, 1)	nan
(84, 33, 3)	(33, 41, 1)	(41, 0, 0)	nan
(84, 33, 3)	(33, 41, 1)	(41, 0, 0)	nan
(84, 33, 3)	(33, 41, 1)	(41, 0, 1)	nan
(84, 33, 3)	(33, 41, 1)	(41, 0, 3)	nan
(84, 33, 3)	(33, 29, 2)	(29, 0, 0)	nan
(84, 33, 3)	(33, 29, 2)	(29, 0, 5)	nan
(84, 0, 0)	nan
(84, 0, 2)	nan
(84, 30, 8)	(30, 0, 0)	nan
(84, 30, 8)	(30, 0, 4)	nan
(84, 30, 8)	(30, 72, 4)	(72, 0, 0)	nan
(84, 30, 8)	(30, 72, 4)	(72, 0, 0)	nan
(84, 30, 8)	(30, 72, 4)	(72, 0, 7)	nan
(84, 30, 8)	(30, 72, 4)	(72, 0, 4)	nan
(84, 30, 8)	(30, 60, 7)	(60, 0, 0)	nan
(84, 30, 8)	(30, 60, 0)	(60, 0, 0)	nan
(84, 30, 8)	(30, 75, 7)	(75, 0, 0)	nan
(84, 30, 8)	(30, 75, 7)	(75, 0, 2)	nan
(84, 30, 8)	(30, 88, 5)	(88, 0, 0)	nan
(84, 30, 8)	(30, 88, 5)	(88, 0, 3)	nan
(84, 30, 8)	(30, 88, 5)	(88, 0, 7)	nan
(84, 30, 8)	(30, 34, 8)	(34, 0, 0)	nan
(84, 30, 8)	(30, 34, 8)	(34, 0, 2)	nan
(84, 30, 8)	(30, 85, 0)	(85, 0, 0)	nan
(84, 30, 8)	(30, 85, 0)	(85, 0, 6)	nan
(84, 30, 6)	(30, 0, 0)	nan
(84, 30, 6)	(30, 0, 4)	nan
(84, 30, 6)	(30, 72, 4)	(72, 0, 0)	nan
(84, 30, 6)	(30, 72, 4)	(72, 0, 0)	nan
(84, 30, 6)	(30, 72, 4)	(72, 0, 7)	nan
(84, 30, 6)	(30, 72, 4)	(72, 0, 4)	nan
(84, 30, 6)	(30, 60, 7)	(60, 0, 0)	nan
(84, 30, 6)	(30, 60, 0)	(60, 0, 0)	nan
