(84, 33, 8)	(33, 54, 2)	(54, 13, 3)	nan
(84, 33, 8)	(33, 54, 2)	(54, 13, 3)	nan
(84, 33, 8)	(33, 54, 2)	(54, 13, 3)	nan
(84, 33, 8)	(33, 13, 7)	nan
(84, 33, 8)	(33, 29, 2)	(29, 13, 3)	nan
(84, 33, 8)	(33, 29, 2)	(29, 13, 3)	nan
(84, 33, 3)	(33, 54, 2)	(54, 13, 3)	nan
(84, 33, 3)	(33, 54, 2)	(54, 13, 3)	nan
(84, 33, 3)	(33, 54, 2)	(54, 13, 3)	nan
(84, 33, 3)	(33, 13, 7)	nan
(84, 33, 3)	(33, 29, 2)	(29, 13, 3)	nan
(84, 33, 3)	(33, 29, 2)	(29, 13, 3)	nan
(84, 30, 8)	(30, 88, 5)	(88, 13, 7)	nan
(84, 30, 8)	(30, 13, 3)	nan
(84, 30, 8)	(30, 34, 8)	(34, 13, 3)	nan
(84, 30, 8)	(30, 34, 8)	(34, 13, 6)	nan
(84, 30, 6)	(30, 88, 5)	(88, 13, 7)	nan
(84, 30, 6)	(30, 13, 3)	nan
(84, 30, 6)	(30, 34, 8)	(34, 13, 3)	nan
(84, 30, 6)	(30, 34, 8)	(34, 13, 6)	nan
(84, 35, 8)	(35, 30, 8)	(30, 13, 3)	nan
(84, 35, 8)	(35, 88, 1)	(88, 13, 7)	nan
(84, 35, 8)	(35, 13, 3)	nan
(84, 35, 8)	(35, 30, 8)	(30, 13, 3)	nan
(84, 35, 8)	(35, 88, 1)	(88, 13, 7)	nan
(84, 35, 8)	(35, 13, 3)	nan
(84, 34, 8)	(34, 13, 3)	nan
(84, 34, 8)	(34, 13, 6)	nan
(84, 34, 8)	(34, 33, 8)	(33, 13, 7)	nan
(84, 34, 8)	(34, 35, 8)	(35, 13, 3)	nan
(84, 31, 8)	(31, 32, 0)	(32, 13, 3)	nan
(84, 31, 8)	(31, 32, 0)	(32, 13, 4)	nan
(84, 31, 8)	(31, 35, 8)	(35, 13, 3)	nan
(84, 31, 8)	(31, 29, 5)	(29, 13, 3)	nan
(84, 31, 8)	(31, 29, 5)	(29, 13, 3)	nan
(84, 31, 8)	(31, 30, 8)	(30, 13, 3)	nan
(84, 31, 8)	(31, 55, 5)	(55, 13, 3)	nan
(84, 92, 5)	(92, 53, 7)	(53, 13, 3)	nan
(84, 92, 5)	(92, 53, 7)	(53, 13, 3)	nan
(84, 92, 5)	(92, 29, 7)	(29, 13, 3)	nan
(84, 92, 5)	(92, 29, 7)	(29, 13, 3)	nan
(84, 92, 5)	(92, 54, 7)	(54, 13, 3)	nan
(84, 92, 5)	(92, 54, 7)	(54, 13, 3)	nan
(84, 92, 5)	(92, 54, 7)	(54, 13, 3)	nan
(84, 92, 5)	(92, 88, 7)	(88, 13, 7)	nan
(84, 91, 7)	(91, 49, 7)	(49, 13, 3)	nan
(84, 91, 7)	(91, 49, 7)	(49, 13, 7)	nan
(84, 91, 7)	(91, 80, 7)	(80, 13, 7)	nan
(84, 91, 7)	(91, 33, 5)	(33, 13, 7)	nan
(84, 67, 7)	(67, 32, 8)	(32, 13, 3)	nan
(84, 67, 7)	(67, 32, 8)	(32, 13, 4)	nan
