(84, 33, 8)	(33, 54, 2)	(54, 25, 4)	nan
(84, 33, 8)	(33, 50, 3)	(50, 25, 7)	nan
(84, 33, 8)	(33, 50, 3)	(50, 25, 0)	nan
(84, 33, 8)	(33, 74, 0)	(74, 25, 7)	nan
(84, 33, 8)	(33, 74, 0)	(74, 25, 0)	nan
(84, 33, 8)	(33, 25, 5)	nan
(84, 33, 8)	(33, 41, 1)	(41, 25, 7)	nan
(84, 33, 8)	(33, 29, 2)	(29, 25, 7)	nan
(84, 33, 8)	(33, 29, 2)	(29, 25, 3)	nan
(84, 33, 3)	(33, 54, 2)	(54, 25, 4)	nan
(84, 33, 3)	(33, 50, 3)	(50, 25, 7)	nan
(84, 33, 3)	(33, 50, 3)	(50, 25, 0)	nan
(84, 33, 3)	(33, 74, 0)	(74, 25, 7)	nan
(84, 33, 3)	(33, 74, 0)	(74, 25, 0)	nan
(84, 33, 3)	(33, 25, 5)	nan
(84, 33, 3)	(33, 41, 1)	(41, 25, 7)	nan
(84, 33, 3)	(33, 29, 2)	(29, 25, 7)	nan
(84, 33, 3)	(33, 29, 2)	(29, 25, 3)	nan
(84, 25, 7)	nan
(84, 30, 8)	(30, 25, 7)	nan
(84, 30, 8)	(30, 25, 2)	nan
(84, 30, 8)	(30, 72, 4)	(72, 25, 7)	nan
(84, 30, 8)	(30, 72, 4)	(72, 25, 7)	nan
(84, 30, 8)	(30, 72, 4)	(72, 25, 4)	nan
(84, 30, 8)	(30, 75, 7)	(75, 25, 7)	nan
(84, 30, 8)	(30, 85, 0)	(85, 25, 7)	nan
(84, 30, 8)	(30, 85, 0)	(85, 25, 7)	nan
(84, 30, 8)	(30, 85, 0)	(85, 25, 7)	nan
(84, 30, 8)	(30, 85, 0)	(85, 25, 7)	nan
(84, 30, 8)	(30, 85, 0)	(85, 25, 7)	nan
(84, 30, 8)	(30, 85, 0)	(85, 25, 7)	nan
(84, 30, 8)	(30, 85, 0)	(85, 25, 7)	nan
(84, 30, 8)	(30, 85, 0)	(85, 25, 7)	nan
(84, 30, 8)	(30, 85, 0)	(85, 25, 7)	nan
(84, 30, 8)	(30, 85, 0)	(85, 25, 7)	nan
(84, 30, 6)	(30, 25, 7)	nan
(84, 30, 6)	(30, 25, 2)	nan
(84, 30, 6)	(30, 72, 4)	(72, 25, 7)	nan
(84, 30, 6)	(30, 72, 4)	(72, 25, 7)	nan
(84, 30, 6)	(30, 72, 4)	(72, 25, 4)	nan
(84, 30, 6)	(30, 75, 7)	(75, 25, 7)	nan
(84, 30, 6)	(30, 85, 0)	(85, 25, 7)	nan
(84, 30, 6)	(30, 85, 0)	(85, 25, 7)	nan
(84, 30, 6)	(30, 85, 0)	(85, 25, 7)	nan
(84, 30, 6)	(30, 85, 0)	(85, 25, 7)	nan
(84, 30, 6)	(30, 85, 0)	(85, 25, 7)	nan
(84, 30, 6)	(30, 85, 0)	(85, 25, 7)	nan
(84, 30, 6)	(30, 85, 0)	(85, 25, 7)	nan
(84, 30, 6)	(30, 85, 0)	(85, 25, 7)	nan
(84, 30, 6)	(30, 85, 0)	(85, 25, 7)	nan
(84, 30, 6)	(30, 85, 0)	(85, 25, 7)	nan
