(84, 33, 8)	(33, 2, 0)	nan
(84, 33, 8)	(33, 2, 3)	nan
(84, 33, 8)	(33, 50, 3)	(50, 2, 0)	nan
(84, 33, 8)	(33, 74, 0)	(74, 2, 0)	nan
(84, 33, 8)	(33, 74, 0)	(74, 2, 0)	nan
(84, 33, 8)	(33, 87, 3)	(87, 2, 0)	nan
(84, 33, 8)	(33, 41, 1)	(41, 2, 0)	nan
(84, 33, 8)	(33, 29, 2)	(29, 2, 0)	nan
(84, 33, 8)	(33, 29, 2)	(29, 2, 0)	nan
(84, 33, 8)	(33, 29, 2)	(29, 2, 8)	nan
(84, 33, 8)	(33, 29, 2)	(29, 2, 7)	nan
(84, 33, 3)	(33, 2, 0)	nan
(84, 33, 3)	(33, 2, 3)	nan
(84, 33, 3)	(33, 50, 3)	(50, 2, 0)	nan
(84, 33, 3)	(33, 74, 0)	(74, 2, 0)	nan
(84, 33, 3)	(33, 74, 0)	(74, 2, 0)	nan
(84, 33, 3)	(33, 87, 3)	(87, 2, 0)	nan
(84, 33, 3)	(33, 41, 1)	(41, 2, 0)	nan
(84, 33, 3)	(33, 29, 2)	(29, 2, 0)	nan
(84, 33, 3)	(33, 29, 2)	(29, 2, 0)	nan
(84, 33, 3)	(33, 29, 2)	(29, 2, 8)	nan
(84, 33, 3)	(33, 29, 2)	(29, 2, 7)	nan
(84, 2, 0)	nan
(84, 2, 6)	nan
(84, 30, 8)	(30, 2, 0)	nan
(84, 30, 8)	(30, 60, 7)	(60, 2, 0)	nan
(84, 30, 8)	(30, 60, 0)	(60, 2, 0)	nan
(84, 30, 8)	(30, 75, 7)	(75, 2, 0)	nan
(84, 30, 8)	(30, 75, 7)	(75, 2, 5)	nan
(84, 30, 8)	(30, 88, 5)	(88, 2, 0)	nan
(84, 30, 8)	(30, 88, 5)	(88, 2, 6)	nan
(84, 30, 8)	(30, 34, 8)	(34, 2, 0)	nan
(84, 30, 8)	(30, 34, 8)	(34, 2, 0)	nan
(84, 30, 8)	(30, 34, 8)	(34, 2, 0)	nan
(84, 30, 6)	(30, 2, 0)	nan
(84, 30, 6)	(30, 60, 7)	(60, 2, 0)	nan
(84, 30, 6)	(30, 60, 0)	(60, 2, 0)	nan
(84, 30, 6)	(30, 75, 7)	(75, 2, 0)	nan
(84, 30, 6)	(30, 75, 7)	(75, 2, 5)	nan
(84, 30, 6)	(30, 88, 5)	(88, 2, 0)	nan
(84, 30, 6)	(30, 88, 5)	(88, 2, 6)	nan
(84, 30, 6)	(30, 34, 8)	(34, 2, 0)	nan
(84, 30, 6)	(30, 34, 8)	(34, 2, 0)	nan
(84, 30, 6)	(30, 34, 8)	(34, 2, 0)	nan
(84, 35, 8)	(35, 74, 5)	(74, 2, 0)	nan
(84, 35, 8)	(35, 74, 5)	(74, 2, 0)	nan
(84, 35, 8)	(35, 68, 7)	(68, 2, 0)	nan
(84, 35, 8)	(35, 68, 7)	(68, 2, 0)	nan
(84, 35, 8)	(35, 56, 1)	(56, 2, 0)	nan
(84, 35, 8)	(35, 30, 8)	(30, 2, 0)	nan
(84, 35, 8)	(35, 52, 3)	(52, 2, 0)	nan
