(84, 33, 8)	(33, 21, 5)	nan
(84, 33, 8)	(33, 50, 3)	(50, 21, 5)	nan
(84, 33, 8)	(33, 50, 3)	(50, 21, 6)	nan
(84, 33, 8)	(33, 74, 0)	(74, 21, 5)	nan
(84, 33, 8)	(33, 74, 0)	(74, 21, 0)	nan
(84, 33, 8)	(33, 87, 3)	(87, 21, 5)	nan
(84, 33, 8)	(33, 41, 1)	(41, 21, 5)	nan
(84, 33, 8)	(33, 41, 1)	(41, 21, 5)	nan
(84, 33, 8)	(33, 41, 1)	(41, 21, 1)	nan
(84, 33, 8)	(33, 41, 1)	(41, 21, 8)	nan
(84, 33, 8)	(33, 29, 2)	(29, 21, 5)	nan
(84, 33, 8)	(33, 29, 2)	(29, 21, 5)	nan
(84, 33, 8)	(33, 29, 2)	(29, 21, 0)	nan
(84, 33, 8)	(33, 29, 2)	(29, 21, 2)	nan
(84, 33, 3)	(33, 21, 5)	nan
(84, 33, 3)	(33, 50, 3)	(50, 21, 5)	nan
(84, 33, 3)	(33, 50, 3)	(50, 21, 6)	nan
(84, 33, 3)	(33, 74, 0)	(74, 21, 5)	nan
(84, 33, 3)	(33, 74, 0)	(74, 21, 0)	nan
(84, 33, 3)	(33, 87, 3)	(87, 21, 5)	nan
(84, 33, 3)	(33, 41, 1)	(41, 21, 5)	nan
(84, 33, 3)	(33, 41, 1)	(41, 21, 5)	nan
(84, 33, 3)	(33, 41, 1)	(41, 21, 1)	nan
(84, 33, 3)	(33, 41, 1)	(41, 21, 8)	nan
(84, 33, 3)	(33, 29, 2)	(29, 21, 5)	nan
(84, 33, 3)	(33, 29, 2)	(29, 21, 5)	nan
(84, 33, 3)	(33, 29, 2)	(29, 21, 0)	nan
(84, 33, 3)	(33, 29, 2)	(29, 21, 2)	nan
(84, 21, 5)	nan
(84, 21, 2)	nan
(84, 30, 8)	(30, 21, 5)	nan
(84, 30, 8)	(30, 21, 3)	nan
(84, 30, 8)	(30, 72, 4)	(72, 21, 5)	nan
(84, 30, 8)	(30, 60, 7)	(60, 21, 5)	nan
(84, 30, 8)	(30, 60, 0)	(60, 21, 5)	nan
(84, 30, 8)	(30, 75, 7)	(75, 21, 5)	nan
(84, 30, 8)	(30, 75, 7)	(75, 21, 5)	nan
(84, 30, 8)	(30, 75, 7)	(75, 21, 0)	nan
(84, 30, 8)	(30, 75, 7)	(75, 21, 4)	nan
(84, 30, 8)	(30, 34, 8)	(34, 21, 5)	nan
(84, 30, 8)	(30, 85, 0)	(85, 21, 5)	nan
(84, 30, 8)	(30, 85, 0)	(85, 21, 5)	nan
(84, 30, 8)	(30, 85, 0)	(85, 21, 5)	nan
(84, 30, 8)	(30, 85, 0)	(85, 21, 5)	nan
(84, 30, 8)	(30, 85, 0)	(85, 21, 5)	nan
(84, 30, 8)	(30, 85, 0)	(85, 21, 5)	nan
(84, 30, 8)	(30, 85, 0)	(85, 21, 5)	nan
(84, 30, 8)	(30, 85, 0)	(85, 21, 5)	nan
(84, 30, 6)	(30, 21, 5)	nan
(84, 30, 6)	(30, 21, 3)	nan
