(84, 3, 3)	nan
(84, 33, 8)	(33, 74, 0)	(74, 3, 0)	nan
(84, 33, 8)	(33, 87, 3)	(87, 3, 0)	nan
(84, 33, 8)	(33, 41, 1)	(41, 3, 0)	nan
(84, 33, 8)	(33, 41, 1)	(41, 3, 0)	nan
(84, 33, 8)	(33, 41, 1)	(41, 3, 3)	nan
(84, 33, 8)	(33, 29, 2)	(29, 3, 0)	nan
(84, 33, 3)	(33, 74, 0)	(74, 3, 0)	nan
(84, 33, 3)	(33, 87, 3)	(87, 3, 0)	nan
(84, 33, 3)	(33, 41, 1)	(41, 3, 0)	nan
(84, 33, 3)	(33, 41, 1)	(41, 3, 0)	nan
(84, 33, 3)	(33, 41, 1)	(41, 3, 3)	nan
(84, 33, 3)	(33, 29, 2)	(29, 3, 0)	nan
(84, 30, 8)	(30, 3, 0)	nan
(84, 30, 8)	(30, 3, 3)	nan
(84, 30, 8)	(30, 60, 7)	(60, 3, 0)	nan
(84, 30, 8)	(30, 60, 0)	(60, 3, 0)	nan
(84, 30, 8)	(30, 88, 5)	(88, 3, 0)	nan
(84, 30, 8)	(30, 88, 5)	(88, 3, 0)	nan
(84, 30, 8)	(30, 88, 5)	(88, 3, 3)	nan
(84, 30, 8)	(30, 34, 8)	(34, 3, 0)	nan
(84, 30, 6)	(30, 3, 0)	nan
(84, 30, 6)	(30, 3, 3)	nan
(84, 30, 6)	(30, 60, 7)	(60, 3, 0)	nan
(84, 30, 6)	(30, 60, 0)	(60, 3, 0)	nan
(84, 30, 6)	(30, 88, 5)	(88, 3, 0)	nan
(84, 30, 6)	(30, 88, 5)	(88, 3, 0)	nan
(84, 30, 6)	(30, 88, 5)	(88, 3, 3)	nan
(84, 30, 6)	(30, 34, 8)	(34, 3, 0)	nan
(84, 35, 8)	(35, 74, 5)	(74, 3, 0)	nan
(84, 35, 8)	(35, 68, 7)	(68, 3, 5)	nan
(84, 35, 8)	(35, 30, 8)	(30, 3, 0)	nan
(84, 35, 8)	(35, 30, 8)	(30, 3, 3)	nan
(84, 35, 8)	(35, 3, 0)	nan
(84, 35, 8)	(35, 52, 3)	(52, 3, 1)	nan
(84, 35, 8)	(35, 88, 1)	(88, 3, 0)	nan
(84, 35, 8)	(35, 88, 1)	(88, 3, 0)	nan
(84, 35, 8)	(35, 88, 1)	(88, 3, 3)	nan
(84, 35, 8)	(35, 74, 5)	(74, 3, 0)	nan
(84, 35, 8)	(35, 68, 7)	(68, 3, 5)	nan
(84, 35, 8)	(35, 30, 8)	(30, 3, 0)	nan
(84, 35, 8)	(35, 30, 8)	(30, 3, 3)	nan
(84, 35, 8)	(35, 3, 0)	nan
(84, 35, 8)	(35, 52, 3)	(52, 3, 1)	nan
(84, 35, 8)	(35, 88, 1)	(88, 3, 0)	nan
(84, 35, 8)	(35, 88, 1)	(88, 3, 0)	nan
(84, 35, 8)	(35, 88, 1)	(88, 3, 3)	nan
(84, 34, 8)	(34, 3, 0)	nan
(84, 34, 8)	(34, 41, 7)	(41, 3, 0)	nan
(84, 34, 8)	(34, 41, 7)	(41, 3, 0)	nan
