(84, 33, 8)	(33, 50, 3)	(50, 30, 8)	nan
(84, 33, 8)	(33, 41, 1)	(41, 30, 8)	nan
(84, 33, 8)	(33, 41, 1)	(41, 30, 1)	nan
(84, 33, 3)	(33, 50, 3)	(50, 30, 8)	nan
(84, 33, 3)	(33, 41, 1)	(41, 30, 8)	nan
(84, 33, 3)	(33, 41, 1)	(41, 30, 1)	nan
(84, 30, 8)	nan
(84, 30, 6)	nan
(84, 35, 8)	(35, 56, 1)	(56, 30, 8)	nan
(84, 35, 8)	(35, 30, 8)	nan
(84, 35, 8)	(35, 56, 1)	(56, 30, 8)	nan
(84, 35, 8)	(35, 30, 8)	nan
(84, 34, 8)	(34, 67, 2)	(67, 30, 8)	nan
(84, 34, 8)	(34, 41, 7)	(41, 30, 8)	nan
(84, 34, 8)	(34, 41, 7)	(41, 30, 1)	nan
(84, 34, 8)	(34, 35, 8)	(35, 30, 8)	nan
(84, 31, 8)	(31, 35, 8)	(35, 30, 8)	nan
(84, 31, 8)	(31, 30, 8)	nan
(84, 31, 8)	(31, 55, 5)	(55, 30, 8)	nan
(84, 92, 5)	(92, 40, 7)	(40, 30, 8)	nan
(84, 92, 5)	(92, 40, 7)	(40, 30, 5)	nan
(84, 91, 7)	(91, 39, 3)	(39, 30, 8)	nan
(84, 91, 7)	(91, 39, 3)	(39, 30, 8)	nan
(84, 91, 7)	(91, 39, 3)	(39, 30, 4)	nan
(84, 67, 7)	(67, 48, 8)	(48, 30, 8)	nan
(84, 67, 7)	(67, 77, 7)	(77, 30, 7)	nan
(84, 67, 7)	(67, 40, 1)	(40, 30, 8)	nan
(84, 67, 7)	(67, 40, 1)	(40, 30, 5)	nan
(84, 67, 7)	(67, 30, 8)	nan
