(84, 33, 8)	(33, 54, 2)	(54, 7, 1)	nan
(84, 33, 8)	(33, 54, 2)	(54, 7, 0)	nan
(84, 33, 8)	(33, 74, 0)	(74, 7, 1)	nan
(84, 33, 8)	(33, 87, 3)	(87, 7, 1)	nan
(84, 33, 8)	(33, 87, 3)	(87, 7, 1)	nan
(84, 33, 8)	(33, 87, 3)	(87, 7, 1)	nan
(84, 33, 8)	(33, 41, 1)	(41, 7, 1)	nan
(84, 33, 8)	(33, 41, 1)	(41, 7, 3)	nan
(84, 33, 3)	(33, 54, 2)	(54, 7, 1)	nan
(84, 33, 3)	(33, 54, 2)	(54, 7, 0)	nan
(84, 33, 3)	(33, 74, 0)	(74, 7, 1)	nan
(84, 33, 3)	(33, 87, 3)	(87, 7, 1)	nan
(84, 33, 3)	(33, 87, 3)	(87, 7, 1)	nan
(84, 33, 3)	(33, 87, 3)	(87, 7, 1)	nan
(84, 33, 3)	(33, 41, 1)	(41, 7, 1)	nan
(84, 33, 3)	(33, 41, 1)	(41, 7, 3)	nan
(84, 30, 8)	(30, 7, 1)	nan
(84, 30, 8)	(30, 7, 4)	nan
(84, 30, 8)	(30, 72, 4)	(72, 7, 1)	nan
(84, 30, 8)	(30, 72, 4)	(72, 7, 8)	nan
(84, 30, 8)	(30, 60, 7)	(60, 7, 1)	nan
(84, 30, 8)	(30, 60, 7)	(60, 7, 6)	nan
(84, 30, 8)	(30, 60, 0)	(60, 7, 1)	nan
(84, 30, 8)	(30, 60, 0)	(60, 7, 6)	nan
(84, 30, 8)	(30, 75, 7)	(75, 7, 1)	nan
(84, 30, 8)	(30, 75, 7)	(75, 7, 5)	nan
(84, 30, 8)	(30, 34, 8)	(34, 7, 1)	nan
(84, 30, 8)	(30, 34, 8)	(34, 7, 3)	nan
(84, 30, 8)	(30, 85, 0)	(85, 7, 1)	nan
(84, 30, 8)	(30, 85, 0)	(85, 7, 6)	nan
(84, 30, 6)	(30, 7, 1)	nan
(84, 30, 6)	(30, 7, 4)	nan
(84, 30, 6)	(30, 72, 4)	(72, 7, 1)	nan
(84, 30, 6)	(30, 72, 4)	(72, 7, 8)	nan
(84, 30, 6)	(30, 60, 7)	(60, 7, 1)	nan
(84, 30, 6)	(30, 60, 7)	(60, 7, 6)	nan
(84, 30, 6)	(30, 60, 0)	(60, 7, 1)	nan
(84, 30, 6)	(30, 60, 0)	(60, 7, 6)	nan
(84, 30, 6)	(30, 75, 7)	(75, 7, 1)	nan
(84, 30, 6)	(30, 75, 7)	(75, 7, 5)	nan
(84, 30, 6)	(30, 34, 8)	(34, 7, 1)	nan
(84, 30, 6)	(30, 34, 8)	(34, 7, 3)	nan
(84, 30, 6)	(30, 85, 0)	(85, 7, 1)	nan
(84, 30, 6)	(30, 85, 0)	(85, 7, 6)	nan
(84, 35, 8)	(35, 7, 1)	nan
(84, 35, 8)	(35, 7, 0)	nan
(84, 35, 8)	(35, 74, 5)	(74, 7, 1)	nan
(84, 35, 8)	(35, 68, 7)	(68, 7, 5)	nan
(84, 35, 8)	(35, 30, 8)	(30, 7, 1)	nan
(84, 35, 8)	(35, 30, 8)	(30, 7, 4)	nan
(84, 35, 8)	(35, 52, 3)	(52, 7, 1)	nan
