(85, 33, 8)	(33, 0, 0)	nan
(85, 33, 8)	(33, 0, 8)	nan
(85, 33, 8)	(33, 50, 3)	(50, 0, 0)	nan
(85, 33, 8)	(33, 50, 3)	(50, 0, 5)	nan
(85, 33, 8)	(33, 87, 3)	(87, 0, 0)	nan
(85, 33, 8)	(33, 87, 3)	(87, 0, 1)	nan
(85, 33, 8)	(33, 41, 1)	(41, 0, 0)	nan
(85, 33, 8)	(33, 41, 1)	(41, 0, 0)	nan
(85, 33, 8)	(33, 41, 1)	(41, 0, 1)	nan
(85, 33, 8)	(33, 41, 1)	(41, 0, 3)	nan
(85, 33, 8)	(33, 84, 0)	(84, 0, 0)	nan
(85, 33, 8)	(33, 84, 0)	(84, 0, 2)	nan
(85, 33, 8)	(33, 29, 2)	(29, 0, 0)	nan
(85, 33, 8)	(33, 29, 2)	(29, 0, 5)	nan
(85, 33, 4)	(33, 0, 0)	nan
(85, 33, 4)	(33, 0, 8)	nan
(85, 33, 4)	(33, 50, 3)	(50, 0, 0)	nan
(85, 33, 4)	(33, 50, 3)	(50, 0, 5)	nan
(85, 33, 4)	(33, 87, 3)	(87, 0, 0)	nan
(85, 33, 4)	(33, 87, 3)	(87, 0, 1)	nan
(85, 33, 4)	(33, 41, 1)	(41, 0, 0)	nan
(85, 33, 4)	(33, 41, 1)	(41, 0, 0)	nan
(85, 33, 4)	(33, 41, 1)	(41, 0, 1)	nan
(85, 33, 4)	(33, 41, 1)	(41, 0, 3)	nan
(85, 33, 4)	(33, 84, 0)	(84, 0, 0)	nan
(85, 33, 4)	(33, 84, 0)	(84, 0, 2)	nan
(85, 33, 4)	(33, 29, 2)	(29, 0, 0)	nan
(85, 33, 4)	(33, 29, 2)	(29, 0, 5)	nan
(85, 0, 0)	nan
(85, 0, 6)	nan
(85, 83, 3)	(83, 0, 0)	nan
(85, 83, 3)	(83, 0, 8)	nan
(85, 83, 3)	(83, 29, 8)	(29, 0, 0)	nan
(85, 83, 3)	(83, 29, 8)	(29, 0, 5)	nan
(85, 83, 3)	(83, 29, 2)	(29, 0, 0)	nan
(85, 83, 3)	(83, 29, 2)	(29, 0, 5)	nan
(85, 83, 3)	(83, 87, 0)	(87, 0, 0)	nan
(85, 83, 3)	(83, 87, 0)	(87, 0, 1)	nan
(85, 83, 3)	(83, 82, 1)	(82, 0, 0)	nan
(85, 83, 3)	(83, 82, 1)	(82, 0, 0)	nan
(85, 83, 3)	(83, 82, 1)	(82, 0, 0)	nan
(85, 83, 3)	(83, 82, 1)	(82, 0, 0)	nan
(85, 83, 3)	(83, 82, 1)	(82, 0, 0)	nan
(85, 83, 3)	(83, 82, 1)	(82, 0, 0)	nan
(85, 83, 3)	(83, 82, 1)	(82, 0, 0)	nan
(85, 83, 3)	(83, 82, 1)	(82, 0, 0)	nan
(85, 83, 3)	(83, 82, 1)	(82, 0, 0)	nan
(85, 83, 3)	(83, 82, 1)	(82, 0, 0)	nan
(85, 83, 3)	(83, 82, 1)	(82, 0, 0)	nan
(85, 83, 3)	(83, 82, 1)	(82, 0, 0)	nan
(85, 83, 3)	(83, 82, 1)	(82, 0, 0)	nan
