(85, 33, 8)	(33, 54, 2)	(54, 16, 3)	nan
(85, 33, 8)	(33, 54, 2)	(54, 16, 7)	nan
(85, 33, 8)	(33, 54, 2)	(54, 16, 4)	nan
(85, 33, 8)	(33, 50, 3)	(50, 16, 3)	nan
(85, 33, 8)	(33, 29, 2)	(29, 16, 2)	nan
(85, 33, 4)	(33, 54, 2)	(54, 16, 3)	nan
(85, 33, 4)	(33, 54, 2)	(54, 16, 7)	nan
(85, 33, 4)	(33, 54, 2)	(54, 16, 4)	nan
(85, 33, 4)	(33, 50, 3)	(50, 16, 3)	nan
(85, 33, 4)	(33, 29, 2)	(29, 16, 2)	nan
(85, 16, 3)	nan
(85, 16, 1)	nan
(85, 83, 3)	(83, 16, 3)	nan
(85, 83, 3)	(83, 16, 7)	nan
(85, 83, 3)	(83, 29, 8)	(29, 16, 2)	nan
(85, 83, 3)	(83, 29, 2)	(29, 16, 2)	nan
(85, 35, 1)	(35, 16, 5)	nan
(85, 35, 1)	(35, 56, 1)	(56, 16, 7)	nan
(85, 35, 1)	(35, 75, 7)	(75, 16, 3)	nan
(85, 35, 1)	(35, 88, 1)	(88, 16, 3)	nan
(85, 35, 1)	(35, 88, 1)	(88, 16, 3)	nan
(85, 35, 1)	(35, 88, 1)	(88, 16, 2)	nan
(85, 37, 3)	(37, 79, 0)	(79, 16, 7)	nan
(85, 37, 3)	(37, 64, 8)	(64, 16, 3)	nan
(85, 37, 3)	(37, 64, 8)	(64, 16, 1)	nan
(85, 37, 3)	(37, 32, 8)	(32, 16, 3)	nan
(85, 37, 3)	(37, 32, 8)	(32, 16, 3)	nan
(85, 37, 3)	(37, 32, 8)	(32, 16, 6)	nan
