(85, 33, 8)	(33, 12, 3)	nan
(85, 33, 8)	(33, 54, 2)	(54, 12, 3)	nan
(85, 33, 8)	(33, 54, 2)	(54, 12, 3)	nan
(85, 33, 8)	(33, 54, 2)	(54, 12, 8)	nan
(85, 33, 8)	(33, 54, 2)	(54, 12, 1)	nan
(85, 33, 8)	(33, 54, 2)	(54, 12, 1)	nan
(85, 33, 8)	(33, 87, 3)	(87, 12, 3)	nan
(85, 33, 8)	(33, 29, 2)	(29, 12, 3)	nan
(85, 33, 8)	(33, 29, 2)	(29, 12, 4)	nan
(85, 33, 4)	(33, 12, 3)	nan
(85, 33, 4)	(33, 54, 2)	(54, 12, 3)	nan
(85, 33, 4)	(33, 54, 2)	(54, 12, 3)	nan
(85, 33, 4)	(33, 54, 2)	(54, 12, 8)	nan
(85, 33, 4)	(33, 54, 2)	(54, 12, 1)	nan
(85, 33, 4)	(33, 54, 2)	(54, 12, 1)	nan
(85, 33, 4)	(33, 87, 3)	(87, 12, 3)	nan
(85, 33, 4)	(33, 29, 2)	(29, 12, 3)	nan
(85, 33, 4)	(33, 29, 2)	(29, 12, 4)	nan
(85, 83, 3)	(83, 12, 3)	nan
(85, 83, 3)	(83, 12, 3)	nan
(85, 83, 3)	(83, 12, 1)	nan
(85, 83, 3)	(83, 29, 8)	(29, 12, 3)	nan
(85, 83, 3)	(83, 29, 8)	(29, 12, 4)	nan
(85, 83, 3)	(83, 29, 2)	(29, 12, 3)	nan
(85, 83, 3)	(83, 29, 2)	(29, 12, 4)	nan
(85, 83, 3)	(83, 87, 0)	(87, 12, 3)	nan
(85, 83, 3)	(83, 82, 1)	(82, 12, 3)	nan
(85, 83, 3)	(83, 49, 1)	(49, 12, 3)	nan
(85, 83, 3)	(83, 49, 1)	(49, 12, 0)	nan
(85, 12, 3)	nan
(85, 35, 1)	(35, 12, 3)	nan
(85, 35, 1)	(35, 12, 3)	nan
(85, 35, 1)	(35, 12, 4)	nan
(85, 35, 1)	(35, 56, 1)	(56, 12, 3)	nan
(85, 35, 1)	(35, 56, 1)	(56, 12, 8)	nan
(85, 35, 1)	(35, 30, 8)	(30, 12, 3)	nan
(85, 37, 3)	(37, 64, 8)	(64, 12, 3)	nan
(85, 37, 3)	(37, 64, 8)	(64, 12, 3)	nan
(85, 37, 3)	(37, 64, 8)	(64, 12, 5)	nan
(85, 37, 3)	(37, 64, 8)	(64, 12, 7)	nan
(85, 37, 3)	(37, 32, 8)	(32, 12, 3)	nan
(85, 37, 3)	(37, 32, 8)	(32, 12, 4)	nan
