(85, 33, 8)	(33, 54, 2)	(54, 15, 3)	nan
(85, 33, 8)	(33, 54, 2)	(54, 15, 2)	nan
(85, 33, 8)	(33, 50, 3)	(50, 15, 3)	nan
(85, 33, 8)	(33, 50, 3)	(50, 15, 3)	nan
(85, 33, 8)	(33, 41, 1)	(41, 15, 3)	nan
(85, 33, 8)	(33, 41, 1)	(41, 15, 0)	nan
(85, 33, 8)	(33, 29, 2)	(29, 15, 3)	nan
(85, 33, 8)	(33, 29, 2)	(29, 15, 8)	nan
(85, 33, 4)	(33, 54, 2)	(54, 15, 3)	nan
(85, 33, 4)	(33, 54, 2)	(54, 15, 2)	nan
(85, 33, 4)	(33, 50, 3)	(50, 15, 3)	nan
(85, 33, 4)	(33, 50, 3)	(50, 15, 3)	nan
(85, 33, 4)	(33, 41, 1)	(41, 15, 3)	nan
(85, 33, 4)	(33, 41, 1)	(41, 15, 0)	nan
(85, 33, 4)	(33, 29, 2)	(29, 15, 3)	nan
(85, 33, 4)	(33, 29, 2)	(29, 15, 8)	nan
(85, 15, 3)	nan
(85, 15, 7)	nan
(85, 15, 1)	nan
(85, 83, 3)	(83, 29, 8)	(29, 15, 3)	nan
(85, 83, 3)	(83, 29, 8)	(29, 15, 8)	nan
(85, 83, 3)	(83, 29, 2)	(29, 15, 3)	nan
(85, 83, 3)	(83, 29, 2)	(29, 15, 8)	nan
(85, 83, 3)	(83, 82, 1)	(82, 15, 3)	nan
(85, 83, 3)	(83, 82, 1)	(82, 15, 3)	nan
(85, 83, 3)	(83, 82, 1)	(82, 15, 6)	nan
(85, 83, 3)	(83, 82, 1)	(82, 15, 8)	nan
(85, 83, 3)	(83, 76, 3)	(76, 15, 3)	nan
(85, 83, 3)	(83, 76, 3)	(76, 15, 3)	nan
(85, 83, 3)	(83, 78, 0)	(78, 15, 3)	nan
(85, 35, 1)	(35, 15, 3)	nan
(85, 35, 1)	(35, 15, 8)	nan
(85, 35, 1)	(35, 68, 7)	(68, 15, 3)	nan
(85, 35, 1)	(35, 56, 1)	(56, 15, 3)	nan
(85, 35, 1)	(35, 30, 8)	(30, 15, 3)	nan
(85, 35, 1)	(35, 75, 7)	(75, 15, 3)	nan
(85, 37, 3)	(37, 15, 3)	nan
(85, 37, 3)	(37, 60, 7)	(60, 15, 3)	nan
(85, 37, 3)	(37, 60, 7)	(60, 15, 3)	nan
(85, 37, 3)	(37, 60, 7)	(60, 15, 7)	nan
(85, 37, 3)	(37, 60, 7)	(60, 15, 0)	nan
(85, 37, 3)	(37, 64, 8)	(64, 15, 3)	nan
(85, 37, 3)	(37, 64, 8)	(64, 15, 7)	nan
