(85, 33, 8)	(33, 54, 2)	(54, 25, 4)	nan
(85, 33, 8)	(33, 50, 3)	(50, 25, 7)	nan
(85, 33, 8)	(33, 50, 3)	(50, 25, 0)	nan
(85, 33, 8)	(33, 74, 0)	(74, 25, 7)	nan
(85, 33, 8)	(33, 74, 0)	(74, 25, 0)	nan
(85, 33, 8)	(33, 25, 5)	nan
(85, 33, 8)	(33, 41, 1)	(41, 25, 7)	nan
(85, 33, 8)	(33, 84, 0)	(84, 25, 7)	nan
(85, 33, 8)	(33, 29, 2)	(29, 25, 7)	nan
(85, 33, 8)	(33, 29, 2)	(29, 25, 3)	nan
(85, 33, 4)	(33, 54, 2)	(54, 25, 4)	nan
(85, 33, 4)	(33, 50, 3)	(50, 25, 7)	nan
(85, 33, 4)	(33, 50, 3)	(50, 25, 0)	nan
(85, 33, 4)	(33, 74, 0)	(74, 25, 7)	nan
(85, 33, 4)	(33, 74, 0)	(74, 25, 0)	nan
(85, 33, 4)	(33, 25, 5)	nan
(85, 33, 4)	(33, 41, 1)	(41, 25, 7)	nan
(85, 33, 4)	(33, 84, 0)	(84, 25, 7)	nan
(85, 33, 4)	(33, 29, 2)	(29, 25, 7)	nan
(85, 33, 4)	(33, 29, 2)	(29, 25, 3)	nan
(85, 25, 7)	nan
(85, 83, 3)	(83, 25, 7)	nan
(85, 83, 3)	(83, 25, 1)	nan
(85, 83, 3)	(83, 29, 8)	(29, 25, 7)	nan
(85, 83, 3)	(83, 29, 8)	(29, 25, 3)	nan
(85, 83, 3)	(83, 29, 2)	(29, 25, 7)	nan
(85, 83, 3)	(83, 29, 2)	(29, 25, 3)	nan
(85, 83, 3)	(83, 82, 1)	(82, 25, 7)	nan
(85, 83, 3)	(83, 82, 1)	(82, 25, 7)	nan
(85, 83, 3)	(83, 82, 1)	(82, 25, 7)	nan
(85, 83, 3)	(83, 76, 3)	(76, 25, 7)	nan
(85, 83, 3)	(83, 76, 3)	(76, 25, 7)	nan
(85, 83, 3)	(83, 76, 3)	(76, 25, 7)	nan
(85, 83, 3)	(83, 76, 3)	(76, 25, 7)	nan
(85, 83, 3)	(83, 76, 3)	(76, 25, 7)	nan
(85, 83, 3)	(83, 76, 3)	(76, 25, 7)	nan
(85, 83, 3)	(83, 76, 3)	(76, 25, 7)	nan
(85, 83, 3)	(83, 49, 1)	(49, 25, 7)	nan
(85, 83, 3)	(83, 78, 0)	(78, 25, 7)	nan
(85, 83, 3)	(83, 78, 0)	(78, 25, 7)	nan
(85, 83, 3)	(83, 78, 0)	(78, 25, 7)	nan
(85, 83, 3)	(83, 78, 0)	(78, 25, 7)	nan
