(85, 33, 8)	(33, 26, 7)	nan
(85, 33, 8)	(33, 26, 7)	nan
(85, 33, 8)	(33, 26, 0)	nan
(85, 33, 8)	(33, 26, 4)	nan
(85, 33, 8)	(33, 54, 2)	(54, 26, 7)	nan
(85, 33, 8)	(33, 54, 2)	(54, 26, 7)	nan
(85, 33, 8)	(33, 54, 2)	(54, 26, 3)	nan
(85, 33, 8)	(33, 54, 2)	(54, 26, 4)	nan
(85, 33, 8)	(33, 74, 0)	(74, 26, 7)	nan
(85, 33, 8)	(33, 74, 0)	(74, 26, 0)	nan
(85, 33, 8)	(33, 87, 3)	(87, 26, 7)	nan
(85, 33, 8)	(33, 87, 3)	(87, 26, 0)	nan
(85, 33, 8)	(33, 41, 1)	(41, 26, 7)	nan
(85, 33, 8)	(33, 29, 2)	(29, 26, 7)	nan
(85, 33, 8)	(33, 29, 2)	(29, 26, 2)	nan
(85, 33, 4)	(33, 26, 7)	nan
(85, 33, 4)	(33, 26, 7)	nan
(85, 33, 4)	(33, 26, 0)	nan
(85, 33, 4)	(33, 26, 4)	nan
(85, 33, 4)	(33, 54, 2)	(54, 26, 7)	nan
(85, 33, 4)	(33, 54, 2)	(54, 26, 7)	nan
(85, 33, 4)	(33, 54, 2)	(54, 26, 3)	nan
(85, 33, 4)	(33, 54, 2)	(54, 26, 4)	nan
(85, 33, 4)	(33, 74, 0)	(74, 26, 7)	nan
(85, 33, 4)	(33, 74, 0)	(74, 26, 0)	nan
(85, 33, 4)	(33, 87, 3)	(87, 26, 7)	nan
(85, 33, 4)	(33, 87, 3)	(87, 26, 0)	nan
(85, 33, 4)	(33, 41, 1)	(41, 26, 7)	nan
(85, 33, 4)	(33, 29, 2)	(29, 26, 7)	nan
(85, 33, 4)	(33, 29, 2)	(29, 26, 2)	nan
(85, 26, 7)	nan
(85, 83, 3)	(83, 29, 8)	(29, 26, 7)	nan
(85, 83, 3)	(83, 29, 8)	(29, 26, 2)	nan
(85, 83, 3)	(83, 29, 2)	(29, 26, 7)	nan
(85, 83, 3)	(83, 29, 2)	(29, 26, 2)	nan
(85, 83, 3)	(83, 87, 0)	(87, 26, 7)	nan
(85, 83, 3)	(83, 87, 0)	(87, 26, 0)	nan
(85, 83, 3)	(83, 82, 1)	(82, 26, 7)	nan
(85, 83, 3)	(83, 82, 1)	(82, 26, 7)	nan
(85, 83, 3)	(83, 82, 1)	(82, 26, 7)	nan
(85, 83, 3)	(83, 82, 1)	(82, 26, 7)	nan
(85, 83, 3)	(83, 26, 7)	nan
(85, 83, 3)	(83, 26, 7)	nan
(85, 83, 3)	(83, 26, 7)	nan
(85, 83, 3)	(83, 26, 7)	nan
(85, 83, 3)	(83, 26, 7)	nan
(85, 83, 3)	(83, 26, 7)	nan
(85, 83, 3)	(83, 26, 7)	nan
