(85, 33, 8)	(33, 54, 2)	(54, 7, 1)	nan
(85, 33, 8)	(33, 54, 2)	(54, 7, 0)	nan
(85, 33, 8)	(33, 74, 0)	(74, 7, 1)	nan
(85, 33, 8)	(33, 87, 3)	(87, 7, 1)	nan
(85, 33, 8)	(33, 87, 3)	(87, 7, 1)	nan
(85, 33, 8)	(33, 87, 3)	(87, 7, 1)	nan
(85, 33, 8)	(33, 41, 1)	(41, 7, 1)	nan
(85, 33, 8)	(33, 41, 1)	(41, 7, 3)	nan
(85, 33, 8)	(33, 84, 0)	(84, 7, 1)	nan
(85, 33, 8)	(33, 84, 0)	(84, 7, 1)	nan
(85, 33, 8)	(33, 84, 0)	(84, 7, 1)	nan
(85, 33, 8)	(33, 84, 0)	(84, 7, 1)	nan
(85, 33, 4)	(33, 54, 2)	(54, 7, 1)	nan
(85, 33, 4)	(33, 54, 2)	(54, 7, 0)	nan
(85, 33, 4)	(33, 74, 0)	(74, 7, 1)	nan
(85, 33, 4)	(33, 87, 3)	(87, 7, 1)	nan
(85, 33, 4)	(33, 87, 3)	(87, 7, 1)	nan
(85, 33, 4)	(33, 87, 3)	(87, 7, 1)	nan
(85, 33, 4)	(33, 41, 1)	(41, 7, 1)	nan
(85, 33, 4)	(33, 41, 1)	(41, 7, 3)	nan
(85, 33, 4)	(33, 84, 0)	(84, 7, 1)	nan
(85, 33, 4)	(33, 84, 0)	(84, 7, 1)	nan
(85, 33, 4)	(33, 84, 0)	(84, 7, 1)	nan
(85, 33, 4)	(33, 84, 0)	(84, 7, 1)	nan
(85, 7, 1)	nan
(85, 7, 6)	nan
(85, 83, 3)	(83, 7, 1)	nan
(85, 83, 3)	(83, 7, 3)	nan
(85, 83, 3)	(83, 87, 0)	(87, 7, 1)	nan
(85, 83, 3)	(83, 87, 0)	(87, 7, 1)	nan
(85, 83, 3)	(83, 87, 0)	(87, 7, 1)	nan
(85, 83, 3)	(83, 82, 1)	(82, 7, 1)	nan
(85, 83, 3)	(83, 82, 1)	(82, 7, 1)	nan
(85, 83, 3)	(83, 76, 3)	(76, 7, 1)	nan
(85, 83, 3)	(83, 76, 3)	(76, 7, 0)	nan
(85, 83, 3)	(83, 49, 1)	(49, 7, 1)	nan
(85, 83, 3)	(83, 78, 0)	(78, 7, 1)	nan
(85, 83, 3)	(83, 78, 0)	(78, 7, 1)	nan
(85, 35, 1)	(35, 7, 1)	nan
(85, 35, 1)	(35, 7, 0)	nan
(85, 35, 1)	(35, 74, 5)	(74, 7, 1)	nan
(85, 35, 1)	(35, 68, 7)	(68, 7, 5)	nan
(85, 35, 1)	(35, 30, 8)	(30, 7, 1)	nan
(85, 35, 1)	(35, 30, 8)	(30, 7, 4)	nan
(85, 35, 1)	(35, 52, 3)	(52, 7, 1)	nan
(85, 35, 1)	(35, 52, 3)	(52, 7, 0)	nan
(85, 35, 1)	(35, 75, 7)	(75, 7, 1)	nan
(85, 35, 1)	(35, 75, 7)	(75, 7, 5)	nan
(85, 37, 3)	(37, 79, 0)	(79, 7, 1)	nan
(85, 37, 3)	(37, 79, 0)	(79, 7, 1)	nan
(85, 37, 3)	(37, 60, 7)	(60, 7, 1)	nan
