(86, 33, 8)	(33, 26, 7)	nan
(86, 33, 8)	(33, 26, 7)	nan
(86, 33, 8)	(33, 26, 0)	nan
(86, 33, 8)	(33, 26, 4)	nan
(86, 33, 8)	(33, 54, 2)	(54, 26, 7)	nan
(86, 33, 8)	(33, 54, 2)	(54, 26, 7)	nan
(86, 33, 8)	(33, 54, 2)	(54, 26, 3)	nan
(86, 33, 8)	(33, 54, 2)	(54, 26, 4)	nan
(86, 33, 8)	(33, 74, 0)	(74, 26, 7)	nan
(86, 33, 8)	(33, 74, 0)	(74, 26, 0)	nan
(86, 33, 8)	(33, 87, 3)	(87, 26, 7)	nan
(86, 33, 8)	(33, 87, 3)	(87, 26, 0)	nan
(86, 33, 8)	(33, 41, 1)	(41, 26, 7)	nan
(86, 33, 8)	(33, 29, 2)	(29, 26, 7)	nan
(86, 33, 8)	(33, 29, 2)	(29, 26, 2)	nan
(86, 33, 8)	(33, 26, 7)	nan
(86, 33, 8)	(33, 26, 7)	nan
(86, 33, 8)	(33, 26, 0)	nan
(86, 33, 8)	(33, 26, 4)	nan
(86, 33, 8)	(33, 54, 2)	(54, 26, 7)	nan
(86, 33, 8)	(33, 54, 2)	(54, 26, 7)	nan
(86, 33, 8)	(33, 54, 2)	(54, 26, 3)	nan
(86, 33, 8)	(33, 54, 2)	(54, 26, 4)	nan
(86, 33, 8)	(33, 74, 0)	(74, 26, 7)	nan
(86, 33, 8)	(33, 74, 0)	(74, 26, 0)	nan
(86, 33, 8)	(33, 87, 3)	(87, 26, 7)	nan
(86, 33, 8)	(33, 87, 3)	(87, 26, 0)	nan
(86, 33, 8)	(33, 41, 1)	(41, 26, 7)	nan
(86, 33, 8)	(33, 29, 2)	(29, 26, 7)	nan
(86, 33, 8)	(33, 29, 2)	(29, 26, 2)	nan
(86, 33, 3)	(33, 26, 7)	nan
(86, 33, 3)	(33, 26, 7)	nan
(86, 33, 3)	(33, 26, 0)	nan
(86, 33, 3)	(33, 26, 4)	nan
(86, 33, 3)	(33, 54, 2)	(54, 26, 7)	nan
(86, 33, 3)	(33, 54, 2)	(54, 26, 7)	nan
(86, 33, 3)	(33, 54, 2)	(54, 26, 3)	nan
(86, 33, 3)	(33, 54, 2)	(54, 26, 4)	nan
(86, 33, 3)	(33, 74, 0)	(74, 26, 7)	nan
(86, 33, 3)	(33, 74, 0)	(74, 26, 0)	nan
(86, 33, 3)	(33, 87, 3)	(87, 26, 7)	nan
(86, 33, 3)	(33, 87, 3)	(87, 26, 0)	nan
(86, 33, 3)	(33, 41, 1)	(41, 26, 7)	nan
(86, 33, 3)	(33, 29, 2)	(29, 26, 7)	nan
(86, 33, 3)	(33, 29, 2)	(29, 26, 2)	nan
(86, 26, 7)	nan
(86, 66, 2)	(66, 26, 7)	nan
(86, 66, 2)	(66, 26, 7)	nan
(86, 66, 2)	(66, 26, 7)	nan
(86, 66, 2)	(66, 26, 7)	nan
(86, 77, 7)	(77, 26, 7)	nan
