(86, 25, 1)	nan
(86, 33, 8)	(33, 54, 2)	(54, 25, 4)	nan
(86, 33, 8)	(33, 50, 3)	(50, 25, 7)	nan
(86, 33, 8)	(33, 50, 3)	(50, 25, 0)	nan
(86, 33, 8)	(33, 74, 0)	(74, 25, 7)	nan
(86, 33, 8)	(33, 74, 0)	(74, 25, 0)	nan
(86, 33, 8)	(33, 25, 5)	nan
(86, 33, 8)	(33, 41, 1)	(41, 25, 7)	nan
(86, 33, 8)	(33, 84, 0)	(84, 25, 7)	nan
(86, 33, 8)	(33, 29, 2)	(29, 25, 7)	nan
(86, 33, 8)	(33, 29, 2)	(29, 25, 3)	nan
(86, 33, 8)	(33, 54, 2)	(54, 25, 4)	nan
(86, 33, 8)	(33, 50, 3)	(50, 25, 7)	nan
(86, 33, 8)	(33, 50, 3)	(50, 25, 0)	nan
(86, 33, 8)	(33, 74, 0)	(74, 25, 7)	nan
(86, 33, 8)	(33, 74, 0)	(74, 25, 0)	nan
(86, 33, 8)	(33, 25, 5)	nan
(86, 33, 8)	(33, 41, 1)	(41, 25, 7)	nan
(86, 33, 8)	(33, 84, 0)	(84, 25, 7)	nan
(86, 33, 8)	(33, 29, 2)	(29, 25, 7)	nan
(86, 33, 8)	(33, 29, 2)	(29, 25, 3)	nan
(86, 33, 3)	(33, 54, 2)	(54, 25, 4)	nan
(86, 33, 3)	(33, 50, 3)	(50, 25, 7)	nan
(86, 33, 3)	(33, 50, 3)	(50, 25, 0)	nan
(86, 33, 3)	(33, 74, 0)	(74, 25, 7)	nan
(86, 33, 3)	(33, 74, 0)	(74, 25, 0)	nan
(86, 33, 3)	(33, 25, 5)	nan
(86, 33, 3)	(33, 41, 1)	(41, 25, 7)	nan
(86, 33, 3)	(33, 84, 0)	(84, 25, 7)	nan
(86, 33, 3)	(33, 29, 2)	(29, 25, 7)	nan
(86, 33, 3)	(33, 29, 2)	(29, 25, 3)	nan
(86, 66, 2)	(66, 25, 7)	nan
(86, 66, 2)	(66, 25, 7)	nan
(86, 66, 2)	(66, 25, 6)	nan
(86, 77, 7)	(77, 25, 7)	nan
(86, 77, 7)	(77, 30, 7)	(30, 25, 7)	nan
(86, 77, 7)	(77, 30, 7)	(30, 25, 2)	nan
(86, 73, 3)	(73, 29, 8)	(29, 25, 7)	nan
(86, 73, 3)	(73, 29, 8)	(29, 25, 3)	nan
(86, 73, 3)	(73, 29, 8)	(29, 25, 7)	nan
(86, 73, 3)	(73, 29, 8)	(29, 25, 3)	nan
(86, 73, 3)	(73, 29, 4)	(29, 25, 7)	nan
(86, 73, 3)	(73, 29, 4)	(29, 25, 3)	nan
(86, 73, 3)	(73, 49, 0)	(49, 25, 7)	nan
(86, 73, 3)	(73, 45, 1)	(45, 25, 7)	nan
(86, 73, 3)	(73, 45, 1)	(45, 25, 7)	nan
(86, 73, 3)	(73, 45, 1)	(45, 25, 4)	nan
(86, 73, 3)	(73, 45, 1)	(45, 25, 5)	nan
(86, 73, 3)	(73, 25, 7)	nan
