(86, 33, 8)	(33, 27, 7)	nan
(86, 33, 8)	(33, 27, 0)	nan
(86, 33, 8)	(33, 54, 2)	(54, 27, 7)	nan
(86, 33, 8)	(33, 54, 2)	(54, 27, 4)	nan
(86, 33, 8)	(33, 50, 3)	(50, 27, 7)	nan
(86, 33, 8)	(33, 50, 3)	(50, 27, 2)	nan
(86, 33, 8)	(33, 74, 0)	(74, 27, 7)	nan
(86, 33, 8)	(33, 74, 0)	(74, 27, 7)	nan
(86, 33, 8)	(33, 74, 0)	(74, 27, 5)	nan
(86, 33, 8)	(33, 74, 0)	(74, 27, 2)	nan
(86, 33, 8)	(33, 87, 3)	(87, 27, 7)	nan
(86, 33, 8)	(33, 87, 3)	(87, 27, 7)	nan
(86, 33, 8)	(33, 87, 3)	(87, 27, 3)	nan
(86, 33, 8)	(33, 87, 3)	(87, 27, 5)	nan
(86, 33, 8)	(33, 41, 1)	(41, 27, 7)	nan
(86, 33, 8)	(33, 41, 1)	(41, 27, 7)	nan
(86, 33, 8)	(33, 41, 1)	(41, 27, 4)	nan
(86, 33, 8)	(33, 84, 0)	(84, 27, 7)	nan
(86, 33, 8)	(33, 29, 2)	(29, 27, 7)	nan
(86, 33, 8)	(33, 29, 2)	(29, 27, 5)	nan
(86, 33, 8)	(33, 27, 7)	nan
(86, 33, 8)	(33, 27, 0)	nan
(86, 33, 8)	(33, 54, 2)	(54, 27, 7)	nan
(86, 33, 8)	(33, 54, 2)	(54, 27, 4)	nan
(86, 33, 8)	(33, 50, 3)	(50, 27, 7)	nan
(86, 33, 8)	(33, 50, 3)	(50, 27, 2)	nan
(86, 33, 8)	(33, 74, 0)	(74, 27, 7)	nan
(86, 33, 8)	(33, 74, 0)	(74, 27, 7)	nan
(86, 33, 8)	(33, 74, 0)	(74, 27, 5)	nan
(86, 33, 8)	(33, 74, 0)	(74, 27, 2)	nan
(86, 33, 8)	(33, 87, 3)	(87, 27, 7)	nan
(86, 33, 8)	(33, 87, 3)	(87, 27, 7)	nan
(86, 33, 8)	(33, 87, 3)	(87, 27, 3)	nan
(86, 33, 8)	(33, 87, 3)	(87, 27, 5)	nan
(86, 33, 8)	(33, 41, 1)	(41, 27, 7)	nan
(86, 33, 8)	(33, 41, 1)	(41, 27, 7)	nan
(86, 33, 8)	(33, 41, 1)	(41, 27, 4)	nan
(86, 33, 8)	(33, 84, 0)	(84, 27, 7)	nan
(86, 33, 8)	(33, 29, 2)	(29, 27, 7)	nan
(86, 33, 8)	(33, 29, 2)	(29, 27, 5)	nan
(86, 33, 3)	(33, 27, 7)	nan
(86, 33, 3)	(33, 27, 0)	nan
(86, 33, 3)	(33, 54, 2)	(54, 27, 7)	nan
(86, 33, 3)	(33, 54, 2)	(54, 27, 4)	nan
(86, 33, 3)	(33, 50, 3)	(50, 27, 7)	nan
(86, 33, 3)	(33, 50, 3)	(50, 27, 2)	nan
(86, 33, 3)	(33, 74, 0)	(74, 27, 7)	nan
(86, 33, 3)	(33, 74, 0)	(74, 27, 7)	nan
(86, 33, 3)	(33, 74, 0)	(74, 27, 5)	nan
(86, 33, 3)	(33, 74, 0)	(74, 27, 2)	nan
