(86, 33, 3)	nan
(86, 77, 7)	(77, 34, 8)	(34, 33, 8)	nan
(86, 77, 7)	(77, 34, 2)	(34, 33, 8)	nan
(86, 73, 3)	(73, 45, 1)	(45, 33, 8)	nan
(86, 73, 3)	(73, 33, 8)	nan
(86, 73, 3)	(73, 33, 8)	nan
(86, 73, 3)	(73, 34, 0)	(34, 33, 8)	nan
(86, 53, 7)	(53, 34, 3)	(34, 33, 8)	nan
(86, 53, 7)	(53, 85, 3)	(85, 33, 8)	nan
(86, 53, 7)	(53, 85, 3)	(85, 33, 4)	nan
(86, 53, 7)	(53, 74, 3)	(74, 33, 8)	nan
(86, 53, 7)	(53, 74, 3)	(74, 33, 7)	nan
(86, 53, 7)	(53, 56, 5)	(56, 33, 8)	nan
(86, 65, 8)	(65, 79, 5)	(79, 33, 8)	nan
(86, 65, 8)	(65, 79, 5)	(79, 33, 4)	nan
(86, 65, 8)	(65, 33, 7)	nan
(86, 65, 8)	(65, 33, 7)	nan
(86, 65, 8)	(65, 68, 0)	(68, 33, 8)	nan
(86, 65, 8)	(65, 68, 0)	(68, 33, 7)	nan
(86, 74, 7)	(74, 33, 8)	nan
(86, 74, 7)	(74, 33, 7)	nan
(86, 61, 5)	(61, 34, 8)	(34, 33, 8)	nan
(86, 61, 5)	(61, 69, 7)	(69, 33, 8)	nan
(86, 61, 5)	(61, 45, 7)	(45, 33, 8)	nan
