(87, 34, 8)	(34, 10, 2)	nan
(87, 34, 8)	(34, 59, 7)	(59, 10, 2)	nan
(87, 34, 8)	(34, 59, 7)	(59, 10, 3)	nan
(87, 34, 8)	(34, 59, 3)	(59, 10, 2)	nan
(87, 34, 8)	(34, 59, 3)	(59, 10, 3)	nan
(87, 34, 8)	(34, 59, 3)	(59, 10, 2)	nan
(87, 34, 8)	(34, 59, 3)	(59, 10, 3)	nan
(87, 34, 8)	(34, 70, 3)	(70, 10, 2)	nan
(87, 34, 8)	(34, 41, 7)	(41, 10, 2)	nan
(87, 34, 8)	(34, 41, 7)	(41, 10, 2)	nan
(87, 34, 8)	(34, 41, 7)	(41, 10, 2)	nan
(87, 34, 8)	(34, 41, 7)	(41, 10, 2)	nan
(87, 34, 8)	(34, 33, 8)	(33, 10, 2)	nan
(87, 34, 8)	(34, 35, 8)	(35, 10, 2)	nan
(87, 34, 8)	(34, 35, 8)	(35, 10, 5)	nan
(87, 34, 7)	(34, 10, 2)	nan
(87, 34, 7)	(34, 59, 7)	(59, 10, 2)	nan
(87, 34, 7)	(34, 59, 7)	(59, 10, 3)	nan
(87, 34, 7)	(34, 59, 3)	(59, 10, 2)	nan
(87, 34, 7)	(34, 59, 3)	(59, 10, 3)	nan
(87, 34, 7)	(34, 59, 3)	(59, 10, 2)	nan
(87, 34, 7)	(34, 59, 3)	(59, 10, 3)	nan
(87, 34, 7)	(34, 70, 3)	(70, 10, 2)	nan
(87, 34, 7)	(34, 41, 7)	(41, 10, 2)	nan
(87, 34, 7)	(34, 41, 7)	(41, 10, 2)	nan
(87, 34, 7)	(34, 41, 7)	(41, 10, 2)	nan
(87, 34, 7)	(34, 41, 7)	(41, 10, 2)	nan
(87, 34, 7)	(34, 33, 8)	(33, 10, 2)	nan
(87, 34, 7)	(34, 35, 8)	(35, 10, 2)	nan
(87, 34, 7)	(34, 35, 8)	(35, 10, 5)	nan
(87, 44, 5)	(44, 29, 8)	(29, 10, 2)	nan
(87, 44, 5)	(44, 29, 8)	(29, 10, 2)	nan
(87, 44, 5)	(44, 29, 8)	(29, 10, 5)	nan
(87, 44, 5)	(44, 29, 8)	(29, 10, 4)	nan
(87, 44, 5)	(44, 85, 0)	(85, 10, 2)	nan
(87, 44, 5)	(44, 71, 0)	(71, 10, 2)	nan
(87, 44, 5)	(44, 10, 1)	nan
(87, 44, 5)	(44, 10, 2)	nan
(87, 44, 5)	(44, 63, 0)	(63, 10, 2)	nan
(87, 44, 5)	(44, 63, 0)	(63, 10, 2)	nan
(87, 44, 5)	(44, 74, 7)	(74, 10, 2)	nan
(87, 44, 5)	(44, 74, 7)	(74, 10, 7)	nan
(87, 59, 4)	(59, 10, 2)	nan
(87, 59, 4)	(59, 10, 3)	nan
(87, 59, 4)	(59, 29, 3)	(29, 10, 2)	nan
(87, 59, 4)	(59, 29, 3)	(29, 10, 2)	nan
(87, 59, 4)	(59, 29, 3)	(29, 10, 5)	nan
(87, 59, 4)	(59, 29, 3)	(29, 10, 4)	nan
(87, 59, 4)	(59, 47, 5)	(47, 10, 2)	nan
(87, 59, 4)	(59, 47, 5)	(47, 10, 2)	nan
(87, 59, 4)	(59, 47, 2)	(47, 10, 2)	nan
