(87, 34, 8)	(34, 11, 2)	nan
(87, 34, 8)	(34, 11, 8)	nan
(87, 34, 8)	(34, 67, 2)	(67, 11, 2)	nan
(87, 34, 8)	(34, 67, 2)	(67, 11, 7)	nan
(87, 34, 8)	(34, 59, 7)	(59, 11, 2)	nan
(87, 34, 8)	(34, 59, 7)	(59, 11, 6)	nan
(87, 34, 8)	(34, 59, 3)	(59, 11, 2)	nan
(87, 34, 8)	(34, 59, 3)	(59, 11, 6)	nan
(87, 34, 8)	(34, 59, 3)	(59, 11, 2)	nan
(87, 34, 8)	(34, 59, 3)	(59, 11, 6)	nan
(87, 34, 8)	(34, 70, 3)	(70, 11, 2)	nan
(87, 34, 8)	(34, 70, 3)	(70, 11, 1)	nan
(87, 34, 8)	(34, 92, 1)	(92, 11, 2)	nan
(87, 34, 8)	(34, 92, 1)	(92, 11, 7)	nan
(87, 34, 8)	(34, 92, 5)	(92, 11, 2)	nan
(87, 34, 8)	(34, 92, 5)	(92, 11, 7)	nan
(87, 34, 8)	(34, 41, 7)	(41, 11, 2)	nan
(87, 34, 8)	(34, 41, 7)	(41, 11, 2)	nan
(87, 34, 8)	(34, 41, 7)	(41, 11, 5)	nan
(87, 34, 8)	(34, 41, 7)	(41, 11, 5)	nan
(87, 34, 8)	(34, 33, 8)	(33, 11, 2)	nan
(87, 34, 8)	(34, 35, 8)	(35, 11, 2)	nan
(87, 34, 8)	(34, 35, 8)	(35, 11, 8)	nan
(87, 34, 7)	(34, 11, 2)	nan
(87, 34, 7)	(34, 11, 8)	nan
(87, 34, 7)	(34, 67, 2)	(67, 11, 2)	nan
(87, 34, 7)	(34, 67, 2)	(67, 11, 7)	nan
(87, 34, 7)	(34, 59, 7)	(59, 11, 2)	nan
(87, 34, 7)	(34, 59, 7)	(59, 11, 6)	nan
(87, 34, 7)	(34, 59, 3)	(59, 11, 2)	nan
(87, 34, 7)	(34, 59, 3)	(59, 11, 6)	nan
(87, 34, 7)	(34, 59, 3)	(59, 11, 2)	nan
(87, 34, 7)	(34, 59, 3)	(59, 11, 6)	nan
(87, 34, 7)	(34, 70, 3)	(70, 11, 2)	nan
(87, 34, 7)	(34, 70, 3)	(70, 11, 1)	nan
(87, 34, 7)	(34, 92, 1)	(92, 11, 2)	nan
(87, 34, 7)	(34, 92, 1)	(92, 11, 7)	nan
(87, 34, 7)	(34, 92, 5)	(92, 11, 2)	nan
(87, 34, 7)	(34, 92, 5)	(92, 11, 7)	nan
(87, 34, 7)	(34, 41, 7)	(41, 11, 2)	nan
(87, 34, 7)	(34, 41, 7)	(41, 11, 2)	nan
(87, 34, 7)	(34, 41, 7)	(41, 11, 5)	nan
(87, 34, 7)	(34, 41, 7)	(41, 11, 5)	nan
(87, 34, 7)	(34, 33, 8)	(33, 11, 2)	nan
(87, 34, 7)	(34, 35, 8)	(35, 11, 2)	nan
(87, 34, 7)	(34, 35, 8)	(35, 11, 8)	nan
(87, 44, 5)	(44, 30, 8)	(30, 11, 2)	nan
(87, 44, 5)	(44, 11, 2)	nan
(87, 44, 5)	(44, 11, 2)	nan
(87, 44, 5)	(44, 11, 6)	nan
(87, 44, 5)	(44, 11, 4)	nan
