(87, 34, 8)	(34, 7, 1)	nan
(87, 34, 8)	(34, 7, 3)	nan
(87, 34, 8)	(34, 59, 7)	(59, 7, 1)	nan
(87, 34, 8)	(34, 59, 7)	(59, 7, 6)	nan
(87, 34, 8)	(34, 59, 7)	(59, 7, 7)	nan
(87, 34, 8)	(34, 59, 3)	(59, 7, 1)	nan
(87, 34, 8)	(34, 59, 3)	(59, 7, 6)	nan
(87, 34, 8)	(34, 59, 3)	(59, 7, 7)	nan
(87, 34, 8)	(34, 59, 3)	(59, 7, 1)	nan
(87, 34, 8)	(34, 59, 3)	(59, 7, 6)	nan
(87, 34, 8)	(34, 59, 3)	(59, 7, 7)	nan
(87, 34, 8)	(34, 41, 7)	(41, 7, 1)	nan
(87, 34, 8)	(34, 41, 7)	(41, 7, 3)	nan
(87, 34, 8)	(34, 35, 8)	(35, 7, 1)	nan
(87, 34, 8)	(34, 35, 8)	(35, 7, 0)	nan
(87, 34, 7)	(34, 7, 1)	nan
(87, 34, 7)	(34, 7, 3)	nan
(87, 34, 7)	(34, 59, 7)	(59, 7, 1)	nan
(87, 34, 7)	(34, 59, 7)	(59, 7, 6)	nan
(87, 34, 7)	(34, 59, 7)	(59, 7, 7)	nan
(87, 34, 7)	(34, 59, 3)	(59, 7, 1)	nan
(87, 34, 7)	(34, 59, 3)	(59, 7, 6)	nan
(87, 34, 7)	(34, 59, 3)	(59, 7, 7)	nan
(87, 34, 7)	(34, 59, 3)	(59, 7, 1)	nan
(87, 34, 7)	(34, 59, 3)	(59, 7, 6)	nan
(87, 34, 7)	(34, 59, 3)	(59, 7, 7)	nan
(87, 34, 7)	(34, 41, 7)	(41, 7, 1)	nan
(87, 34, 7)	(34, 41, 7)	(41, 7, 3)	nan
(87, 34, 7)	(34, 35, 8)	(35, 7, 1)	nan
(87, 34, 7)	(34, 35, 8)	(35, 7, 0)	nan
(87, 44, 5)	(44, 30, 8)	(30, 7, 1)	nan
(87, 44, 5)	(44, 30, 8)	(30, 7, 4)	nan
(87, 44, 5)	(44, 7, 1)	nan
(87, 44, 5)	(44, 7, 5)	nan
(87, 44, 5)	(44, 85, 0)	(85, 7, 1)	nan
(87, 44, 5)	(44, 85, 0)	(85, 7, 6)	nan
(87, 44, 5)	(44, 71, 0)	(71, 7, 1)	nan
(87, 44, 5)	(44, 71, 0)	(71, 7, 6)	nan
(87, 44, 5)	(44, 63, 0)	(63, 7, 1)	nan
(87, 44, 5)	(44, 63, 0)	(63, 7, 3)	nan
(87, 44, 5)	(44, 74, 7)	(74, 7, 1)	nan
(87, 7, 1)	nan
(87, 59, 4)	(59, 7, 1)	nan
(87, 59, 4)	(59, 7, 6)	nan
(87, 59, 4)	(59, 7, 7)	nan
(87, 59, 4)	(59, 77, 3)	(77, 7, 1)	nan
(87, 59, 4)	(59, 77, 3)	(77, 7, 1)	nan
(87, 59, 4)	(59, 77, 3)	(77, 7, 1)	nan
(87, 59, 4)	(59, 77, 3)	(77, 7, 1)	nan
