(87, 34, 8)	(34, 8, 1)	nan
(87, 34, 8)	(34, 8, 1)	nan
(87, 34, 8)	(34, 8, 2)	nan
(87, 34, 8)	(34, 8, 4)	nan
(87, 34, 8)	(34, 91, 1)	(91, 8, 1)	nan
(87, 34, 8)	(34, 91, 1)	(91, 8, 1)	nan
(87, 34, 8)	(34, 67, 2)	(67, 8, 1)	nan
(87, 34, 8)	(34, 70, 3)	(70, 8, 1)	nan
(87, 34, 8)	(34, 70, 3)	(70, 8, 1)	nan
(87, 34, 8)	(34, 70, 3)	(70, 8, 0)	nan
(87, 34, 8)	(34, 41, 7)	(41, 8, 1)	nan
(87, 34, 8)	(34, 41, 7)	(41, 8, 5)	nan
(87, 34, 8)	(34, 33, 8)	(33, 8, 1)	nan
(87, 34, 8)	(34, 33, 8)	(33, 8, 1)	nan
(87, 34, 8)	(34, 33, 8)	(33, 8, 3)	nan
(87, 34, 8)	(34, 33, 8)	(33, 8, 6)	nan
(87, 34, 8)	(34, 33, 8)	(33, 8, 7)	nan
(87, 34, 8)	(34, 35, 8)	(35, 8, 1)	nan
(87, 34, 8)	(34, 35, 8)	(35, 8, 4)	nan
(87, 34, 7)	(34, 8, 1)	nan
(87, 34, 7)	(34, 8, 1)	nan
(87, 34, 7)	(34, 8, 2)	nan
(87, 34, 7)	(34, 8, 4)	nan
(87, 34, 7)	(34, 91, 1)	(91, 8, 1)	nan
(87, 34, 7)	(34, 91, 1)	(91, 8, 1)	nan
(87, 34, 7)	(34, 67, 2)	(67, 8, 1)	nan
(87, 34, 7)	(34, 70, 3)	(70, 8, 1)	nan
(87, 34, 7)	(34, 70, 3)	(70, 8, 1)	nan
(87, 34, 7)	(34, 70, 3)	(70, 8, 0)	nan
(87, 34, 7)	(34, 41, 7)	(41, 8, 1)	nan
(87, 34, 7)	(34, 41, 7)	(41, 8, 5)	nan
(87, 34, 7)	(34, 33, 8)	(33, 8, 1)	nan
(87, 34, 7)	(34, 33, 8)	(33, 8, 1)	nan
(87, 34, 7)	(34, 33, 8)	(33, 8, 3)	nan
(87, 34, 7)	(34, 33, 8)	(33, 8, 6)	nan
(87, 34, 7)	(34, 33, 8)	(33, 8, 7)	nan
(87, 34, 7)	(34, 35, 8)	(35, 8, 1)	nan
(87, 34, 7)	(34, 35, 8)	(35, 8, 4)	nan
(87, 44, 5)	(44, 8, 1)	nan
(87, 44, 5)	(44, 8, 1)	nan
(87, 44, 5)	(44, 8, 3)	nan
(87, 44, 5)	(44, 29, 8)	(29, 8, 1)	nan
(87, 44, 5)	(44, 85, 0)	(85, 8, 1)	nan
(87, 44, 5)	(44, 85, 0)	(85, 8, 5)	nan
(87, 44, 5)	(44, 71, 0)	(71, 8, 1)	nan
(87, 44, 5)	(44, 71, 0)	(71, 8, 7)	nan
(87, 44, 5)	(44, 63, 0)	(63, 8, 1)	nan
(87, 44, 5)	(44, 63, 0)	(63, 8, 5)	nan
(87, 8, 1)	nan
