(88, 0, 3)	nan
(88, 0, 7)	nan
(88, 31, 1)	(31, 0, 0)	nan
(88, 31, 1)	(31, 0, 0)	nan
(88, 31, 1)	(31, 0, 8)	nan
(88, 31, 1)	(31, 32, 0)	(32, 0, 0)	nan
(88, 31, 1)	(31, 36, 7)	(36, 0, 0)	nan
(88, 31, 1)	(31, 36, 7)	(36, 0, 0)	nan
(88, 31, 1)	(31, 36, 7)	(36, 0, 4)	nan
(88, 31, 1)	(31, 36, 7)	(36, 0, 6)	nan
(88, 31, 1)	(31, 35, 8)	(35, 0, 0)	nan
(88, 31, 1)	(31, 35, 8)	(35, 0, 3)	nan
(88, 31, 1)	(31, 35, 8)	(35, 0, 4)	nan
(88, 31, 1)	(31, 29, 5)	(29, 0, 0)	nan
(88, 31, 1)	(31, 29, 5)	(29, 0, 5)	nan
(88, 31, 1)	(31, 30, 8)	(30, 0, 0)	nan
(88, 31, 1)	(31, 30, 8)	(30, 0, 4)	nan
(88, 31, 1)	(31, 55, 5)	(55, 0, 0)	nan
(88, 31, 1)	(31, 69, 7)	(69, 0, 0)	nan
(88, 31, 1)	(31, 69, 7)	(69, 0, 0)	nan
(88, 31, 1)	(31, 69, 7)	(69, 0, 8)	nan
(88, 43, 1)	(43, 30, 8)	(30, 0, 0)	nan
(88, 43, 1)	(43, 30, 8)	(30, 0, 4)	nan
(88, 43, 1)	(43, 0, 0)	nan
(88, 43, 1)	(43, 0, 1)	nan
(88, 43, 1)	(43, 32, 8)	(32, 0, 0)	nan
(88, 43, 1)	(43, 55, 0)	(55, 0, 0)	nan
(88, 43, 1)	(43, 70, 1)	(70, 0, 0)	nan
(88, 43, 1)	(43, 70, 1)	(70, 0, 0)	nan
(88, 43, 1)	(43, 62, 5)	(62, 0, 0)	nan
(88, 43, 1)	(43, 62, 5)	(62, 0, 0)	nan
(88, 43, 1)	(43, 62, 5)	(62, 0, 7)	nan
(88, 43, 1)	(43, 63, 0)	(63, 0, 0)	nan
