(88, 31, 1)	(31, 32, 0)	(32, 10, 2)	nan
(88, 31, 1)	(31, 36, 7)	(36, 10, 2)	nan
(88, 31, 1)	(31, 36, 7)	(36, 10, 2)	nan
(88, 31, 1)	(31, 35, 8)	(35, 10, 2)	nan
(88, 31, 1)	(31, 35, 8)	(35, 10, 5)	nan
(88, 31, 1)	(31, 29, 5)	(29, 10, 2)	nan
(88, 31, 1)	(31, 29, 5)	(29, 10, 2)	nan
(88, 31, 1)	(31, 29, 5)	(29, 10, 5)	nan
(88, 31, 1)	(31, 29, 5)	(29, 10, 4)	nan
(88, 31, 1)	(31, 10, 2)	nan
(88, 31, 1)	(31, 55, 5)	(55, 10, 2)	nan
(88, 31, 1)	(31, 55, 5)	(55, 10, 4)	nan
(88, 31, 1)	(31, 69, 7)	(69, 10, 2)	nan
(88, 31, 1)	(31, 69, 7)	(69, 10, 8)	nan
(88, 43, 1)	(43, 32, 8)	(32, 10, 2)	nan
(88, 43, 1)	(43, 55, 0)	(55, 10, 2)	nan
(88, 43, 1)	(43, 55, 0)	(55, 10, 4)	nan
(88, 43, 1)	(43, 10, 2)	nan
(88, 43, 1)	(43, 10, 2)	nan
(88, 43, 1)	(43, 10, 2)	nan
(88, 43, 1)	(43, 89, 0)	(89, 10, 2)	nan
(88, 43, 1)	(43, 89, 7)	(89, 10, 2)	nan
(88, 43, 1)	(43, 70, 1)	(70, 10, 2)	nan
(88, 43, 1)	(43, 62, 5)	(62, 10, 2)	nan
(88, 43, 1)	(43, 63, 0)	(63, 10, 2)	nan
(88, 43, 1)	(43, 63, 0)	(63, 10, 2)	nan
