(88, 2, 6)	nan
(88, 31, 1)	(31, 2, 0)	nan
(88, 31, 1)	(31, 2, 0)	nan
(88, 31, 1)	(31, 2, 1)	nan
(88, 31, 1)	(31, 2, 7)	nan
(88, 31, 1)	(31, 32, 0)	(32, 2, 7)	nan
(88, 31, 1)	(31, 36, 7)	(36, 2, 0)	nan
(88, 31, 1)	(31, 36, 7)	(36, 2, 0)	nan
(88, 31, 1)	(31, 36, 7)	(36, 2, 3)	nan
(88, 31, 1)	(31, 36, 7)	(36, 2, 6)	nan
(88, 31, 1)	(31, 29, 5)	(29, 2, 0)	nan
(88, 31, 1)	(31, 29, 5)	(29, 2, 0)	nan
(88, 31, 1)	(31, 29, 5)	(29, 2, 8)	nan
(88, 31, 1)	(31, 29, 5)	(29, 2, 7)	nan
(88, 31, 1)	(31, 30, 8)	(30, 2, 0)	nan
(88, 31, 1)	(31, 55, 5)	(55, 2, 1)	nan
(88, 43, 1)	(43, 2, 0)	nan
(88, 43, 1)	(43, 2, 8)	nan
(88, 43, 1)	(43, 30, 8)	(30, 2, 0)	nan
(88, 43, 1)	(43, 32, 8)	(32, 2, 7)	nan
(88, 43, 1)	(43, 55, 0)	(55, 2, 1)	nan
(88, 43, 1)	(43, 89, 0)	(89, 2, 0)	nan
(88, 43, 1)	(43, 89, 0)	(89, 2, 4)	nan
(88, 43, 1)	(43, 89, 7)	(89, 2, 0)	nan
(88, 43, 1)	(43, 89, 7)	(89, 2, 4)	nan
(88, 43, 1)	(43, 70, 1)	(70, 2, 0)	nan
(88, 43, 1)	(43, 62, 5)	(62, 2, 0)	nan
