(88, 31, 1)	(31, 20, 5)	nan
(88, 31, 1)	(31, 20, 7)	nan
(88, 31, 1)	(31, 36, 7)	(36, 20, 5)	nan
(88, 31, 1)	(31, 36, 7)	(36, 20, 5)	nan
(88, 31, 1)	(31, 36, 7)	(36, 20, 1)	nan
(88, 31, 1)	(31, 36, 7)	(36, 20, 0)	nan
(88, 31, 1)	(31, 35, 8)	(35, 20, 5)	nan
(88, 31, 1)	(31, 35, 8)	(35, 20, 7)	nan
(88, 31, 1)	(31, 29, 5)	(29, 20, 5)	nan
(88, 31, 1)	(31, 29, 5)	(29, 20, 5)	nan
(88, 31, 1)	(31, 29, 5)	(29, 20, 4)	nan
(88, 31, 1)	(31, 55, 5)	(55, 20, 5)	nan
(88, 31, 1)	(31, 55, 5)	(55, 20, 5)	nan
(88, 31, 1)	(31, 69, 7)	(69, 20, 5)	nan
(88, 31, 1)	(31, 69, 7)	(69, 20, 5)	nan
(88, 31, 1)	(31, 69, 7)	(69, 20, 5)	nan
(88, 43, 1)	(43, 20, 5)	nan
(88, 43, 1)	(43, 20, 0)	nan
(88, 43, 1)	(43, 55, 0)	(55, 20, 5)	nan
(88, 43, 1)	(43, 55, 0)	(55, 20, 5)	nan
(88, 43, 1)	(43, 62, 5)	(62, 20, 5)	nan
(88, 43, 1)	(43, 62, 5)	(62, 20, 1)	nan
(88, 43, 1)	(43, 63, 0)	(63, 20, 5)	nan
(88, 43, 1)	(43, 63, 0)	(63, 20, 2)	nan
