(88, 28, 3)	nan
(88, 31, 1)	(31, 28, 7)	nan
(88, 31, 1)	(31, 28, 6)	nan
(88, 31, 1)	(31, 32, 0)	(32, 28, 7)	nan
(88, 31, 1)	(31, 32, 0)	(32, 28, 7)	nan
(88, 31, 1)	(31, 32, 0)	(32, 28, 4)	nan
(88, 31, 1)	(31, 32, 0)	(32, 28, 3)	nan
(88, 31, 1)	(31, 32, 0)	(32, 28, 5)	nan
(88, 31, 1)	(31, 36, 7)	(36, 28, 7)	nan
(88, 31, 1)	(31, 36, 7)	(36, 28, 7)	nan
(88, 31, 1)	(31, 36, 7)	(36, 28, 5)	nan
(88, 31, 1)	(31, 36, 7)	(36, 28, 3)	nan
(88, 31, 1)	(31, 35, 8)	(35, 28, 7)	nan
(88, 31, 1)	(31, 35, 8)	(35, 28, 1)	nan
(88, 31, 1)	(31, 29, 5)	(29, 28, 7)	nan
(88, 31, 1)	(31, 29, 5)	(29, 28, 3)	nan
(88, 31, 1)	(31, 55, 5)	(55, 28, 7)	nan
(88, 31, 1)	(31, 55, 5)	(55, 28, 7)	nan
(88, 31, 1)	(31, 55, 5)	(55, 28, 0)	nan
(88, 31, 1)	(31, 55, 5)	(55, 28, 6)	nan
(88, 31, 1)	(31, 69, 7)	(69, 28, 7)	nan
(88, 31, 1)	(31, 69, 7)	(69, 28, 7)	nan
(88, 31, 1)	(31, 69, 7)	(69, 28, 4)	nan
(88, 31, 1)	(31, 69, 7)	(69, 28, 6)	nan
(88, 43, 1)	(43, 28, 7)	nan
(88, 43, 1)	(43, 28, 5)	nan
(88, 43, 1)	(43, 28, 6)	nan
(88, 43, 1)	(43, 32, 8)	(32, 28, 7)	nan
(88, 43, 1)	(43, 32, 8)	(32, 28, 7)	nan
(88, 43, 1)	(43, 32, 8)	(32, 28, 4)	nan
(88, 43, 1)	(43, 32, 8)	(32, 28, 3)	nan
(88, 43, 1)	(43, 32, 8)	(32, 28, 5)	nan
(88, 43, 1)	(43, 55, 0)	(55, 28, 7)	nan
(88, 43, 1)	(43, 55, 0)	(55, 28, 7)	nan
(88, 43, 1)	(43, 55, 0)	(55, 28, 0)	nan
(88, 43, 1)	(43, 55, 0)	(55, 28, 6)	nan
(88, 43, 1)	(43, 70, 1)	(70, 28, 7)	nan
(88, 43, 1)	(43, 70, 1)	(70, 28, 4)	nan
(88, 43, 1)	(43, 63, 0)	(63, 28, 7)	nan
(88, 43, 1)	(43, 63, 0)	(63, 28, 4)	nan
