(88, 31, 1)	(31, 6, 1)	nan
(88, 31, 1)	(31, 6, 8)	nan
(88, 31, 1)	(31, 35, 8)	(35, 6, 1)	nan
(88, 31, 1)	(31, 35, 8)	(35, 6, 1)	nan
(88, 31, 1)	(31, 29, 5)	(29, 6, 1)	nan
(88, 31, 1)	(31, 29, 5)	(29, 6, 2)	nan
(88, 31, 1)	(31, 55, 5)	(55, 6, 1)	nan
(88, 31, 1)	(31, 55, 5)	(55, 6, 7)	nan
(88, 43, 1)	(43, 6, 1)	nan
(88, 43, 1)	(43, 6, 3)	nan
(88, 43, 1)	(43, 55, 0)	(55, 6, 1)	nan
(88, 43, 1)	(43, 55, 0)	(55, 6, 7)	nan
(88, 43, 1)	(43, 89, 0)	(89, 6, 1)	nan
(88, 43, 1)	(43, 89, 0)	(89, 6, 1)	nan
(88, 43, 1)	(43, 89, 0)	(89, 6, 0)	nan
(88, 43, 1)	(43, 89, 7)	(89, 6, 1)	nan
(88, 43, 1)	(43, 89, 7)	(89, 6, 1)	nan
(88, 43, 1)	(43, 89, 7)	(89, 6, 0)	nan
(88, 43, 1)	(43, 70, 1)	(70, 6, 1)	nan
(88, 43, 1)	(43, 62, 5)	(62, 6, 1)	nan
(88, 43, 1)	(43, 62, 5)	(62, 6, 2)	nan
