(89, 2, 4)	nan
(89, 46, 7)	(46, 2, 0)	nan
(89, 46, 7)	(46, 30, 8)	(30, 2, 0)	nan
(89, 46, 7)	(46, 50, 2)	(50, 2, 0)	nan
(89, 46, 7)	(46, 74, 0)	(74, 2, 0)	nan
(89, 46, 7)	(46, 74, 0)	(74, 2, 0)	nan
(89, 46, 7)	(46, 29, 8)	(29, 2, 0)	nan
(89, 46, 7)	(46, 29, 8)	(29, 2, 0)	nan
(89, 46, 7)	(46, 29, 8)	(29, 2, 8)	nan
(89, 46, 7)	(46, 29, 8)	(29, 2, 7)	nan
(89, 46, 7)	(46, 47, 8)	(47, 2, 0)	nan
(89, 90, 1)	(90, 2, 0)	nan
(89, 90, 1)	(90, 2, 4)	nan
(89, 90, 1)	(90, 70, 5)	(70, 2, 0)	nan
(89, 90, 1)	(90, 55, 0)	(55, 2, 1)	nan
(89, 90, 1)	(90, 30, 7)	(30, 2, 0)	nan
