(89, 3, 7)	nan
(89, 46, 7)	(46, 3, 0)	nan
(89, 46, 7)	(46, 3, 6)	nan
(89, 46, 7)	(46, 30, 8)	(30, 3, 0)	nan
(89, 46, 7)	(46, 30, 8)	(30, 3, 3)	nan
(89, 46, 7)	(46, 74, 0)	(74, 3, 0)	nan
(89, 46, 7)	(46, 29, 8)	(29, 3, 0)	nan
(89, 46, 7)	(46, 69, 0)	(69, 3, 8)	nan
(89, 46, 7)	(46, 47, 8)	(47, 3, 0)	nan
(89, 46, 7)	(46, 47, 8)	(47, 3, 1)	nan
(89, 90, 1)	(90, 3, 0)	nan
(89, 90, 1)	(90, 3, 7)	nan
(89, 90, 1)	(90, 71, 0)	(71, 3, 0)	nan
(89, 90, 1)	(90, 63, 7)	(63, 3, 0)	nan
(89, 90, 1)	(90, 30, 7)	(30, 3, 0)	nan
(89, 90, 1)	(90, 30, 7)	(30, 3, 3)	nan
