(89, 46, 7)	(46, 8, 1)	nan
(89, 46, 7)	(46, 8, 7)	nan
(89, 46, 7)	(46, 29, 8)	(29, 8, 1)	nan
(89, 46, 7)	(46, 69, 0)	(69, 8, 1)	nan
(89, 46, 7)	(46, 69, 0)	(69, 8, 1)	nan
(89, 46, 7)	(46, 69, 0)	(69, 8, 5)	nan
(89, 46, 7)	(46, 69, 0)	(69, 8, 3)	nan
(89, 46, 7)	(46, 54, 5)	(54, 8, 1)	nan
(89, 46, 7)	(46, 54, 5)	(54, 8, 1)	nan
(89, 46, 7)	(46, 54, 5)	(54, 8, 4)	nan
(89, 46, 7)	(46, 54, 5)	(54, 8, 0)	nan
(89, 46, 7)	(46, 64, 1)	(64, 8, 1)	nan
(89, 46, 7)	(46, 64, 1)	(64, 8, 3)	nan
(89, 46, 7)	(46, 47, 8)	(47, 8, 1)	nan
(89, 46, 7)	(46, 47, 8)	(47, 8, 3)	nan
(89, 90, 1)	(90, 8, 1)	nan
(89, 90, 1)	(90, 8, 5)	nan
(89, 90, 1)	(90, 71, 0)	(71, 8, 1)	nan
(89, 90, 1)	(90, 71, 0)	(71, 8, 7)	nan
(89, 90, 1)	(90, 70, 5)	(70, 8, 1)	nan
(89, 90, 1)	(90, 70, 5)	(70, 8, 1)	nan
(89, 90, 1)	(90, 70, 5)	(70, 8, 0)	nan
(89, 90, 1)	(90, 55, 0)	(55, 8, 1)	nan
(89, 90, 1)	(90, 63, 7)	(63, 8, 1)	nan
(89, 90, 1)	(90, 63, 7)	(63, 8, 5)	nan
(89, 90, 1)	(90, 85, 0)	(85, 8, 1)	nan
(89, 90, 1)	(90, 85, 0)	(85, 8, 5)	nan
