(90, 0, 0)	nan
(90, 71, 0)	(71, 34, 8)	(34, 0, 0)	nan
(90, 71, 0)	(71, 34, 8)	(34, 0, 2)	nan
(90, 71, 0)	(71, 34, 8)	(34, 0, 0)	nan
(90, 71, 0)	(71, 34, 8)	(34, 0, 2)	nan
(90, 71, 0)	(71, 34, 1)	(34, 0, 0)	nan
(90, 71, 0)	(71, 34, 1)	(34, 0, 2)	nan
(90, 71, 0)	(71, 34, 1)	(34, 0, 0)	nan
(90, 71, 0)	(71, 34, 1)	(34, 0, 2)	nan
(90, 71, 0)	(71, 0, 0)	nan
(90, 71, 0)	(71, 0, 1)	nan
(90, 71, 0)	(71, 83, 8)	(83, 0, 0)	nan
(90, 71, 0)	(71, 83, 8)	(83, 0, 8)	nan
(90, 71, 0)	(71, 31, 7)	(31, 0, 0)	nan
(90, 71, 0)	(71, 31, 7)	(31, 0, 0)	nan
(90, 71, 0)	(71, 31, 7)	(31, 0, 8)	nan
(90, 70, 5)	(70, 34, 8)	(34, 0, 0)	nan
(90, 70, 5)	(70, 34, 8)	(34, 0, 2)	nan
(90, 70, 5)	(70, 34, 8)	(34, 0, 0)	nan
(90, 70, 5)	(70, 34, 8)	(34, 0, 2)	nan
(90, 70, 5)	(70, 34, 7)	(34, 0, 0)	nan
(90, 70, 5)	(70, 34, 7)	(34, 0, 2)	nan
(90, 70, 5)	(70, 0, 0)	nan
(90, 70, 5)	(70, 0, 0)	nan
(90, 70, 5)	(70, 56, 7)	(56, 0, 0)	nan
(90, 70, 5)	(70, 56, 7)	(56, 0, 4)	nan
(90, 55, 0)	(55, 0, 0)	nan
(90, 55, 0)	(55, 35, 8)	(35, 0, 0)	nan
(90, 55, 0)	(55, 35, 8)	(35, 0, 3)	nan
(90, 55, 0)	(55, 35, 8)	(35, 0, 4)	nan
(90, 55, 0)	(55, 35, 8)	(35, 0, 0)	nan
(90, 55, 0)	(55, 35, 8)	(35, 0, 3)	nan
(90, 55, 0)	(55, 35, 8)	(35, 0, 4)	nan
(90, 55, 0)	(55, 35, 3)	(35, 0, 0)	nan
(90, 55, 0)	(55, 35, 3)	(35, 0, 3)	nan
(90, 55, 0)	(55, 35, 3)	(35, 0, 4)	nan
(90, 55, 0)	(55, 35, 5)	(35, 0, 0)	nan
(90, 55, 0)	(55, 35, 5)	(35, 0, 3)	nan
(90, 55, 0)	(55, 35, 5)	(35, 0, 4)	nan
(90, 55, 0)	(55, 64, 7)	(64, 0, 0)	nan
(90, 55, 0)	(55, 64, 7)	(64, 0, 7)	nan
(90, 55, 0)	(55, 30, 8)	(30, 0, 0)	nan
(90, 55, 0)	(55, 30, 8)	(30, 0, 4)	nan
(90, 55, 0)	(55, 50, 7)	(50, 0, 0)	nan
(90, 55, 0)	(55, 50, 7)	(50, 0, 5)	nan
(90, 55, 0)	(55, 81, 3)	(81, 0, 0)	nan
(90, 55, 0)	(55, 68, 4)	(68, 0, 0)	nan
(90, 55, 0)	(55, 68, 4)	(68, 0, 6)	nan
(90, 63, 7)	(63, 35, 8)	(35, 0, 0)	nan
(90, 63, 7)	(63, 35, 8)	(35, 0, 3)	nan
