(90, 1, 0)	nan
(90, 71, 0)	(71, 83, 8)	(83, 1, 0)	nan
(90, 71, 0)	(71, 83, 8)	(83, 1, 0)	nan
(90, 71, 0)	(71, 83, 8)	(83, 1, 1)	nan
(90, 71, 0)	(71, 1, 0)	nan
(90, 71, 0)	(71, 1, 0)	nan
(90, 71, 0)	(71, 74, 7)	(74, 1, 0)	nan
(90, 71, 0)	(71, 74, 7)	(74, 1, 3)	nan
(90, 70, 5)	(70, 1, 0)	nan
(90, 70, 5)	(70, 1, 0)	nan
(90, 70, 5)	(70, 51, 1)	(51, 1, 0)	nan
(90, 70, 5)	(70, 56, 7)	(56, 1, 0)	nan
(90, 55, 0)	(55, 35, 8)	(35, 1, 0)	nan
(90, 55, 0)	(55, 35, 8)	(35, 1, 0)	nan
(90, 55, 0)	(55, 35, 3)	(35, 1, 0)	nan
(90, 55, 0)	(55, 35, 5)	(35, 1, 0)	nan
(90, 55, 0)	(55, 64, 7)	(64, 1, 0)	nan
(90, 55, 0)	(55, 64, 7)	(64, 1, 5)	nan
(90, 55, 0)	(55, 1, 0)	nan
(90, 55, 0)	(55, 1, 0)	nan
(90, 55, 0)	(55, 1, 0)	nan
(90, 55, 0)	(55, 65, 7)	(65, 1, 0)	nan
(90, 55, 0)	(55, 65, 7)	(65, 1, 0)	nan
(90, 55, 0)	(55, 65, 7)	(65, 1, 4)	nan
(90, 55, 0)	(55, 81, 3)	(81, 1, 0)	nan
(90, 55, 0)	(55, 81, 3)	(81, 1, 0)	nan
(90, 55, 0)	(55, 81, 3)	(81, 1, 4)	nan
(90, 55, 0)	(55, 81, 3)	(81, 1, 5)	nan
(90, 63, 7)	(63, 35, 8)	(35, 1, 0)	nan
(90, 63, 7)	(63, 35, 8)	(35, 1, 0)	nan
(90, 63, 7)	(63, 35, 7)	(35, 1, 0)	nan
(90, 63, 7)	(63, 35, 3)	(35, 1, 0)	nan
(90, 63, 7)	(63, 85, 3)	(85, 1, 0)	nan
(90, 63, 7)	(63, 85, 3)	(85, 1, 0)	nan
(90, 63, 7)	(63, 85, 3)	(85, 1, 0)	nan
(90, 63, 7)	(63, 33, 7)	(33, 1, 0)	nan
(90, 63, 7)	(63, 33, 7)	(33, 1, 0)	nan
(90, 63, 7)	(63, 33, 7)	(33, 1, 3)	nan
(90, 63, 7)	(63, 33, 8)	(33, 1, 0)	nan
(90, 63, 7)	(63, 33, 8)	(33, 1, 0)	nan
(90, 63, 7)	(63, 33, 8)	(33, 1, 3)	nan
(90, 63, 7)	(63, 33, 8)	(33, 1, 0)	nan
(90, 63, 7)	(63, 33, 8)	(33, 1, 0)	nan
(90, 63, 7)	(63, 33, 8)	(33, 1, 3)	nan
(90, 63, 7)	(63, 74, 7)	(74, 1, 0)	nan
(90, 63, 7)	(63, 74, 7)	(74, 1, 3)	nan
(90, 85, 0)	(85, 33, 8)	(33, 1, 0)	nan
(90, 85, 0)	(85, 33, 8)	(33, 1, 0)	nan
(90, 85, 0)	(85, 33, 8)	(33, 1, 3)	nan
(90, 85, 0)	(85, 33, 4)	(33, 1, 0)	nan
