(90, 71, 0)	(71, 18, 4)	nan
(90, 71, 0)	(71, 18, 0)	nan
(90, 71, 0)	(71, 18, 8)	nan
(90, 71, 0)	(71, 74, 7)	(74, 18, 4)	nan
(90, 70, 5)	(70, 56, 7)	(56, 18, 4)	nan
(90, 55, 0)	(55, 18, 4)	nan
(90, 55, 0)	(55, 18, 5)	nan
(90, 55, 0)	(55, 35, 8)	(35, 18, 4)	nan
(90, 55, 0)	(55, 35, 8)	(35, 18, 7)	nan
(90, 55, 0)	(55, 35, 8)	(35, 18, 4)	nan
(90, 55, 0)	(55, 35, 8)	(35, 18, 7)	nan
(90, 55, 0)	(55, 35, 3)	(35, 18, 4)	nan
(90, 55, 0)	(55, 35, 3)	(35, 18, 7)	nan
(90, 55, 0)	(55, 35, 5)	(35, 18, 4)	nan
(90, 55, 0)	(55, 35, 5)	(35, 18, 7)	nan
(90, 55, 0)	(55, 44, 1)	(44, 18, 4)	nan
(90, 55, 0)	(55, 65, 7)	(65, 18, 1)	nan
(90, 55, 0)	(55, 68, 4)	(68, 18, 4)	nan
(90, 55, 0)	(55, 68, 4)	(68, 18, 4)	nan
(90, 55, 0)	(55, 68, 4)	(68, 18, 1)	nan
(90, 55, 0)	(55, 68, 4)	(68, 18, 7)	nan
(90, 63, 7)	(63, 35, 8)	(35, 18, 4)	nan
(90, 63, 7)	(63, 35, 8)	(35, 18, 7)	nan
(90, 63, 7)	(63, 35, 8)	(35, 18, 4)	nan
(90, 63, 7)	(63, 35, 8)	(35, 18, 7)	nan
(90, 63, 7)	(63, 35, 7)	(35, 18, 4)	nan
(90, 63, 7)	(63, 35, 7)	(35, 18, 7)	nan
(90, 63, 7)	(63, 35, 3)	(35, 18, 4)	nan
(90, 63, 7)	(63, 35, 3)	(35, 18, 7)	nan
(90, 63, 7)	(63, 18, 4)	nan
(90, 63, 7)	(63, 18, 4)	nan
(90, 63, 7)	(63, 18, 7)	nan
(90, 63, 7)	(63, 18, 7)	nan
(90, 63, 7)	(63, 48, 1)	(48, 18, 4)	nan
(90, 63, 7)	(63, 74, 7)	(74, 18, 4)	nan
(90, 63, 7)	(63, 57, 7)	(57, 18, 4)	nan
(90, 63, 7)	(63, 57, 7)	(57, 18, 7)	nan
(90, 85, 0)	(85, 35, 1)	(35, 18, 4)	nan
(90, 85, 0)	(85, 35, 1)	(35, 18, 7)	nan
(90, 30, 7)	(30, 88, 5)	(88, 18, 4)	nan
