(90, 71, 0)	(71, 34, 8)	(34, 10, 2)	nan
(90, 71, 0)	(71, 34, 8)	(34, 10, 2)	nan
(90, 71, 0)	(71, 34, 1)	(34, 10, 2)	nan
(90, 71, 0)	(71, 34, 1)	(34, 10, 2)	nan
(90, 71, 0)	(71, 74, 7)	(74, 10, 2)	nan
(90, 71, 0)	(71, 74, 7)	(74, 10, 7)	nan
(90, 71, 0)	(71, 10, 2)	nan
(90, 71, 0)	(71, 31, 7)	(31, 10, 2)	nan
(90, 70, 5)	(70, 34, 8)	(34, 10, 2)	nan
(90, 70, 5)	(70, 34, 8)	(34, 10, 2)	nan
(90, 70, 5)	(70, 34, 7)	(34, 10, 2)	nan
(90, 70, 5)	(70, 10, 2)	nan
(90, 70, 5)	(70, 56, 7)	(56, 10, 2)	nan
(90, 70, 5)	(70, 56, 7)	(56, 10, 2)	nan
(90, 70, 5)	(70, 56, 7)	(56, 10, 7)	nan
(90, 55, 0)	(55, 35, 8)	(35, 10, 2)	nan
(90, 55, 0)	(55, 35, 8)	(35, 10, 5)	nan
(90, 55, 0)	(55, 35, 8)	(35, 10, 2)	nan
(90, 55, 0)	(55, 35, 8)	(35, 10, 5)	nan
(90, 55, 0)	(55, 35, 3)	(35, 10, 2)	nan
(90, 55, 0)	(55, 35, 3)	(35, 10, 5)	nan
(90, 55, 0)	(55, 35, 5)	(35, 10, 2)	nan
(90, 55, 0)	(55, 35, 5)	(35, 10, 5)	nan
(90, 55, 0)	(55, 10, 2)	nan
(90, 55, 0)	(55, 10, 4)	nan
(90, 55, 0)	(55, 89, 3)	(89, 10, 2)	nan
(90, 55, 0)	(55, 44, 1)	(44, 10, 1)	nan
(90, 55, 0)	(55, 44, 1)	(44, 10, 2)	nan
(90, 55, 0)	(55, 65, 7)	(65, 10, 2)	nan
(90, 55, 0)	(55, 68, 4)	(68, 10, 2)	nan
(90, 63, 7)	(63, 35, 8)	(35, 10, 2)	nan
(90, 63, 7)	(63, 35, 8)	(35, 10, 5)	nan
(90, 63, 7)	(63, 35, 8)	(35, 10, 2)	nan
(90, 63, 7)	(63, 35, 8)	(35, 10, 5)	nan
(90, 63, 7)	(63, 35, 7)	(35, 10, 2)	nan
(90, 63, 7)	(63, 35, 7)	(35, 10, 5)	nan
(90, 63, 7)	(63, 35, 3)	(35, 10, 2)	nan
(90, 63, 7)	(63, 35, 3)	(35, 10, 5)	nan
(90, 63, 7)	(63, 85, 3)	(85, 10, 2)	nan
(90, 63, 7)	(63, 10, 2)	nan
(90, 63, 7)	(63, 10, 2)	nan
(90, 63, 7)	(63, 33, 7)	(33, 10, 2)	nan
(90, 63, 7)	(63, 33, 8)	(33, 10, 2)	nan
(90, 63, 7)	(63, 33, 8)	(33, 10, 2)	nan
(90, 63, 7)	(63, 48, 1)	(48, 10, 2)	nan
(90, 63, 7)	(63, 48, 1)	(48, 10, 2)	nan
(90, 63, 7)	(63, 48, 1)	(48, 10, 8)	nan
(90, 63, 7)	(63, 48, 1)	(48, 10, 8)	nan
(90, 63, 7)	(63, 74, 7)	(74, 10, 2)	nan
(90, 63, 7)	(63, 74, 7)	(74, 10, 7)	nan
(90, 85, 0)	(85, 33, 8)	(33, 10, 2)	nan
