(90, 11, 2)	nan
(90, 11, 5)	nan
(90, 71, 0)	(71, 34, 8)	(34, 11, 2)	nan
(90, 71, 0)	(71, 34, 8)	(34, 11, 8)	nan
(90, 71, 0)	(71, 34, 8)	(34, 11, 2)	nan
(90, 71, 0)	(71, 34, 8)	(34, 11, 8)	nan
(90, 71, 0)	(71, 34, 1)	(34, 11, 2)	nan
(90, 71, 0)	(71, 34, 1)	(34, 11, 8)	nan
(90, 71, 0)	(71, 34, 1)	(34, 11, 2)	nan
(90, 71, 0)	(71, 34, 1)	(34, 11, 8)	nan
(90, 71, 0)	(71, 83, 8)	(83, 11, 2)	nan
(90, 71, 0)	(71, 83, 8)	(83, 11, 2)	nan
(90, 71, 0)	(71, 83, 8)	(83, 11, 2)	nan
(90, 71, 0)	(71, 83, 8)	(83, 11, 2)	nan
(90, 71, 0)	(71, 11, 7)	nan
(90, 71, 0)	(71, 74, 7)	(74, 11, 2)	nan
(90, 71, 0)	(71, 74, 7)	(74, 11, 7)	nan
(90, 71, 0)	(71, 74, 7)	(74, 11, 3)	nan
(90, 71, 0)	(71, 31, 7)	(31, 11, 2)	nan
(90, 71, 0)	(71, 31, 7)	(31, 11, 5)	nan
(90, 70, 5)	(70, 11, 2)	nan
(90, 70, 5)	(70, 11, 1)	nan
(90, 70, 5)	(70, 34, 8)	(34, 11, 2)	nan
(90, 70, 5)	(70, 34, 8)	(34, 11, 8)	nan
(90, 70, 5)	(70, 34, 8)	(34, 11, 2)	nan
(90, 70, 5)	(70, 34, 8)	(34, 11, 8)	nan
(90, 70, 5)	(70, 34, 7)	(34, 11, 2)	nan
(90, 70, 5)	(70, 34, 7)	(34, 11, 8)	nan
(90, 70, 5)	(70, 51, 1)	(51, 11, 2)	nan
(90, 70, 5)	(70, 56, 7)	(56, 11, 2)	nan
(90, 70, 5)	(70, 56, 7)	(56, 11, 5)	nan
(90, 55, 0)	(55, 11, 2)	nan
(90, 55, 0)	(55, 11, 5)	nan
(90, 55, 0)	(55, 35, 8)	(35, 11, 2)	nan
(90, 55, 0)	(55, 35, 8)	(35, 11, 8)	nan
(90, 55, 0)	(55, 35, 8)	(35, 11, 2)	nan
(90, 55, 0)	(55, 35, 8)	(35, 11, 8)	nan
(90, 55, 0)	(55, 35, 3)	(35, 11, 2)	nan
(90, 55, 0)	(55, 35, 3)	(35, 11, 8)	nan
(90, 55, 0)	(55, 35, 5)	(35, 11, 2)	nan
(90, 55, 0)	(55, 35, 5)	(35, 11, 8)	nan
(90, 55, 0)	(55, 89, 3)	(89, 11, 2)	nan
(90, 55, 0)	(55, 89, 3)	(89, 11, 2)	nan
(90, 55, 0)	(55, 89, 3)	(89, 11, 5)	nan
(90, 55, 0)	(55, 30, 8)	(30, 11, 2)	nan
(90, 55, 0)	(55, 44, 1)	(44, 11, 2)	nan
(90, 55, 0)	(55, 44, 1)	(44, 11, 2)	nan
(90, 55, 0)	(55, 44, 1)	(44, 11, 6)	nan
(90, 55, 0)	(55, 44, 1)	(44, 11, 4)	nan
(90, 55, 0)	(55, 65, 7)	(65, 11, 2)	nan
(90, 55, 0)	(55, 65, 7)	(65, 11, 0)	nan
