(90, 28, 5)	nan
(90, 71, 0)	(71, 28, 7)	nan
(90, 71, 0)	(71, 28, 7)	nan
(90, 71, 0)	(71, 28, 4)	nan
(90, 71, 0)	(71, 28, 1)	nan
(90, 71, 0)	(71, 74, 7)	(74, 28, 7)	nan
(90, 71, 0)	(71, 74, 7)	(74, 28, 7)	nan
(90, 71, 0)	(71, 74, 7)	(74, 28, 8)	nan
(90, 71, 0)	(71, 74, 7)	(74, 28, 3)	nan
(90, 71, 0)	(71, 31, 7)	(31, 28, 7)	nan
(90, 71, 0)	(71, 31, 7)	(31, 28, 6)	nan
(90, 70, 5)	(70, 28, 7)	nan
(90, 70, 5)	(70, 28, 4)	nan
(90, 70, 5)	(70, 51, 1)	(51, 28, 7)	nan
(90, 70, 5)	(70, 51, 1)	(51, 28, 2)	nan
(90, 70, 5)	(70, 56, 7)	(56, 28, 7)	nan
(90, 70, 5)	(70, 56, 7)	(56, 28, 2)	nan
(90, 55, 0)	(55, 28, 7)	nan
(90, 55, 0)	(55, 28, 7)	nan
(90, 55, 0)	(55, 28, 0)	nan
(90, 55, 0)	(55, 28, 6)	nan
(90, 55, 0)	(55, 35, 8)	(35, 28, 7)	nan
(90, 55, 0)	(55, 35, 8)	(35, 28, 1)	nan
(90, 55, 0)	(55, 35, 8)	(35, 28, 7)	nan
(90, 55, 0)	(55, 35, 8)	(35, 28, 1)	nan
(90, 55, 0)	(55, 35, 3)	(35, 28, 7)	nan
(90, 55, 0)	(55, 35, 3)	(35, 28, 1)	nan
(90, 55, 0)	(55, 35, 5)	(35, 28, 7)	nan
(90, 55, 0)	(55, 35, 5)	(35, 28, 1)	nan
(90, 55, 0)	(55, 64, 7)	(64, 28, 7)	nan
(90, 55, 0)	(55, 64, 7)	(64, 28, 1)	nan
(90, 55, 0)	(55, 44, 1)	(44, 28, 7)	nan
(90, 55, 0)	(55, 44, 1)	(44, 28, 4)	nan
(90, 55, 0)	(55, 50, 7)	(50, 28, 7)	nan
(90, 55, 0)	(55, 50, 7)	(50, 28, 5)	nan
(90, 55, 0)	(55, 65, 7)	(65, 28, 7)	nan
(90, 55, 0)	(55, 65, 7)	(65, 28, 4)	nan
(90, 55, 0)	(55, 81, 3)	(81, 28, 7)	nan
(90, 55, 0)	(55, 81, 3)	(81, 28, 1)	nan
(90, 55, 0)	(55, 68, 4)	(68, 28, 7)	nan
(90, 55, 0)	(55, 68, 4)	(68, 28, 2)	nan
(90, 63, 7)	(63, 35, 8)	(35, 28, 7)	nan
(90, 63, 7)	(63, 35, 8)	(35, 28, 1)	nan
(90, 63, 7)	(63, 35, 8)	(35, 28, 7)	nan
(90, 63, 7)	(63, 35, 8)	(35, 28, 1)	nan
(90, 63, 7)	(63, 35, 7)	(35, 28, 7)	nan
(90, 63, 7)	(63, 35, 7)	(35, 28, 1)	nan
(90, 63, 7)	(63, 35, 3)	(35, 28, 7)	nan
(90, 63, 7)	(63, 35, 3)	(35, 28, 1)	nan
(90, 63, 7)	(63, 28, 7)	nan
