(90, 25, 7)	nan
(90, 71, 0)	(71, 25, 7)	nan
(90, 71, 0)	(71, 25, 7)	nan
(90, 71, 0)	(71, 25, 8)	nan
(90, 71, 0)	(71, 83, 8)	(83, 25, 7)	nan
(90, 71, 0)	(71, 83, 8)	(83, 25, 1)	nan
(90, 71, 0)	(71, 74, 7)	(74, 25, 7)	nan
(90, 71, 0)	(71, 74, 7)	(74, 25, 0)	nan
(90, 71, 0)	(71, 31, 7)	(31, 25, 7)	nan
(90, 71, 0)	(71, 31, 7)	(31, 25, 7)	nan
(90, 71, 0)	(71, 31, 7)	(31, 25, 5)	nan
(90, 70, 5)	(70, 56, 7)	(56, 25, 7)	nan
(90, 70, 5)	(70, 56, 7)	(56, 25, 6)	nan
(90, 55, 0)	(55, 64, 7)	(64, 25, 7)	nan
(90, 55, 0)	(55, 89, 3)	(89, 25, 7)	nan
(90, 55, 0)	(55, 30, 8)	(30, 25, 7)	nan
(90, 55, 0)	(55, 30, 8)	(30, 25, 2)	nan
(90, 55, 0)	(55, 44, 1)	(44, 25, 7)	nan
(90, 55, 0)	(55, 44, 1)	(44, 25, 4)	nan
(90, 55, 0)	(55, 50, 7)	(50, 25, 7)	nan
(90, 55, 0)	(55, 50, 7)	(50, 25, 0)	nan
(90, 55, 0)	(55, 65, 7)	(65, 25, 7)	nan
(90, 55, 0)	(55, 65, 7)	(65, 25, 7)	nan
(90, 55, 0)	(55, 65, 7)	(65, 25, 2)	nan
(90, 55, 0)	(55, 65, 7)	(65, 25, 1)	nan
(90, 55, 0)	(55, 68, 4)	(68, 25, 7)	nan
(90, 55, 0)	(55, 68, 4)	(68, 25, 7)	nan
(90, 55, 0)	(55, 68, 4)	(68, 25, 2)	nan
(90, 55, 0)	(55, 68, 4)	(68, 25, 8)	nan
(90, 55, 0)	(55, 25, 2)	nan
(90, 63, 7)	(63, 25, 7)	nan
(90, 63, 7)	(63, 25, 7)	nan
(90, 63, 7)	(63, 25, 6)	nan
(90, 63, 7)	(63, 85, 3)	(85, 25, 7)	nan
(90, 63, 7)	(63, 85, 3)	(85, 25, 7)	nan
(90, 63, 7)	(63, 85, 3)	(85, 25, 7)	nan
(90, 63, 7)	(63, 85, 3)	(85, 25, 7)	nan
(90, 63, 7)	(63, 85, 3)	(85, 25, 7)	nan
(90, 63, 7)	(63, 85, 3)	(85, 25, 7)	nan
(90, 63, 7)	(63, 85, 3)	(85, 25, 7)	nan
(90, 63, 7)	(63, 85, 3)	(85, 25, 7)	nan
(90, 63, 7)	(63, 85, 3)	(85, 25, 7)	nan
(90, 63, 7)	(63, 85, 3)	(85, 25, 7)	nan
(90, 63, 7)	(63, 33, 7)	(33, 25, 5)	nan
(90, 63, 7)	(63, 33, 8)	(33, 25, 5)	nan
(90, 63, 7)	(63, 33, 8)	(33, 25, 5)	nan
(90, 63, 7)	(63, 48, 1)	(48, 25, 7)	nan
(90, 63, 7)	(63, 48, 1)	(48, 25, 7)	nan
(90, 63, 7)	(63, 74, 7)	(74, 25, 7)	nan
(90, 63, 7)	(63, 74, 7)	(74, 25, 0)	nan
(90, 63, 7)	(63, 57, 7)	(57, 25, 7)	nan
