(90, 7, 2)	nan
(90, 71, 0)	(71, 34, 8)	(34, 7, 1)	nan
(90, 71, 0)	(71, 34, 8)	(34, 7, 3)	nan
(90, 71, 0)	(71, 34, 8)	(34, 7, 1)	nan
(90, 71, 0)	(71, 34, 8)	(34, 7, 3)	nan
(90, 71, 0)	(71, 34, 1)	(34, 7, 1)	nan
(90, 71, 0)	(71, 34, 1)	(34, 7, 3)	nan
(90, 71, 0)	(71, 34, 1)	(34, 7, 1)	nan
(90, 71, 0)	(71, 34, 1)	(34, 7, 3)	nan
(90, 71, 0)	(71, 7, 1)	nan
(90, 71, 0)	(71, 7, 6)	nan
(90, 71, 0)	(71, 83, 8)	(83, 7, 1)	nan
(90, 71, 0)	(71, 83, 8)	(83, 7, 3)	nan
(90, 71, 0)	(71, 74, 7)	(74, 7, 1)	nan
(90, 70, 5)	(70, 34, 8)	(34, 7, 1)	nan
(90, 70, 5)	(70, 34, 8)	(34, 7, 3)	nan
(90, 70, 5)	(70, 34, 8)	(34, 7, 1)	nan
(90, 70, 5)	(70, 34, 8)	(34, 7, 3)	nan
(90, 70, 5)	(70, 34, 7)	(34, 7, 1)	nan
(90, 70, 5)	(70, 34, 7)	(34, 7, 3)	nan
(90, 55, 0)	(55, 35, 8)	(35, 7, 1)	nan
(90, 55, 0)	(55, 35, 8)	(35, 7, 0)	nan
(90, 55, 0)	(55, 35, 8)	(35, 7, 1)	nan
(90, 55, 0)	(55, 35, 8)	(35, 7, 0)	nan
(90, 55, 0)	(55, 35, 3)	(35, 7, 1)	nan
(90, 55, 0)	(55, 35, 3)	(35, 7, 0)	nan
(90, 55, 0)	(55, 35, 5)	(35, 7, 1)	nan
(90, 55, 0)	(55, 35, 5)	(35, 7, 0)	nan
(90, 55, 0)	(55, 7, 1)	nan
(90, 55, 0)	(55, 7, 2)	nan
(90, 55, 0)	(55, 89, 3)	(89, 7, 1)	nan
(90, 55, 0)	(55, 89, 3)	(89, 7, 5)	nan
(90, 55, 0)	(55, 30, 8)	(30, 7, 1)	nan
(90, 55, 0)	(55, 30, 8)	(30, 7, 4)	nan
(90, 55, 0)	(55, 44, 1)	(44, 7, 1)	nan
(90, 55, 0)	(55, 44, 1)	(44, 7, 5)	nan
(90, 55, 0)	(55, 65, 7)	(65, 7, 1)	nan
(90, 55, 0)	(55, 65, 7)	(65, 7, 1)	nan
(90, 55, 0)	(55, 65, 7)	(65, 7, 5)	nan
(90, 55, 0)	(55, 68, 4)	(68, 7, 5)	nan
(90, 63, 7)	(63, 35, 8)	(35, 7, 1)	nan
(90, 63, 7)	(63, 35, 8)	(35, 7, 0)	nan
(90, 63, 7)	(63, 35, 8)	(35, 7, 1)	nan
(90, 63, 7)	(63, 35, 8)	(35, 7, 0)	nan
(90, 63, 7)	(63, 35, 7)	(35, 7, 1)	nan
(90, 63, 7)	(63, 35, 7)	(35, 7, 0)	nan
(90, 63, 7)	(63, 35, 3)	(35, 7, 1)	nan
(90, 63, 7)	(63, 35, 3)	(35, 7, 0)	nan
(90, 63, 7)	(63, 7, 1)	nan
(90, 63, 7)	(63, 7, 3)	nan
