(91, 21, 7)	nan
(91, 21, 1)	nan
(91, 39, 3)	(39, 21, 5)	nan
(91, 39, 3)	(39, 30, 8)	(30, 21, 5)	nan
(91, 39, 3)	(39, 30, 8)	(30, 21, 3)	nan
(91, 39, 3)	(39, 30, 8)	(30, 21, 5)	nan
(91, 39, 3)	(39, 30, 8)	(30, 21, 3)	nan
(91, 39, 3)	(39, 30, 4)	(30, 21, 5)	nan
(91, 39, 3)	(39, 30, 4)	(30, 21, 3)	nan
(91, 39, 3)	(39, 87, 7)	(87, 21, 5)	nan
(91, 39, 3)	(39, 82, 5)	(82, 21, 5)	nan
(91, 39, 3)	(39, 82, 5)	(82, 21, 4)	nan
(91, 39, 3)	(39, 82, 5)	(82, 21, 0)	nan
(91, 39, 3)	(39, 71, 1)	(71, 21, 5)	nan
(91, 39, 3)	(39, 71, 1)	(71, 21, 1)	nan
(91, 39, 3)	(39, 52, 0)	(52, 21, 5)	nan
(91, 39, 3)	(39, 52, 0)	(52, 21, 5)	nan
(91, 39, 3)	(39, 52, 0)	(52, 21, 8)	nan
(91, 39, 3)	(39, 52, 0)	(52, 21, 4)	nan
(91, 39, 3)	(39, 72, 7)	(72, 21, 5)	nan
(91, 39, 3)	(39, 86, 1)	(86, 21, 5)	nan
(91, 39, 3)	(39, 86, 1)	(86, 21, 5)	nan
(91, 39, 3)	(39, 86, 1)	(86, 21, 3)	nan
(91, 39, 3)	(39, 36, 8)	(36, 21, 5)	nan
(91, 39, 3)	(39, 36, 8)	(36, 21, 5)	nan
(91, 39, 3)	(39, 36, 8)	(36, 21, 6)	nan
(91, 39, 3)	(39, 36, 8)	(36, 21, 6)	nan
(91, 39, 3)	(39, 29, 7)	(29, 21, 5)	nan
(91, 39, 3)	(39, 29, 7)	(29, 21, 5)	nan
(91, 39, 3)	(39, 29, 7)	(29, 21, 0)	nan
(91, 39, 3)	(39, 29, 7)	(29, 21, 2)	nan
(91, 39, 3)	(39, 64, 0)	(64, 21, 5)	nan
(91, 39, 3)	(39, 64, 0)	(64, 21, 1)	nan
(91, 39, 3)	(39, 62, 8)	(62, 21, 5)	nan
(91, 39, 3)	(39, 62, 8)	(62, 21, 5)	nan
(91, 39, 3)	(39, 62, 8)	(62, 21, 4)	nan
(91, 39, 3)	(39, 62, 8)	(62, 21, 6)	nan
(91, 39, 3)	(39, 50, 5)	(50, 21, 5)	nan
(91, 39, 3)	(39, 50, 5)	(50, 21, 6)	nan
(91, 39, 3)	(39, 90, 0)	(90, 21, 5)	nan
(91, 39, 3)	(39, 90, 0)	(90, 21, 6)	nan
(91, 39, 3)	(39, 55, 1)	(55, 21, 7)	nan
(91, 39, 3)	(39, 68, 0)	(68, 21, 5)	nan
(91, 39, 3)	(39, 68, 0)	(68, 21, 5)	nan
(91, 39, 3)	(39, 68, 0)	(68, 21, 7)	nan
(91, 39, 3)	(39, 68, 0)	(68, 21, 2)	nan
(91, 49, 7)	(49, 21, 5)	nan
(91, 49, 7)	(49, 21, 5)	nan
(91, 49, 7)	(49, 21, 4)	nan
(91, 49, 7)	(49, 21, 3)	nan
