(91, 28, 1)	nan
(91, 39, 3)	(39, 28, 7)	nan
(91, 39, 3)	(39, 28, 8)	nan
(91, 39, 3)	(39, 87, 7)	(87, 28, 7)	nan
(91, 39, 3)	(39, 87, 7)	(87, 28, 7)	nan
(91, 39, 3)	(39, 87, 7)	(87, 28, 2)	nan
(91, 39, 3)	(39, 87, 7)	(87, 28, 6)	nan
(91, 39, 3)	(39, 71, 1)	(71, 28, 7)	nan
(91, 39, 3)	(39, 71, 1)	(71, 28, 7)	nan
(91, 39, 3)	(39, 71, 1)	(71, 28, 4)	nan
(91, 39, 3)	(39, 71, 1)	(71, 28, 1)	nan
(91, 39, 3)	(39, 72, 7)	(72, 28, 7)	nan
(91, 39, 3)	(39, 72, 7)	(72, 28, 6)	nan
(91, 39, 3)	(39, 36, 8)	(36, 28, 7)	nan
(91, 39, 3)	(39, 36, 8)	(36, 28, 7)	nan
(91, 39, 3)	(39, 36, 8)	(36, 28, 5)	nan
(91, 39, 3)	(39, 36, 8)	(36, 28, 3)	nan
(91, 39, 3)	(39, 29, 7)	(29, 28, 7)	nan
(91, 39, 3)	(39, 29, 7)	(29, 28, 3)	nan
(91, 39, 3)	(39, 64, 0)	(64, 28, 7)	nan
(91, 39, 3)	(39, 64, 0)	(64, 28, 1)	nan
(91, 39, 3)	(39, 50, 5)	(50, 28, 7)	nan
(91, 39, 3)	(39, 50, 5)	(50, 28, 5)	nan
(91, 39, 3)	(39, 90, 0)	(90, 28, 7)	nan
(91, 39, 3)	(39, 90, 0)	(90, 28, 5)	nan
(91, 39, 3)	(39, 55, 1)	(55, 28, 7)	nan
(91, 39, 3)	(39, 55, 1)	(55, 28, 7)	nan
(91, 39, 3)	(39, 55, 1)	(55, 28, 0)	nan
(91, 39, 3)	(39, 55, 1)	(55, 28, 6)	nan
(91, 39, 3)	(39, 68, 0)	(68, 28, 7)	nan
(91, 39, 3)	(39, 68, 0)	(68, 28, 2)	nan
(91, 49, 7)	(49, 28, 7)	nan
(91, 49, 7)	(49, 28, 7)	nan
(91, 49, 7)	(49, 28, 5)	nan
(91, 49, 7)	(49, 28, 5)	nan
(91, 49, 7)	(49, 28, 1)	nan
(91, 49, 7)	(49, 58, 3)	(58, 28, 7)	nan
(91, 49, 7)	(49, 58, 3)	(58, 28, 6)	nan
(91, 49, 7)	(49, 58, 2)	(58, 28, 7)	nan
(91, 49, 7)	(49, 58, 2)	(58, 28, 6)	nan
(91, 49, 7)	(49, 78, 7)	(78, 28, 7)	nan
(91, 49, 7)	(49, 78, 7)	(78, 28, 3)	nan
(91, 49, 7)	(49, 92, 5)	(92, 28, 7)	nan
(91, 49, 7)	(49, 92, 5)	(92, 28, 5)	nan
(91, 49, 7)	(49, 70, 7)	(70, 28, 7)	nan
(91, 49, 7)	(49, 70, 7)	(70, 28, 4)	nan
(91, 80, 7)	(80, 28, 7)	nan
(91, 80, 7)	(80, 28, 7)	nan
(91, 80, 7)	(80, 28, 8)	nan
(91, 80, 7)	(80, 28, 0)	nan
