(91, 39, 3)	(39, 4, 0)	nan
(91, 39, 3)	(39, 4, 0)	nan
(91, 39, 3)	(39, 4, 6)	nan
(91, 39, 3)	(39, 4, 4)	nan
(91, 39, 3)	(39, 30, 8)	(30, 4, 0)	nan
(91, 39, 3)	(39, 30, 8)	(30, 4, 7)	nan
(91, 39, 3)	(39, 30, 8)	(30, 4, 0)	nan
(91, 39, 3)	(39, 30, 8)	(30, 4, 7)	nan
(91, 39, 3)	(39, 30, 4)	(30, 4, 0)	nan
(91, 39, 3)	(39, 30, 4)	(30, 4, 7)	nan
(91, 39, 3)	(39, 82, 5)	(82, 4, 0)	nan
(91, 39, 3)	(39, 71, 1)	(71, 4, 0)	nan
(91, 39, 3)	(39, 36, 8)	(36, 4, 0)	nan
(91, 39, 3)	(39, 29, 7)	(29, 4, 0)	nan
(91, 39, 3)	(39, 62, 8)	(62, 4, 0)	nan
(91, 39, 3)	(39, 62, 8)	(62, 4, 0)	nan
(91, 39, 3)	(39, 90, 0)	(90, 4, 0)	nan
(91, 39, 3)	(39, 90, 0)	(90, 4, 6)	nan
(91, 49, 7)	(49, 41, 2)	(41, 4, 0)	nan
(91, 49, 7)	(49, 41, 2)	(41, 4, 0)	nan
(91, 49, 7)	(49, 41, 2)	(41, 4, 2)	nan
(91, 80, 7)	(80, 4, 0)	nan
(91, 80, 7)	(80, 71, 5)	(71, 4, 0)	nan
(91, 74, 7)	(74, 33, 8)	(33, 4, 0)	nan
(91, 74, 7)	(74, 33, 7)	(33, 4, 0)	nan
(91, 74, 7)	(74, 90, 1)	(90, 4, 0)	nan
(91, 74, 7)	(74, 90, 1)	(90, 4, 6)	nan
(91, 74, 7)	(74, 29, 8)	(29, 4, 0)	nan
(91, 33, 5)	(33, 4, 0)	nan
(91, 33, 5)	(33, 41, 1)	(41, 4, 0)	nan
(91, 33, 5)	(33, 41, 1)	(41, 4, 0)	nan
(91, 33, 5)	(33, 41, 1)	(41, 4, 2)	nan
(91, 33, 5)	(33, 29, 2)	(29, 4, 0)	nan
(91, 4, 5)	nan
