(91, 39, 3)	(39, 8, 1)	nan
(91, 39, 3)	(39, 87, 7)	(87, 8, 1)	nan
(91, 39, 3)	(39, 87, 7)	(87, 8, 1)	nan
(91, 39, 3)	(39, 87, 7)	(87, 8, 1)	nan
(91, 39, 3)	(39, 87, 7)	(87, 8, 1)	nan
(91, 39, 3)	(39, 87, 7)	(87, 8, 1)	nan
(91, 39, 3)	(39, 82, 5)	(82, 8, 1)	nan
(91, 39, 3)	(39, 71, 1)	(71, 8, 1)	nan
(91, 39, 3)	(39, 71, 1)	(71, 8, 7)	nan
(91, 39, 3)	(39, 52, 0)	(52, 8, 1)	nan
(91, 39, 3)	(39, 52, 0)	(52, 8, 5)	nan
(91, 39, 3)	(39, 52, 0)	(52, 8, 3)	nan
(91, 39, 3)	(39, 72, 7)	(72, 8, 1)	nan
(91, 39, 3)	(39, 72, 7)	(72, 8, 7)	nan
(91, 39, 3)	(39, 72, 7)	(72, 8, 2)	nan
(91, 39, 3)	(39, 36, 8)	(36, 8, 1)	nan
(91, 39, 3)	(39, 36, 8)	(36, 8, 2)	nan
(91, 39, 3)	(39, 89, 0)	(89, 8, 1)	nan
(91, 39, 3)	(39, 29, 7)	(29, 8, 1)	nan
(91, 39, 3)	(39, 64, 0)	(64, 8, 1)	nan
(91, 39, 3)	(39, 64, 0)	(64, 8, 3)	nan
(91, 39, 3)	(39, 62, 8)	(62, 8, 1)	nan
(91, 39, 3)	(39, 62, 8)	(62, 8, 7)	nan
(91, 39, 3)	(39, 90, 0)	(90, 8, 1)	nan
(91, 39, 3)	(39, 90, 0)	(90, 8, 5)	nan
(91, 39, 3)	(39, 55, 1)	(55, 8, 1)	nan
(91, 39, 3)	(39, 68, 0)	(68, 8, 1)	nan
(91, 39, 3)	(39, 68, 0)	(68, 8, 8)	nan
(91, 49, 7)	(49, 8, 1)	nan
(91, 49, 7)	(49, 8, 4)	nan
(91, 49, 7)	(49, 41, 2)	(41, 8, 1)	nan
(91, 49, 7)	(49, 41, 2)	(41, 8, 5)	nan
(91, 49, 7)	(49, 78, 7)	(78, 8, 1)	nan
(91, 49, 7)	(49, 78, 7)	(78, 8, 1)	nan
(91, 49, 7)	(49, 78, 7)	(78, 8, 1)	nan
(91, 49, 7)	(49, 78, 7)	(78, 8, 1)	nan
(91, 49, 7)	(49, 78, 7)	(78, 8, 1)	nan
(91, 49, 7)	(49, 70, 7)	(70, 8, 1)	nan
(91, 49, 7)	(49, 70, 7)	(70, 8, 1)	nan
(91, 49, 7)	(49, 70, 7)	(70, 8, 0)	nan
(91, 80, 7)	(80, 8, 1)	nan
(91, 80, 7)	(80, 8, 7)	nan
(91, 80, 7)	(80, 66, 0)	(66, 8, 1)	nan
(91, 80, 7)	(80, 66, 0)	(66, 8, 1)	nan
(91, 80, 7)	(80, 66, 0)	(66, 8, 1)	nan
(91, 80, 7)	(80, 66, 0)	(66, 8, 1)	nan
(91, 80, 7)	(80, 66, 0)	(66, 8, 1)	nan
(91, 80, 7)	(80, 66, 0)	(66, 8, 1)	nan
(91, 80, 7)	(80, 71, 5)	(71, 8, 1)	nan
