(91, 39, 3)	(39, 87, 7)	(87, 9, 1)	nan
(91, 39, 3)	(39, 9, 1)	nan
(91, 39, 3)	(39, 72, 7)	(72, 9, 1)	nan
(91, 39, 3)	(39, 36, 8)	(36, 9, 1)	nan
(91, 39, 3)	(39, 89, 0)	(89, 9, 1)	nan
(91, 39, 3)	(39, 89, 0)	(89, 9, 1)	nan
(91, 39, 3)	(39, 64, 0)	(64, 9, 1)	nan
(91, 39, 3)	(39, 50, 5)	(50, 9, 1)	nan
(91, 39, 3)	(39, 68, 0)	(68, 9, 1)	nan
(91, 49, 7)	(49, 41, 2)	(41, 9, 1)	nan
(91, 49, 7)	(49, 41, 2)	(41, 9, 1)	nan
(91, 49, 7)	(49, 78, 7)	(78, 9, 1)	nan
(91, 49, 7)	(49, 9, 1)	nan
(91, 49, 7)	(49, 9, 1)	nan
(91, 49, 7)	(49, 92, 5)	(92, 9, 1)	nan
(91, 49, 7)	(49, 70, 7)	(70, 9, 1)	nan
(91, 80, 7)	(80, 9, 1)	nan
(91, 80, 7)	(80, 66, 0)	(66, 9, 1)	nan
(91, 80, 7)	(80, 66, 0)	(66, 9, 8)	nan
(91, 74, 7)	(74, 35, 7)	(35, 9, 1)	nan
(91, 74, 7)	(74, 35, 7)	(35, 9, 1)	nan
(91, 74, 7)	(74, 51, 7)	(51, 9, 2)	nan
(91, 33, 5)	(33, 54, 2)	(54, 9, 1)	nan
(91, 33, 5)	(33, 50, 3)	(50, 9, 1)	nan
(91, 33, 5)	(33, 87, 3)	(87, 9, 1)	nan
(91, 33, 5)	(33, 41, 1)	(41, 9, 1)	nan
(91, 33, 5)	(33, 41, 1)	(41, 9, 1)	nan
(91, 33, 5)	(33, 84, 0)	(84, 9, 1)	nan
