(92, 15, 6)	nan
(92, 53, 7)	(53, 15, 3)	nan
(92, 53, 7)	(53, 15, 4)	nan
(92, 53, 7)	(53, 34, 3)	(34, 15, 3)	nan
(92, 53, 7)	(53, 34, 3)	(34, 15, 1)	nan
(92, 53, 7)	(53, 86, 2)	(86, 15, 3)	nan
(92, 53, 7)	(53, 85, 3)	(85, 15, 3)	nan
(92, 53, 7)	(53, 85, 3)	(85, 15, 3)	nan
(92, 53, 7)	(53, 85, 3)	(85, 15, 7)	nan
(92, 53, 7)	(53, 85, 3)	(85, 15, 1)	nan
(92, 53, 7)	(53, 57, 2)	(57, 15, 3)	nan
(92, 53, 7)	(53, 57, 2)	(57, 15, 3)	nan
(92, 53, 7)	(53, 57, 2)	(57, 15, 2)	nan
(92, 53, 7)	(53, 56, 5)	(56, 15, 3)	nan
(92, 29, 7)	(29, 15, 3)	nan
(92, 29, 7)	(29, 15, 8)	nan
(92, 29, 7)	(29, 50, 5)	(50, 15, 3)	nan
(92, 29, 7)	(29, 50, 5)	(50, 15, 3)	nan
(92, 29, 7)	(29, 35, 1)	(35, 15, 3)	nan
(92, 29, 7)	(29, 35, 1)	(35, 15, 8)	nan
(92, 29, 7)	(29, 76, 3)	(76, 15, 3)	nan
(92, 29, 7)	(29, 76, 3)	(76, 15, 3)	nan
(92, 29, 7)	(29, 86, 1)	(86, 15, 3)	nan
(92, 29, 7)	(29, 61, 7)	(61, 15, 3)	nan
(92, 29, 7)	(29, 61, 7)	(61, 15, 3)	nan
(92, 29, 7)	(29, 61, 7)	(61, 15, 7)	nan
(92, 40, 7)	(40, 30, 8)	(30, 15, 3)	nan
(92, 40, 7)	(40, 30, 5)	(30, 15, 3)	nan
(92, 40, 7)	(40, 78, 0)	(78, 15, 3)	nan
(92, 40, 7)	(40, 15, 3)	nan
(92, 54, 7)	(54, 15, 3)	nan
(92, 54, 7)	(54, 15, 2)	nan
(92, 54, 7)	(54, 35, 3)	(35, 15, 3)	nan
(92, 54, 7)	(54, 35, 3)	(35, 15, 8)	nan
(92, 54, 7)	(54, 43, 7)	(43, 15, 3)	nan
(92, 54, 7)	(54, 43, 7)	(43, 15, 3)	nan
(92, 54, 7)	(54, 56, 3)	(56, 15, 3)	nan
(92, 54, 7)	(54, 69, 3)	(69, 15, 3)	nan
(92, 54, 7)	(54, 69, 3)	(69, 15, 3)	nan
(92, 88, 7)	(88, 43, 1)	(43, 15, 3)	nan
(92, 88, 7)	(88, 43, 1)	(43, 15, 3)	nan
(92, 52, 7)	(52, 29, 8)	(29, 15, 3)	nan
(92, 52, 7)	(52, 29, 8)	(29, 15, 8)	nan
(92, 52, 7)	(52, 45, 3)	(45, 15, 3)	nan
