(92, 53, 7)	(53, 85, 3)	(85, 1, 0)	nan
(92, 53, 7)	(53, 85, 3)	(85, 1, 0)	nan
(92, 53, 7)	(53, 85, 3)	(85, 1, 0)	nan
(92, 53, 7)	(53, 74, 3)	(74, 1, 0)	nan
(92, 53, 7)	(53, 74, 3)	(74, 1, 3)	nan
(92, 53, 7)	(53, 90, 7)	(90, 1, 0)	nan
(92, 53, 7)	(53, 90, 7)	(90, 1, 0)	nan
(92, 53, 7)	(53, 56, 5)	(56, 1, 0)	nan
(92, 53, 7)	(53, 1, 0)	nan
(92, 29, 7)	(29, 1, 0)	nan
(92, 29, 7)	(29, 88, 0)	(88, 1, 0)	nan
(92, 29, 7)	(29, 35, 1)	(35, 1, 0)	nan
(92, 29, 7)	(29, 61, 7)	(61, 1, 0)	nan
(92, 29, 7)	(29, 61, 7)	(61, 1, 0)	nan
(92, 40, 7)	(40, 1, 0)	nan
(92, 40, 7)	(40, 1, 0)	nan
(92, 40, 7)	(40, 1, 1)	nan
(92, 40, 7)	(40, 1, 1)	nan
(92, 40, 7)	(40, 1, 1)	nan
(92, 40, 7)	(40, 36, 5)	(36, 1, 0)	nan
(92, 40, 7)	(40, 33, 1)	(33, 1, 0)	nan
(92, 40, 7)	(40, 33, 1)	(33, 1, 0)	nan
(92, 40, 7)	(40, 33, 1)	(33, 1, 3)	nan
(92, 40, 7)	(40, 65, 7)	(65, 1, 0)	nan
(92, 40, 7)	(40, 65, 7)	(65, 1, 0)	nan
(92, 40, 7)	(40, 65, 7)	(65, 1, 4)	nan
(92, 40, 7)	(40, 90, 8)	(90, 1, 0)	nan
(92, 40, 7)	(40, 90, 8)	(90, 1, 0)	nan
(92, 54, 7)	(54, 35, 3)	(35, 1, 0)	nan
(92, 54, 7)	(54, 79, 1)	(79, 1, 0)	nan
(92, 54, 7)	(54, 43, 7)	(43, 1, 0)	nan
(92, 54, 7)	(54, 43, 7)	(43, 1, 5)	nan
(92, 54, 7)	(54, 87, 7)	(87, 1, 0)	nan
(92, 54, 7)	(54, 56, 3)	(56, 1, 0)	nan
(92, 54, 7)	(54, 38, 2)	(38, 1, 0)	nan
(92, 54, 7)	(54, 38, 2)	(38, 1, 5)	nan
(92, 54, 7)	(54, 69, 3)	(69, 1, 0)	nan
(92, 54, 7)	(54, 69, 3)	(69, 1, 0)	nan
(92, 54, 7)	(54, 69, 3)	(69, 1, 0)	nan
(92, 54, 7)	(54, 69, 3)	(69, 1, 0)	nan
(92, 88, 7)	(88, 1, 0)	nan
(92, 88, 7)	(88, 43, 1)	(43, 1, 0)	nan
(92, 88, 7)	(88, 43, 1)	(43, 1, 5)	nan
(92, 52, 7)	(52, 33, 1)	(33, 1, 0)	nan
(92, 52, 7)	(52, 33, 1)	(33, 1, 0)	nan
(92, 52, 7)	(52, 33, 1)	(33, 1, 3)	nan
(92, 52, 7)	(52, 29, 8)	(29, 1, 0)	nan
(92, 52, 7)	(52, 79, 7)	(79, 1, 0)	nan
(92, 1, 0)	nan
