(92, 28, 5)	nan
(92, 53, 7)	(53, 28, 7)	nan
(92, 53, 7)	(53, 28, 5)	nan
(92, 53, 7)	(53, 85, 3)	(85, 28, 7)	nan
(92, 53, 7)	(53, 85, 3)	(85, 28, 2)	nan
(92, 53, 7)	(53, 74, 3)	(74, 28, 7)	nan
(92, 53, 7)	(53, 74, 3)	(74, 28, 7)	nan
(92, 53, 7)	(53, 74, 3)	(74, 28, 8)	nan
(92, 53, 7)	(53, 74, 3)	(74, 28, 3)	nan
(92, 53, 7)	(53, 57, 2)	(57, 28, 7)	nan
(92, 53, 7)	(53, 57, 2)	(57, 28, 7)	nan
(92, 53, 7)	(53, 57, 2)	(57, 28, 3)	nan
(92, 53, 7)	(53, 57, 2)	(57, 28, 2)	nan
(92, 53, 7)	(53, 90, 7)	(90, 28, 7)	nan
(92, 53, 7)	(53, 90, 7)	(90, 28, 5)	nan
(92, 53, 7)	(53, 56, 5)	(56, 28, 7)	nan
(92, 53, 7)	(53, 56, 5)	(56, 28, 2)	nan
(92, 53, 7)	(53, 44, 3)	(44, 28, 7)	nan
(92, 53, 7)	(53, 44, 3)	(44, 28, 4)	nan
(92, 29, 7)	(29, 28, 7)	nan
(92, 29, 7)	(29, 28, 3)	nan
(92, 29, 7)	(29, 50, 5)	(50, 28, 7)	nan
(92, 29, 7)	(29, 50, 5)	(50, 28, 5)	nan
(92, 29, 7)	(29, 88, 0)	(88, 28, 7)	nan
(92, 29, 7)	(29, 88, 0)	(88, 28, 3)	nan
(92, 29, 7)	(29, 35, 1)	(35, 28, 7)	nan
(92, 29, 7)	(29, 35, 1)	(35, 28, 1)	nan
(92, 29, 7)	(29, 76, 3)	(76, 28, 7)	nan
(92, 29, 7)	(29, 76, 3)	(76, 28, 0)	nan
(92, 29, 7)	(29, 61, 7)	(61, 28, 7)	nan
(92, 29, 7)	(29, 61, 7)	(61, 28, 7)	nan
(92, 29, 7)	(29, 61, 7)	(61, 28, 4)	nan
(92, 29, 7)	(29, 61, 7)	(61, 28, 3)	nan
(92, 40, 7)	(40, 28, 7)	nan
(92, 40, 7)	(40, 28, 3)	nan
(92, 40, 7)	(40, 36, 5)	(36, 28, 7)	nan
(92, 40, 7)	(40, 36, 5)	(36, 28, 7)	nan
(92, 40, 7)	(40, 36, 5)	(36, 28, 5)	nan
(92, 40, 7)	(40, 36, 5)	(36, 28, 3)	nan
(92, 40, 7)	(40, 78, 0)	(78, 28, 7)	nan
(92, 40, 7)	(40, 78, 0)	(78, 28, 3)	nan
(92, 40, 7)	(40, 65, 7)	(65, 28, 7)	nan
(92, 40, 7)	(40, 65, 7)	(65, 28, 4)	nan
(92, 40, 7)	(40, 90, 8)	(90, 28, 7)	nan
(92, 40, 7)	(40, 90, 8)	(90, 28, 5)	nan
(92, 54, 7)	(54, 28, 7)	nan
(92, 54, 7)	(54, 28, 3)	nan
(92, 54, 7)	(54, 35, 3)	(35, 28, 7)	nan
(92, 54, 7)	(54, 35, 3)	(35, 28, 1)	nan
(92, 54, 7)	(54, 79, 1)	(79, 28, 7)	nan
