(92, 21, 2)	nan
(92, 53, 7)	(53, 21, 5)	nan
(92, 53, 7)	(53, 21, 3)	nan
(92, 53, 7)	(53, 34, 3)	(34, 21, 5)	nan
(92, 53, 7)	(53, 86, 2)	(86, 21, 5)	nan
(92, 53, 7)	(53, 86, 2)	(86, 21, 5)	nan
(92, 53, 7)	(53, 86, 2)	(86, 21, 3)	nan
(92, 53, 7)	(53, 85, 3)	(85, 21, 5)	nan
(92, 53, 7)	(53, 85, 3)	(85, 21, 5)	nan
(92, 53, 7)	(53, 85, 3)	(85, 21, 5)	nan
(92, 53, 7)	(53, 85, 3)	(85, 21, 5)	nan
(92, 53, 7)	(53, 85, 3)	(85, 21, 5)	nan
(92, 53, 7)	(53, 85, 3)	(85, 21, 5)	nan
(92, 53, 7)	(53, 85, 3)	(85, 21, 5)	nan
(92, 53, 7)	(53, 85, 3)	(85, 21, 5)	nan
(92, 53, 7)	(53, 74, 3)	(74, 21, 5)	nan
(92, 53, 7)	(53, 74, 3)	(74, 21, 0)	nan
(92, 53, 7)	(53, 90, 7)	(90, 21, 5)	nan
(92, 53, 7)	(53, 90, 7)	(90, 21, 6)	nan
(92, 53, 7)	(53, 56, 5)	(56, 21, 5)	nan
(92, 29, 7)	(29, 21, 5)	nan
(92, 29, 7)	(29, 21, 5)	nan
(92, 29, 7)	(29, 21, 0)	nan
(92, 29, 7)	(29, 21, 2)	nan
(92, 29, 7)	(29, 50, 5)	(50, 21, 5)	nan
(92, 29, 7)	(29, 50, 5)	(50, 21, 6)	nan
(92, 29, 7)	(29, 35, 1)	(35, 21, 5)	nan
(92, 29, 7)	(29, 35, 1)	(35, 21, 3)	nan
(92, 29, 7)	(29, 52, 7)	(52, 21, 5)	nan
(92, 29, 7)	(29, 52, 7)	(52, 21, 5)	nan
(92, 29, 7)	(29, 52, 7)	(52, 21, 8)	nan
(92, 29, 7)	(29, 52, 7)	(52, 21, 4)	nan
(92, 29, 7)	(29, 76, 3)	(76, 21, 5)	nan
(92, 29, 7)	(29, 76, 3)	(76, 21, 5)	nan
(92, 29, 7)	(29, 76, 3)	(76, 21, 5)	nan
(92, 29, 7)	(29, 76, 3)	(76, 21, 5)	nan
(92, 29, 7)	(29, 86, 1)	(86, 21, 5)	nan
(92, 29, 7)	(29, 86, 1)	(86, 21, 5)	nan
(92, 29, 7)	(29, 86, 1)	(86, 21, 3)	nan
(92, 29, 7)	(29, 61, 7)	(61, 21, 5)	nan
(92, 40, 7)	(40, 30, 8)	(30, 21, 5)	nan
(92, 40, 7)	(40, 30, 8)	(30, 21, 3)	nan
(92, 40, 7)	(40, 30, 5)	(30, 21, 5)	nan
(92, 40, 7)	(40, 30, 5)	(30, 21, 3)	nan
(92, 40, 7)	(40, 36, 5)	(36, 21, 5)	nan
(92, 40, 7)	(40, 36, 5)	(36, 21, 5)	nan
(92, 40, 7)	(40, 36, 5)	(36, 21, 6)	nan
(92, 40, 7)	(40, 36, 5)	(36, 21, 6)	nan
(92, 40, 7)	(40, 78, 0)	(78, 21, 5)	nan
(92, 40, 7)	(40, 78, 0)	(78, 21, 5)	nan
