(92, 6, 3)	nan
(92, 53, 7)	(53, 6, 1)	nan
(92, 53, 7)	(53, 6, 3)	nan
(92, 53, 7)	(53, 34, 3)	(34, 6, 1)	nan
(92, 53, 7)	(53, 34, 3)	(34, 6, 6)	nan
(92, 53, 7)	(53, 85, 3)	(85, 6, 1)	nan
(92, 53, 7)	(53, 85, 3)	(85, 6, 1)	nan
(92, 53, 7)	(53, 85, 3)	(85, 6, 2)	nan
(92, 53, 7)	(53, 85, 3)	(85, 6, 5)	nan
(92, 53, 7)	(53, 74, 3)	(74, 6, 1)	nan
(92, 53, 7)	(53, 74, 3)	(74, 6, 1)	nan
(92, 53, 7)	(53, 74, 3)	(74, 6, 3)	nan
(92, 53, 7)	(53, 74, 3)	(74, 6, 2)	nan
(92, 53, 7)	(53, 90, 7)	(90, 6, 0)	nan
(92, 53, 7)	(53, 56, 5)	(56, 6, 5)	nan
(92, 53, 7)	(53, 44, 3)	(44, 6, 8)	nan
(92, 29, 7)	(29, 6, 1)	nan
(92, 29, 7)	(29, 6, 2)	nan
(92, 29, 7)	(29, 50, 5)	(50, 6, 1)	nan
(92, 29, 7)	(29, 50, 5)	(50, 6, 1)	nan
(92, 29, 7)	(29, 50, 5)	(50, 6, 5)	nan
(92, 29, 7)	(29, 50, 5)	(50, 6, 7)	nan
(92, 29, 7)	(29, 88, 0)	(88, 6, 1)	nan
(92, 29, 7)	(29, 35, 1)	(35, 6, 1)	nan
(92, 29, 7)	(29, 35, 1)	(35, 6, 1)	nan
(92, 29, 7)	(29, 52, 7)	(52, 6, 1)	nan
(92, 29, 7)	(29, 52, 7)	(52, 6, 0)	nan
(92, 29, 7)	(29, 76, 3)	(76, 6, 1)	nan
(92, 29, 7)	(29, 76, 3)	(76, 6, 1)	nan
(92, 29, 7)	(29, 76, 3)	(76, 6, 1)	nan
(92, 29, 7)	(29, 76, 3)	(76, 6, 1)	nan
(92, 29, 7)	(29, 76, 3)	(76, 6, 1)	nan
(92, 29, 7)	(29, 76, 3)	(76, 6, 1)	nan
(92, 29, 7)	(29, 76, 3)	(76, 6, 1)	nan
(92, 29, 7)	(29, 61, 7)	(61, 6, 1)	nan
(92, 29, 7)	(29, 61, 7)	(61, 6, 1)	nan
(92, 40, 7)	(40, 6, 1)	nan
(92, 40, 7)	(40, 6, 1)	nan
(92, 40, 7)	(40, 6, 8)	nan
(92, 40, 7)	(40, 6, 3)	nan
(92, 40, 7)	(40, 78, 0)	(78, 6, 1)	nan
(92, 40, 7)	(40, 84, 7)	(84, 6, 1)	nan
(92, 40, 7)	(40, 84, 7)	(84, 6, 1)	nan
(92, 40, 7)	(40, 84, 7)	(84, 6, 8)	nan
(92, 40, 7)	(40, 84, 7)	(84, 6, 2)	nan
(92, 40, 7)	(40, 90, 8)	(90, 6, 0)	nan
(92, 54, 7)	(54, 6, 1)	nan
(92, 54, 7)	(54, 6, 1)	nan
(92, 54, 7)	(54, 6, 7)	nan
(92, 54, 7)	(54, 35, 3)	(35, 6, 1)	nan
